0  1       2     3     4    5    6    7           8   9    10    11   12   13   14     15                  16                  17                  18                 19             20                  21                    22      23    24      23
0  name    phase B-V        d15       M_B         v^dot    v0(Si 2)   R(Si 2)   T(RC3) Ni/Fe               vFe                 vNi                 wFe                wNi            flux_ratio          high_ratio            [Z/H](host)               0
1  1986G   256   1.1   0.10 1.81 0.07 -19.47(0.5) 64  5    10.48 0.15 0.53 0.05 -2.2   0.05233904929537978 483.6796111811648 -1129.7245805613866 8545.489724761565 3045.2370647117236 0.2652010621140056 0.721708957297445     0                    1
2  1990N   227   0.02  0.06 0.95 0.05 -19.23 41  5    9.38 0.15 0.21 0.05 3.8    0.03116091987065275 -1292.738066489596 -2998.077904691487 7900.622812637543 6119.868972360586 0.1578918447583653 0.19767415484646153    0                      2
3  1990N   280   0.02  0.06 0.95 0.05 -17.48 64  5    9.38 0.15 0.21 0.05 3.8    0.05793968739324732 -1035.731643866411 -2574.0703616852543 7842.315060169828 7222.846217326546 0.29357939897848045 0.30912382724837334  0                      3
4  1990N   305   0.02  0.06 0.95 0.05 -17.48 64  5    9.38 0.15 0.21 0.05 3.8    0.07142701313451613 -1239.3438097475284 -3089.2181055291567 7285.922913729393 9088.14030075242 0.36191944641563933 0.28137950106561005  0                      4
5  1998bu  237   0.34  0.06 1.06 0.04 -19.12 10  5    10.50 0.10 0.21 0.05 2.0    0.09703862350467218 -1259.0127395832762 -1902.7842312340226 6964.637954196752 4621.099145656294 0.49169303542913034 0.7186514444311813  0                       7     
6  1998bu  281   0.34  0.06 1.06 0.04 -19.12 10  5    10.50 0.10 0.21 0.05 2.0    0.11152670668977963 -1278.011961123171 -1774.9628803634732 7301.650169071013 5466.308483885619 0.5651039036128926 0.7320254482047558    0                    8
7  1999aa  258   0.03  0.06 0.81 0.02 -19.80 14  3.5  10.50 0.20 0.00 0.00 0.0    0.04397158164988147 555.3325836024303 -81.15045518294339 7489.060308563758 3762.944339146301 0.22280324754409872 0.43002334939586856    -0.04   0.132 0.013  9
10 2002bo  311   0.43  0.10 1.15 0.03 -19.42 245 8    13.20 0.20 0.00 0.00 0.0    0.18947701425636795 1565.0195970343893 1093.835493725437 5325.38637418536 5457.5372863089015 0.9600767706610814 0.9085134483119178
0  2002er  213   0.36  0.05 1.32 0.03 0     0   0     11.7  0.30 0.00 0.00 0.0	  0.06920152329697282 836.2840544098083 434.0609916736904 9494.727291247757 4765.943361033232 0.35064292770568806 0.6774382112060623
0  2003cg  384   1.33  0.11 1.17 0.04 0     0   0     10.9  0.30 0.00 0.00 0.0    0.10358146808017604 -931.4237617239152 -1385.048545722356 9394.862211275586 10057.389147775464 0.5248455163020236 0.4754530515065838    
8  2003du  219   0.01  0.06 1.00 0.02 -18.93 31  5    10.40 0.30 0.22 0.03 8.0    0.1410260343871167 -1660.259606189629 -2297.344672645618 6998.6084600217955 10557.88821366507 0.7145764894222321 0.4593612409773331     -0.73
9  2003du  375   0.01  0.06 1.00 0.02 -18.93 31  5    10.32 0.30 0.22 0.03 8.0    0.09917626986927348 -887.5519663911091 -2105.562647399606 7022.208851940971 9055.383421900051 0.5025244527733208 0.37791583062940276    -0.73
10 2003gs  207   0.07  0.06 1.93 0.07 -17.94 0   0    11.40 0.30 0.00 0.00 0.0    0.05372200815310044 1718.4944724158102 1090.6946359158676 9737.59470682415 4661.939370085267 0.2722084908477153 0.5513885310712812      0
11 2003hv  319   -0.03 0.06 1.45 0.07 -18.99 41  6    11.30 0.30 0.40 0.05 0.0    0.1556962790539912 -2902.754154441056 -4185.345673767282 6991.070516495667 5524.23942762225 0.7889103666994198 0.9682106149270092       0
0  2003kf  400   0.27  0.06 0.93 0.04 0     0   0     11.1  0.30 0.00 0.00 0.0    0.03735012300275648 -389.7080980477807 -501.44734049539784 9620.944681992007 4853.870492875148 0.1892524305231154 0.3637826530115791
12 2004eo  227   0.23  0.06 1.40 0.03 -19.08 0   0    10.70 0.30 0.00 0.00 0.0    0.14063438670039038 -721.9052926048741 -2550.7835796671043 6777.460244962994 8557.448676437169 0.7125920173331779 0.5473115532685938    0
13 2005cf  317   0.18  0.06 1.07 0.03 -19.39 107 149  10.10 0.30 0.00 0.00 0.0    0.04127383378151575 486.53300754855076 597.7040843530679 8458.037467264749 5985.8783572624525 0.20913380551872482 0.28657410518894344   0
13 2006X   276   1.42  0.06 1.26 0.05 -19.10 185 6    16.10 0.20 0.12 0.06 0.0    0.14485984951706307 2612.3436955922452 2156.235673624085 6807.827023959005 5817.5946106389565 0.7340023647122572 0.8329779474253002     0
14 2006X   359   1.42  0.06 1.26 0.05 -19.10 185 6    16.10 0.20 0.12 0.06 0.0    0.1657556095525636 2734.612328595354 2232.8862834200213 7800.442362398659 5987.044231012655 0.839880821231782 1.061195542240293         0
15 2007af  303   0.21  0.06 1.16 0.03 -19.28 0   0    10.80 0.20 0.00 0.00 0.0    0.06986550266163306 348.69937954729033 -402.828478452677 6487.34502217327 6289.5935900699415 0.35400729972047024 0.3541013779075884     -1.27
16 2007le  306   0.37  0.30 1.02 0.05 -19.34 93  12.5 12.90 0.60 0.00 0.00 0.0    0.08913624881375902 1569.3101022794754 781.1022931202283 6730.344892413394 6318.987276752284 0.45165183885665067 0.4665139222536716     0
17 2008Q   200   0.07  0.06 1.25 0.08 -18.55 83  16   11.09 0.10 0.00 0.00 0.0    0.20121755175776537 -1706.0973918164634 -1950.1968982778671 7497.348984519689 5398.8514640600915 1.0195658721460557 1.373069830387149   0
18 2011by  207   0.01  0.07 1.14 0.03 -18.47 53  9    10.35 0.14 0.00 0.00 0.0    0.07466074845849993 -1175.2331473225186 -2874.0114416375804 6312.908443516446 5238.420503682126 0.3783047276552011 0.4421217588413645   -0.74
19 2011by  311   0.01  0.07 1.14 0.03 -18.47 53  9    10.35 0.14 0.00 0.00 0.0    0.08754671676519712 -1165.5284498345297 -2323.635997638551 6557.73659885148 5513.106328667253 0.4435977073197204 0.5117029021517683     -0.74
20 2011fe  203   0.01  0.06 1.18 0.03 -19.07 60  3    10.40 0.20 0.26 0.00 0.0    0.07466074845849993 -1175.2331473225186 -2874.0114416375804 6312.908443516446 5238.420503682126 0.3783047276552011 0.4421217588413645
21 2011fe  224   0.01  0.06 1.18 0.03 -19.07 60  3    10.40 0.20 0.26 0.00 0.0    0.0719992588221195 -874.6607270329165 -2539.735846363189 6675.422213332923 5401.562749840176 0.3648190054673543 0.4372277884816615
22 2011fe  309   0.01  0.06 1.18 0.03 -19.07 60  3    10.40 0.20 0.26 0.00 0.0    0.07379809033414739 -618.1798237986369 -1322.8321155306478 7803.600379171217 5857.116720527038 0.3739336537839803 0.48314410258499263
23 2011fe  345   0.01  0.06 1.18 0.03 -19.07 60  3    10.40 0.20 0.26 0.00 0.0    0.09010480392245655 -598.7603918963691 -1808.8161493165833 7791.467135917217 6585.372654915496 0.4565594909252413 0.5238503636134829
24 2011fe  378   0.01  0.06 1.18 0.03 -19.07 60  3    10.40 0.20 0.26 0.00 0.0    0.10436918624366243 -719.0468666632977 -2042.7333582143438 7868.248282278022 7486.8551805683055 0.5288368706811242 0.538978370328175
25 2012cg  286   0.20  0.06 0.83 0.03 -19.73 28  0    10.00 0.20 0.17 0.00 0.0    0.04771713385118079 -968.7715143526177 -2347.87033430478 6900.08866815401 5578.721264821345 0.24178189609352346 0.2900112031136294      -0.68
26 2012cg  342   0.20  0.06 0.83 0.03 -19.73 28  0    10.00 0.20 0.17 0.00 0.0    0.06247470234098304 -799.018250653094 -1829.490033233916 7476.19159512017 6591.036704541585 0.3165582416787923 0.3482180704627467       -0.68
00 2012fr  222   0.03  0.06 0.85 0.05 -19.40 0   0    11.90 0.10 0.00 0.00 0.0    0.042325153438407204 2413.833464849624 2955.6123714962855 7054.1625373984 5171.9663874747075 0.21446082412877726 0.28366694153985467
00 2012fr  261   0.03  0.06 0.85 0.05 -19.40 0   0    11.90 0.10 0.00 0.00 0.0    0.04754060480391562 2294.5427655035824 2530.3622662908197 6618.229786618907 5300.34676876991 0.24088742644879443 0.29169076347115735
00 2012fr  340   0.03  0.06 0.85 0.05 -19.40 0   0    11.90 0.10 0.00 0.00 0.0    0.07723141055237909 2178.836651769345 2185.3538976535747 7308.707022337482 5295.142516963497 0.39133022824818076 0.5238142187075776
00 2012fr  367   0.03  0.06 0.85 0.05 -19.40 0   0    11.90 0.10 0.00 0.00 0.0    0.04864447484687489 2106.7357370711416 2984.5887854158536 7764.188680101811 4577.30619468754 0.24648071696075016 0.40545256426369086
27 2012hr  284   0.04  0.06 1.04 0.01 -19.40 120 80   11.50 0.20 0.00 0.00 0.0    0.04407512379647276 231.50342421303094 -716.6881563464677 7380.55511789284 8277.359668450745 0.22332789381909318 0.19311284348377922
28 2013aa  205   0.21  0.06 0.95 0.01 -20.10 50  10   10.20 0.20 0.00 0.00 0.0    0.09957799872396518 -1379.6083785844514 -4367.92731476271 6024.580505299052 9862.748502712227 0.5045600059669758 0.2988908799292749
29 2013aa  353   0.21  0.06 0.95 0.01 -20.10 50  10   10.20 0.20 0.00 0.00 0.0    0.08388289634122024 -1232.6043781655248 -2469.432666301641 6397.83296956997 8459.964890327303 0.42503319227952413 0.31171533708027305
30 2013aa  400   0.21  0.06 0.95 0.01 -20.10 50  10   10.20 0.20 0.00 0.00 0.0    0.06266944949963456 -828.2923523027285 -2124.334301922437 7190.909697151911 6593.95457688989 0.3175450221804134 0.335825894476335
31 2013aa  426   0.21  0.06 0.95 0.01 -20.10 50  10   10.20 0.20 0.00 0.00 0.0    0.06189539290777434 -844.5613093247206 -1912.2704254796786 8014.308352531211 7808.989580649621 0.31362289074965016 0.31214037325554805
32 2013cs  261   0.08  0.06 0.81 0.18 -19.0  0   0    12.50 0.20 0.00 0.00 0.0    0.05161674850914779 1889.1985964370806 2310.087012240558 7321.917217751743 5109.538543993368 0.2615411764597315 0.3634579685871107
33 2013cs  303   0.08  0.06 0.81 0.18 -19.0  0   0    12.50 0.20 0.00 0.00 0.0    0.07042335197819971 1599.7805698724221 1126.5889916649562 6921.176047737575 6968.472253115384 0.3568339126078791 0.3436999192951495
34 2013dy  333   0.28  0.06 0.92 0.01 -19.66 25  20   10.30 0.20 0.00 0.00 0.0    0.04216947837736048 -1050.929210884155 -1967.8328210216423 7120.224041466881 5619.76372716543 0.21367202127335552 0.26253925459584454
35 2013gy  275   0.155 0.06 1.20 0.03 -19.1  0   0    10.70 0.20 0.00 0.00 0.0    0.05791704282270738 -98.36044427410373 -615.597498364051 7845.039153142208 6175.962842434979 0.2934646593292289 0.3615074375279186
36 2014J   211   1.19  0.06 0.98 0.02 -19.19 42  0    12.10 0.20 0.00 0.00 0.0    0.09470928093833045 268.757861425839 321.3050279348817 7209.2530686658765 8482.796506035113 0.47989029672948574 0.39551611030223777
37 2014J   230   1.19  0.06 0.98 0.02 -19.19 42  0    12.10 0.20 0.00 0.00 0.0    0.10519122178976356 593.0919447643568 -11.432694439050817 6973.448376329454 9425.69689354791 0.5330021106473903 0.3824142229239295
38 2014J   263   1.19  0.06 0.98 0.02 -19.19 42  0    12.10 0.20 0.00 0.00 0.0    0.09510275638038646 616.974150158378 -170.52625972721057 6854.9910566124245 9004.63656389313 0.4818840300233429 0.35575763101541746
39 2014J   267   1.19  0.06 0.98 0.02 -19.19 42  0    12.10 0.20 0.00 0.00 0.0    0.10468133635174268 510.39802594115 -126.58624696293418 6899.864626114709 9079.598515308235 0.5304185299071964 0.39089813610181373
40 2014J   303   1.19  0.06 0.98 0.02 -19.19 42  0    12.10 0.20 0.00 0.00 0.0    0.09793916547409809 664.0454250091077 2.761202888734715 7010.096737288767 8758.954676021274 0.49625606609142164 0.38516653602556444
41 2014J   349   1.19  0.06 0.98 0.02 -19.19 42  0    12.10 0.20 0.00 0.00 0.0    0.11350990147052707 701.5692728976841 446.9596119398345 7226.485969941759 8311.070109181059 0.5751527174395437 0.484980616471511
42 2014J   426   1.19  0.06 0.98 0.02 -19.19 42  0    12.10 0.20 0.00 0.00 0.0    0.11577450989721559 1033.5704831040625 573.9562330202564 8655.636840722313 8756.82273816838 0.5866274493675294 0.5623229853574551
43 2015F   279   0.21  0.06 1.18 0.02 -19.28 50  0    10.10 0.20 0.00 0.00 0.0    0.14881882885101103 -292.20172631793105 -928.0150953277389 7241.001230749504 8362.486766767273 0.754062444870096 0.6332008319673305
44 2017cbv 318   0.16  0.06 0.99 0.01 -20.40 19  8    9.30  0.06 0.00 0.00 0.0    0.08588253445502075 -980.6661893483115 -1462.151071718154 6605.073692417203 9134.985273748356 0.4351653241917932 0.3051371493545452
45 2017fgc 384   0.20  0.02 1.05 0.07 -19.34 0   0    15.00 0.15 0.00 0.00 0.0    0.08099196645070011 2246.3884837832015 1593.0861968474373 8952.857583901561 4568.700402192899 0.4103849002722266 0.7798864172524166
46 2018oh  259   0.04  0.02 0.96 0.03 -19.47 69  4    10.30 0.20 0.00 0.00 0.0    0.059095495355160385 -1689.524488143257 -3987.1618602305925 5983.715928475842 5176.669266410117 0.29943585803201206 0.3356567169515198  -0.07
47 2019ein 310.8 0.10  0.02 1.35 0.01 0      235 62   13.26 0.80 0.00 0.00 0.0    0.10100589002994269 2167.433620074721 2223.0749844454945 8797.11516492316 4859.237876188845 0.5117951066427924 0.8985437632015022
48 2019np  303.0 0.10  0.02 0.95 0.01 0.00   0   0    10.00 0.10 0.00 0.00 0.0    0.04862697240763079 -1633.650767279704 -3305.905575268209 6344.682935344013 4932.192252860747 0.2463920324022874 0.307374315255657
49 2019np  367.8 0.10  0.02 0.95 0.01 0.00   0   0    10.00 0.10 0.00 0.00 0.0    0.04881261281928499 -1484.1827068603043 -2914.8561112461666 7055.187099703956 4502.33169426748 0.24733266917358465 0.37585775900396656
50 ASASSN-14jg  222   0.01  0.06 0.92 0.01 -19.3  0   0    10.20 0.20 0.00 0.00 0.0    0.02495532293542864 1747.428368681714 928.1987342310894 7095.846714631445 4095.117139965381 0.12644819187531361 0.21248168753208735
51 ASASSN-14jg  268   0.01  0.06 0.92 0.01 -19.3  0   0    10.20 0.20 0.00 0.00 0.0    0.02595577623842645 1812.462909413215 601.6936493518976 6660.493530954564 4635.685422011322 0.1315174715455102 0.1832512272620256
52 ASASSN-14jg  325   0.01  0.06 0.92 0.01 -19.3  0   0    10.20 0.20 0.00 0.00 0.0    0.041372079254503966 1741.2319446501679 1527.490625297734 7145.809712432018 5667.484659930314 0.2096316136397192 0.25632375599778373