phase 367
delta 0.85 0.05
ebv 0.0177
Rv 3.1
redshift 0.004
flux_scale 1e16
resolution 3
vSi 11.90 0.10
3501.18154 3.3822e-18 3.3822e-18
3504.332313 4.420603e-17 4.420603e-17
3507.483085 -1.397975e-18 -1.397975e-18
3510.633858 4.840317e-17 4.840317e-17
3513.784631 3.149693e-17 3.149693e-17
3516.935404 -1.200295e-18 -1.200295e-18
3520.086176 2.843075e-17 2.843075e-17
3523.236949 5.65797e-17 5.65797e-17
3526.387722 4.023797e-17 4.023797e-17
3529.538495 5.482097e-17 5.482097e-17
3532.689267 2.945193e-17 2.945193e-17
3535.84004 6.320995e-17 6.320995e-17
3538.990813 5.981198e-17 5.981198e-17
3542.141586 4.487457e-17 4.487457e-17
3545.292358 -8.113574e-18 -8.113574e-18
3548.443131 3.4352e-19 3.4352e-19
3551.593904 9.475034e-17 9.475034e-17
3554.744677 -5.755825e-17 -5.755825e-17
3557.895449 3.087975e-17 3.087975e-17
3561.046222 2.236967e-17 2.236967e-17
3564.196995 1.857067e-17 1.857067e-17
3567.347768 5.967039e-17 5.967039e-17
3570.49854 3.496832e-17 3.496832e-17
3573.649313 -5.3369e-18 -5.3369e-18
3576.800086 3.81988e-17 3.81988e-17
3579.950859 6.221567e-17 6.221567e-17
3583.101631 3.670017e-17 3.670017e-17
3586.252404 1.566167e-17 1.566167e-17
3589.403177 4.224195e-17 4.224195e-17
3592.55395 4.537738e-17 4.537738e-17
3595.704722 4.215646e-17 4.215646e-17
3598.855495 2.894437e-17 2.894437e-17
3602.006268 -1.048812e-17 -1.048812e-17
3605.157041 4.00887e-17 4.00887e-17
3608.307813 1.17432e-17 1.17432e-17
3611.458586 3.106185e-17 3.106185e-17
3614.609359 4.290303e-17 4.290303e-17
3617.760132 4.027476e-17 4.027476e-17
3620.910904 7.860675e-18 7.860675e-18
3624.061677 -2.083409e-17 -2.083409e-17
3627.21245 1.71217e-17 1.71217e-17
3630.363223 3.515977e-17 3.515977e-17
3633.513995 3.63876e-17 3.63876e-17
3636.664768 7.698647e-18 7.698647e-18
3639.815541 4.04598e-17 4.04598e-17
3642.966314 5.478737e-18 5.478737e-18
3646.117086 5.979665e-17 5.979665e-17
3649.267859 6.508223e-17 6.508223e-17
3652.418632 5.507322e-17 5.507322e-17
3655.569405 2.262505e-17 2.262505e-17
3658.720177 3.219492e-17 3.219492e-17
3661.87095 3.012707e-17 3.012707e-17
3665.021723 1.211446e-17 1.211446e-17
3668.172496 -8.92049e-18 -8.92049e-18
3671.323268 -5.38434e-18 -5.38434e-18
3674.474041 3.021927e-17 3.021927e-17
3677.624814 1.757138e-17 1.757138e-17
3680.775587 -2.166457e-17 -2.166457e-17
3683.926359 -1.642503e-17 -1.642503e-17
3687.077132 -3.216695e-17 -3.216695e-17
3690.227905 2.681544e-17 2.681544e-17
3693.378678 2.059243e-17 2.059243e-17
3696.52945 9.82835e-18 9.82835e-18
3699.680223 1.853588e-17 1.853588e-17
3702.830996 9.58714e-18 9.58714e-18
3705.981769 4.627825e-17 4.627825e-17
3709.132541 1.66654e-17 1.66654e-17
3712.283314 4.770012e-17 4.770012e-17
3715.434087 2.030205e-17 2.030205e-17
3718.58486 5.04735e-18 5.04735e-18
3721.735632 2.347493e-17 2.347493e-17
3724.886405 1.010182e-17 1.010182e-17
3728.037178 3.24678e-17 3.24678e-17
3731.187951 -1.756495e-17 -1.756495e-17
3734.338723 -1.166807e-17 -1.166807e-17
3737.489496 2.17405e-17 2.17405e-17
3740.640269 1.028145e-17 1.028145e-17
3743.791042 2.345389e-17 2.345389e-17
3746.941814 1.678406e-17 1.678406e-17
3750.092587 2.469909e-17 2.469909e-17
3753.24336 -1.0839e-17 -1.0839e-17
3756.394133 7.704975e-18 7.704975e-18
3759.544905 6.488107e-18 6.488107e-18
3762.695678 -9.5505e-20 -9.5505e-20
3765.846451 -2.282492e-17 -2.282492e-17
3768.997224 2.168052e-17 2.168052e-17
3772.147996 1.140455e-17 1.140455e-17
3775.298769 2.070592e-17 2.070592e-17
3778.449542 1.113727e-17 1.113727e-17
3781.600315 1.403644e-17 1.403644e-17
3784.751087 2.185912e-17 2.185912e-17
3787.90186 7.868525e-18 7.868525e-18
3791.052633 -1.806868e-17 -1.806868e-17
3794.203406 9.915197e-18 9.915197e-18
3797.354178 6.117815e-18 6.117815e-18
3800.504951 3.653165e-17 3.653165e-17
3803.655724 1.170892e-17 1.170892e-17
3806.806497 1.077345e-17 1.077345e-17
3809.957269 2.591689e-17 2.591689e-17
3813.108042 1.794625e-18 1.794625e-18
3816.258815 -1.522964e-17 -1.522964e-17
3819.409588 1.732468e-18 1.732468e-18
3822.56036 -8.696125e-18 -8.696125e-18
3825.711133 -2.174428e-17 -2.174428e-17
3828.861906 9.1974e-18 9.1974e-18
3832.012679 7.44159e-18 7.44159e-18
3835.163451 1.395149e-17 1.395149e-17
3838.314224 -2.039996e-17 -2.039996e-17
3841.464997 9.257168e-18 9.257168e-18
3844.61577 4.709275e-17 4.709275e-17
3847.766542 -9.839175e-19 -9.839175e-19
3850.917315 2.411689e-18 2.411689e-18
3854.068088 2.200317e-17 2.200317e-17
3857.218861 1.174857e-17 1.174857e-17
3860.369633 1.364111e-17 1.364111e-17
3863.520406 1.550785e-17 1.550785e-17
3866.671179 2.570345e-17 2.570345e-17
3869.821952 1.969609e-17 1.969609e-17
3872.972724 2.951547e-17 2.951547e-17
3876.123497 1.473155e-17 1.473155e-17
3879.27427 2.920027e-18 2.920027e-18
3882.425043 2.366684e-17 2.366684e-17
3885.575815 2.128689e-17 2.128689e-17
3888.726588 1.190125e-17 1.190125e-17
3891.877361 1.980373e-17 1.980373e-17
3895.028134 6.46136e-18 6.46136e-18
3898.178906 2.88375e-18 2.88375e-18
3901.329679 1.088391e-17 1.088391e-17
3904.480452 2.154908e-17 2.154908e-17
3907.631225 5.365378e-18 5.365378e-18
3910.781997 4.277702e-17 4.277702e-17
3913.93277 3.1754e-17 3.1754e-17
3917.083543 2.853325e-18 2.853325e-18
3920.234316 1.028202e-17 1.028202e-17
3923.385088 1.93108e-19 1.93108e-19
3926.535861 1.12887e-17 1.12887e-17
3929.686634 5.042559e-18 5.042559e-18
3932.837407 1.779518e-17 1.779518e-17
3935.988179 1.737314e-17 1.737314e-17
3939.138952 1.239356e-17 1.239356e-17
3942.289725 2.581993e-17 2.581993e-17
3945.440498 -8.867858e-18 -8.867858e-18
3948.59127 1.055599e-17 1.055599e-17
3951.742043 1.174364e-17 1.174364e-17
3954.892816 1.987083e-17 1.987083e-17
3958.043589 1.992312e-17 1.992312e-17
3961.194361 3.475805e-17 3.475805e-17
3964.345134 2.562303e-17 2.562303e-17
3967.495907 1.240443e-17 1.240443e-17
3970.64668 1.431211e-17 1.431211e-17
3973.797452 -2.346912e-18 -2.346912e-18
3976.948225 2.436067e-17 2.436067e-17
3980.098998 2.641962e-17 2.641962e-17
3983.249771 3.941862e-17 3.941862e-17
3986.400543 2.791192e-17 2.791192e-17
3989.551316 3.492237e-17 3.492237e-17
3992.702089 1.85083e-17 1.85083e-17
3995.852862 9.522393e-18 9.522393e-18
3999.003634 1.455858e-17 1.455858e-17
4002.154407 2.22946e-17 2.22946e-17
4005.30518 1.977569e-17 1.977569e-17
4008.455953 7.204781e-18 7.204781e-18
4011.606725 1.55611e-17 1.55611e-17
4014.757498 2.666455e-17 2.666455e-17
4017.908271 2.431853e-17 2.431853e-17
4021.059044 1.131899e-17 1.131899e-17
4024.209816 3.433042e-17 3.433042e-17
4027.360589 1.32534e-17 1.32534e-17
4030.511362 2.08233e-17 2.08233e-17
4033.662135 2.781042e-17 2.781042e-17
4036.812907 1.945716e-17 1.945716e-17
4039.96368 1.789822e-17 1.789822e-17
4043.114453 9.021145e-18 9.021145e-18
4046.265226 1.988756e-17 1.988756e-17
4049.415998 2.205595e-17 2.205595e-17
4052.566771 3.665512e-17 3.665512e-17
4055.717544 -4.63075e-19 -4.63075e-19
4058.868317 1.692881e-17 1.692881e-17
4062.019089 2.225712e-17 2.225712e-17
4065.169862 3.531383e-18 3.531383e-18
4068.320635 2.737451e-17 2.737451e-17
4071.471408 1.162355e-17 1.162355e-17
4074.62218 2.128745e-17 2.128745e-17
4077.772953 1.237201e-17 1.237201e-17
4080.923726 -2.45707e-18 -2.45707e-18
4084.074499 -1.012519e-17 -1.012519e-17
4087.225271 2.426855e-17 2.426855e-17
4090.376044 7.876457e-18 7.876457e-18
4093.526817 1.679037e-18 1.679037e-18
4096.67759 2.438243e-17 2.438243e-17
4099.828362 1.91902e-17 1.91902e-17
4102.979135 1.037769e-17 1.037769e-17
4106.129908 3.065833e-17 3.065833e-17
4109.280681 3.100267e-17 3.100267e-17
4112.431453 1.711655e-17 1.711655e-17
4115.582226 1.265055e-18 1.265055e-18
4118.732999 2.218536e-17 2.218536e-17
4121.883772 2.223868e-17 2.223868e-17
4125.034544 2.385602e-17 2.385602e-17
4128.185317 1.333373e-17 1.333373e-17
4131.33609 1.615842e-17 1.615842e-17
4134.486863 1.558621e-17 1.558621e-17
4137.637635 1.152336e-17 1.152336e-17
4140.788408 5.639732e-18 5.639732e-18
4143.939181 2.597238e-17 2.597238e-17
4147.089954 1.367892e-17 1.367892e-17
4150.240726 6.941688e-18 6.941688e-18
4153.391499 9.93832e-18 9.93832e-18
4156.542272 1.380619e-17 1.380619e-17
4159.693045 2.831838e-17 2.831838e-17
4162.843817 1.10602e-17 1.10602e-17
4165.99459 1.094021e-17 1.094021e-17
4169.145363 2.243122e-17 2.243122e-17
4172.296136 1.235839e-17 1.235839e-17
4175.446908 8.360393e-18 8.360393e-18
4178.597681 4.215952e-18 4.215952e-18
4181.748454 7.730283e-18 7.730283e-18
4184.899226 2.42136e-17 2.42136e-17
4188.049999 2.93892e-17 2.93892e-17
4191.200772 3.595522e-17 3.595522e-17
4194.351545 2.02254e-17 2.02254e-17
4197.502317 4.25056e-17 4.25056e-17
4200.65309 3.546825e-17 3.546825e-17
4203.803863 9.244778e-18 9.244778e-18
4206.954636 2.600712e-17 2.600712e-17
4210.105408 4.30728e-18 4.30728e-18
4213.256181 2.228395e-17 2.228395e-17
4216.406954 3.189315e-17 3.189315e-17
4219.557727 1.116893e-17 1.116893e-17
4222.708499 1.874395e-17 1.874395e-17
4225.859272 2.995927e-17 2.995927e-17
4229.010045 3.482167e-18 3.482167e-18
4232.160818 3.97737e-17 3.97737e-17
4235.31159 1.428021e-17 1.428021e-17
4238.462363 4.695587e-17 4.695587e-17
4241.613136 2.783113e-17 2.783113e-17
4244.763909 3.045175e-17 3.045175e-17
4247.914681 1.917078e-17 1.917078e-17
4251.065454 3.506122e-17 3.506122e-17
4254.216227 2.734728e-17 2.734728e-17
4257.367 2.980358e-17 2.980358e-17
4260.517772 2.86211e-17 2.86211e-17
4263.668545 3.123468e-17 3.123468e-17
4266.819318 2.7338e-17 2.7338e-17
4269.970091 1.324584e-17 1.324584e-17
4273.120863 2.399722e-17 2.399722e-17
4276.271636 2.397042e-17 2.397042e-17
4279.422409 2.283021e-17 2.283021e-17
4282.573182 2.607771e-17 2.607771e-17
4285.723954 4.04951e-17 4.04951e-17
4288.874727 3.081887e-17 3.081887e-17
4292.0255 4.122055e-17 4.122055e-17
4295.176273 3.70334e-17 3.70334e-17
4298.327045 3.700715e-17 3.700715e-17
4301.477818 3.531868e-17 3.531868e-17
4304.628591 4.050193e-17 4.050193e-17
4307.779364 3.457962e-17 3.457962e-17
4310.930136 4.177998e-17 4.177998e-17
4314.080909 4.426642e-17 4.426642e-17
4317.231682 2.898265e-17 2.898265e-17
4320.382455 5.21662e-17 5.21662e-17
4323.533227 5.72767e-17 5.72767e-17
4326.684 4.605065e-17 4.605065e-17
4329.834773 3.48819e-17 3.48819e-17
4332.985546 5.068598e-17 5.068598e-17
4336.136318 6.077027e-17 6.077027e-17
4339.287091 3.817455e-17 3.817455e-17
4342.437864 4.080328e-17 4.080328e-17
4345.588637 4.163088e-17 4.163088e-17
4348.739409 5.749807e-17 5.749807e-17
4351.890182 5.003585e-17 5.003585e-17
4355.040955 5.610125e-17 5.610125e-17
4358.191728 5.191865e-17 5.191865e-17
4361.3425 4.878325e-17 4.878325e-17
4364.493273 4.487685e-17 4.487685e-17
4367.644046 4.266338e-17 4.266338e-17
4370.794819 5.821308e-17 5.821308e-17
4373.945591 4.527277e-17 4.527277e-17
4377.096364 4.916e-17 4.916e-17
4380.247137 3.46661e-17 3.46661e-17
4383.39791 3.84502e-17 3.84502e-17
4386.548682 4.8009e-17 4.8009e-17
4389.699455 4.35627e-17 4.35627e-17
4392.850228 3.732838e-17 3.732838e-17
4396.001001 4.169777e-17 4.169777e-17
4399.151773 4.186673e-17 4.186673e-17
4402.302546 4.979112e-17 4.979112e-17
4405.453319 3.90085e-17 3.90085e-17
4408.604092 3.742223e-17 3.742223e-17
4411.754864 3.793508e-17 3.793508e-17
4414.905637 4.675558e-17 4.675558e-17
4418.05641 5.12435e-17 5.12435e-17
4421.207183 5.02293e-17 5.02293e-17
4424.357955 3.327215e-17 3.327215e-17
4427.508728 4.192838e-17 4.192838e-17
4430.659501 3.315397e-17 3.315397e-17
4433.810274 4.16031e-17 4.16031e-17
4436.961046 3.965548e-17 3.965548e-17
4440.111819 5.171682e-17 5.171682e-17
4443.262592 4.345595e-17 4.345595e-17
4446.413365 3.97073e-17 3.97073e-17
4449.564137 3.618385e-17 3.618385e-17
4452.71491 3.721608e-17 3.721608e-17
4455.865683 4.76442e-17 4.76442e-17
4459.016456 4.45186e-17 4.45186e-17
4462.167228 4.721085e-17 4.721085e-17
4465.318001 4.791513e-17 4.791513e-17
4468.468774 5.258453e-17 5.258453e-17
4471.619547 4.544155e-17 4.544155e-17
4474.770319 4.679472e-17 4.679472e-17
4477.921092 4.443078e-17 4.443078e-17
4481.071865 5.08232e-17 5.08232e-17
4484.222638 4.31943e-17 4.31943e-17
4487.37341 4.338335e-17 4.338335e-17
4490.524183 4.650915e-17 4.650915e-17
4493.674956 4.81563e-17 4.81563e-17
4496.825729 4.349015e-17 4.349015e-17
4499.976501 5.03298e-17 5.03298e-17
4503.127274 3.970238e-17 3.970238e-17
4506.278047 3.796913e-17 3.796913e-17
4509.42882 2.97079e-17 2.97079e-17
4512.579592 6.09902e-17 6.09902e-17
4515.730365 3.88231e-17 3.88231e-17
4518.881138 3.90297e-17 3.90297e-17
4522.031911 5.107557e-17 5.107557e-17
4525.182683 3.657223e-17 3.657223e-17
4528.333456 5.109945e-17 5.109945e-17
4531.484229 4.957093e-17 4.957093e-17
4534.635002 3.969615e-17 3.969615e-17
4537.785774 4.369405e-17 4.369405e-17
4540.936547 4.88366e-17 4.88366e-17
4544.08732 4.507187e-17 4.507187e-17
4547.238093 4.55706e-17 4.55706e-17
4550.388865 6.108287e-17 6.108287e-17
4553.539638 5.727975e-17 5.727975e-17
4556.690411 6.12349e-17 6.12349e-17
4559.841184 6.040358e-17 6.040358e-17
4562.991956 5.28588e-17 5.28588e-17
4566.142729 5.188938e-17 5.188938e-17
4569.293502 5.872177e-17 5.872177e-17
4572.444275 6.551953e-17 6.551953e-17
4575.595047 6.655065e-17 6.655065e-17
4578.74582 5.49471e-17 5.49471e-17
4581.896593 6.640283e-17 6.640283e-17
4585.047366 6.898033e-17 6.898033e-17
4588.198138 7.890297e-17 7.890297e-17
4591.348911 8.27909e-17 8.27909e-17
4594.499684 7.950267e-17 7.950267e-17
4597.650457 6.504497e-17 6.504497e-17
4600.801229 8.293288e-17 8.293288e-17
4603.952002 7.416402e-17 7.416402e-17
4607.102775 8.514773e-17 8.514773e-17
4610.253548 7.805237e-17 7.805237e-17
4613.40432 9.881628e-17 9.881628e-17
4616.555093 8.987083e-17 8.987083e-17
4619.705866 9.906952e-17 9.906952e-17
4622.856639 8.469675e-17 8.469675e-17
4626.007411 9.373207e-17 9.373207e-17
4629.158184 9.65909e-17 9.65909e-17
4632.308957 8.576972e-17 8.576972e-17
4635.45973 9.025627e-17 9.025627e-17
4638.610502 1.024311e-16 1.024311e-16
4641.761275 9.258693e-17 9.258693e-17
4644.912048 9.54334e-17 9.54334e-17
4648.062821 9.573787e-17 9.573787e-17
4651.213593 9.863145e-17 9.863145e-17
4654.364366 1.114508e-16 1.114508e-16
4657.515139 1.019011e-16 1.019011e-16
4660.665912 1.131822e-16 1.131822e-16
4663.816684 1.043147e-16 1.043147e-16
4666.967457 1.048021e-16 1.048021e-16
4670.11823 1.101102e-16 1.101102e-16
4673.269003 1.135852e-16 1.135852e-16
4676.419775 1.037787e-16 1.037787e-16
4679.570548 1.133015e-16 1.133015e-16
4682.721321 1.082551e-16 1.082551e-16
4685.872094 1.14095e-16 1.14095e-16
4689.022866 1.177373e-16 1.177373e-16
4692.173639 1.143735e-16 1.143735e-16
4695.324412 1.090628e-16 1.090628e-16
4698.475185 1.029427e-16 1.029427e-16
4701.625957 1.166471e-16 1.166471e-16
4704.77673 1.11995e-16 1.11995e-16
4707.927503 1.158467e-16 1.158467e-16
4711.078276 1.177565e-16 1.177565e-16
4714.229048 1.133285e-16 1.133285e-16
4717.379821 1.147647e-16 1.147647e-16
4720.530594 1.265092e-16 1.265092e-16
4723.681367 1.19323e-16 1.19323e-16
4726.832139 1.105015e-16 1.105015e-16
4729.982912 1.17905e-16 1.17905e-16
4733.133685 1.11882e-16 1.11882e-16
4736.284458 1.16705e-16 1.16705e-16
4739.43523 1.171067e-16 1.171067e-16
4742.586003 1.116315e-16 1.116315e-16
4745.736776 1.163805e-16 1.163805e-16
4748.887549 1.249613e-16 1.249613e-16
4752.038321 1.180715e-16 1.180715e-16
4755.189094 1.13338e-16 1.13338e-16
4758.339867 1.038505e-16 1.038505e-16
4761.49064 1.190978e-16 1.190978e-16
4764.641412 1.039077e-16 1.039077e-16
4767.792185 1.017295e-16 1.017295e-16
4770.942958 1.012108e-16 1.012108e-16
4774.093731 1.042199e-16 1.042199e-16
4777.244503 1.024055e-16 1.024055e-16
4780.395276 9.711647e-17 9.711647e-17
4783.546049 9.166453e-17 9.166453e-17
4786.696822 9.695817e-17 9.695817e-17
4789.847594 1.02323e-16 1.02323e-16
4792.998367 9.673847e-17 9.673847e-17
4796.14914 9.535838e-17 9.535838e-17
4799.299913 9.180347e-17 9.180347e-17
4802.450685 9.17194e-17 9.17194e-17
4805.601458 8.80078e-17 8.80078e-17
4808.752231 9.240303e-17 9.240303e-17
4811.903004 8.521155e-17 8.521155e-17
4815.053776 7.265335e-17 7.265335e-17
4818.204549 7.81265e-17 7.81265e-17
4821.355322 7.09918e-17 7.09918e-17
4824.506095 6.78142e-17 6.78142e-17
4827.656867 6.918662e-17 6.918662e-17
4830.80764 7.125062e-17 7.125062e-17
4833.958413 6.651225e-17 6.651225e-17
4837.109186 6.478202e-17 6.478202e-17
4840.259958 6.948805e-17 6.948805e-17
4843.410731 6.631663e-17 6.631663e-17
4846.561504 6.6341e-17 6.6341e-17
4849.712277 6.577815e-17 6.577815e-17
4852.863049 6.122703e-17 6.122703e-17
4856.013822 5.921088e-17 5.921088e-17
4859.164595 6.9195e-17 6.9195e-17
4862.315368 5.59052e-17 5.59052e-17
4865.46614 6.600098e-17 6.600098e-17
4868.616913 5.477753e-17 5.477753e-17
4871.767686 5.412968e-17 5.412968e-17
4874.918459 5.6584e-17 5.6584e-17
4878.069231 5.652478e-17 5.652478e-17
4881.220004 5.63576e-17 5.63576e-17
4884.370777 4.783783e-17 4.783783e-17
4887.52155 4.259715e-17 4.259715e-17
4890.672322 5.749047e-17 5.749047e-17
4893.823095 5.625905e-17 5.625905e-17
4896.973868 5.203795e-17 5.203795e-17
4900.124641 4.826955e-17 4.826955e-17
4903.275413 4.68976e-17 4.68976e-17
4906.426186 4.255807e-17 4.255807e-17
4909.576959 4.681618e-17 4.681618e-17
4912.727732 4.970488e-17 4.970488e-17
4915.878504 5.231035e-17 5.231035e-17
4919.029277 4.4396e-17 4.4396e-17
4922.18005 5.082823e-17 5.082823e-17
4925.330823 4.440935e-17 4.440935e-17
4928.481595 4.442162e-17 4.442162e-17
4931.632368 4.152688e-17 4.152688e-17
4934.783141 4.448498e-17 4.448498e-17
4937.933914 4.255313e-17 4.255313e-17
4941.084686 3.960887e-17 3.960887e-17
4944.235459 4.841665e-17 4.841665e-17
4947.386232 3.849038e-17 3.849038e-17
4950.537005 4.029165e-17 4.029165e-17
4953.687777 4.534435e-17 4.534435e-17
4956.83855 4.402535e-17 4.402535e-17
4959.989323 3.997958e-17 3.997958e-17
4963.140096 4.435985e-17 4.435985e-17
4966.290868 4.770768e-17 4.770768e-17
4969.441641 4.577195e-17 4.577195e-17
4972.592414 4.726467e-17 4.726467e-17
4975.743187 4.742438e-17 4.742438e-17
4978.893959 4.597653e-17 4.597653e-17
4982.044732 4.18015e-17 4.18015e-17
4985.195505 5.742475e-17 5.742475e-17
4988.346278 4.5573e-17 4.5573e-17
4991.49705 5.64461e-17 5.64461e-17
4994.647823 4.678185e-17 4.678185e-17
4997.798596 4.345397e-17 4.345397e-17
5000.949369 4.980635e-17 4.980635e-17
5004.100141 4.599992e-17 4.599992e-17
5007.250914 4.037915e-17 4.037915e-17
5010.401687 4.742182e-17 4.742182e-17
5013.55246 4.860322e-17 4.860322e-17
5016.703232 4.448743e-17 4.448743e-17
5019.854005 4.818692e-17 4.818692e-17
5023.004778 5.096295e-17 5.096295e-17
5026.155551 3.629332e-17 3.629332e-17
5029.306323 4.750867e-17 4.750867e-17
5032.457096 5.00508e-17 5.00508e-17
5035.607869 5.813602e-17 5.813602e-17
5038.758642 3.964375e-17 3.964375e-17
5041.909414 3.52057e-17 3.52057e-17
5045.060187 5.47805e-17 5.47805e-17
5048.21096 3.937433e-17 3.937433e-17
5051.361733 4.134868e-17 4.134868e-17
5054.512505 3.738407e-17 3.738407e-17
5057.663278 2.997503e-17 2.997503e-17
5060.814051 3.770195e-17 3.770195e-17
5063.964824 3.890218e-17 3.890218e-17
5067.115596 3.574752e-17 3.574752e-17
5070.266369 3.342217e-17 3.342217e-17
5073.417142 2.824407e-17 2.824407e-17
5076.567915 3.274878e-17 3.274878e-17
5079.718687 3.860428e-17 3.860428e-17
5082.86946 4.027392e-17 4.027392e-17
5086.020233 3.342385e-17 3.342385e-17
5089.171006 3.70345e-17 3.70345e-17
5092.321778 3.558632e-17 3.558632e-17
5095.472551 4.946007e-17 4.946007e-17
5098.623324 3.049142e-17 3.049142e-17
5101.774097 3.151825e-17 3.151825e-17
5104.924869 3.30266e-17 3.30266e-17
5108.075642 3.73548e-17 3.73548e-17
5111.226415 3.756773e-17 3.756773e-17
5114.377188 3.95693e-17 3.95693e-17
5117.52796 3.41125e-17 3.41125e-17
5120.678733 3.711938e-17 3.711938e-17
5123.829506 3.787565e-17 3.787565e-17
5126.980279 3.62625e-17 3.62625e-17
5130.131051 3.740868e-17 3.740868e-17
5133.281824 3.687342e-17 3.687342e-17
5136.432597 2.901625e-17 2.901625e-17
5139.58337 3.620022e-17 3.620022e-17
5142.734142 3.018687e-17 3.018687e-17
5145.884915 3.532513e-17 3.532513e-17
5149.035688 4.534777e-17 4.534777e-17
5152.186461 3.684543e-17 3.684543e-17
5155.337233 4.185323e-17 4.185323e-17
5158.488006 3.171257e-17 3.171257e-17
5161.638779 4.635355e-17 4.635355e-17
5164.789552 4.03474e-17 4.03474e-17
5167.940324 4.353892e-17 4.353892e-17
5171.091097 3.62098e-17 3.62098e-17
5174.24187 4.076977e-17 4.076977e-17
5177.392643 3.536788e-17 3.536788e-17
5180.543415 4.57872e-17 4.57872e-17
5183.694188 4.314772e-17 4.314772e-17
5186.844961 4.354092e-17 4.354092e-17
5189.995734 4.96731e-17 4.96731e-17
5193.146506 5.421925e-17 5.421925e-17
5196.297279 5.194913e-17 5.194913e-17
5199.448052 5.146552e-17 5.146552e-17
5202.598825 4.734195e-17 4.734195e-17
5205.749597 5.51553e-17 5.51553e-17
5208.90037 5.083252e-17 5.083252e-17
5212.051143 5.346933e-17 5.346933e-17
5215.201916 5.24078e-17 5.24078e-17
5218.352688 5.456322e-17 5.456322e-17
5221.503461 5.612055e-17 5.612055e-17
5224.654234 5.90474e-17 5.90474e-17
5227.805007 5.546263e-17 5.546263e-17
5230.955779 6.018388e-17 6.018388e-17
5234.106552 5.511752e-17 5.511752e-17
5237.257325 5.7408e-17 5.7408e-17
5240.408098 5.78761e-17 5.78761e-17
5243.55887 6.197232e-17 6.197232e-17
5246.709643 6.267002e-17 6.267002e-17
5249.860416 5.68884e-17 5.68884e-17
5253.011189 6.44004e-17 6.44004e-17
5256.161961 7.000482e-17 7.000482e-17
5259.312734 6.12075e-17 6.12075e-17
5262.463507 5.865835e-17 5.865835e-17
5265.61428 6.546193e-17 6.546193e-17
5268.765052 6.13678e-17 6.13678e-17
5271.915825 5.872893e-17 5.872893e-17
5275.066598 6.430815e-17 6.430815e-17
5278.217371 6.034135e-17 6.034135e-17
5281.368143 6.30267e-17 6.30267e-17
5284.518916 6.151878e-17 6.151878e-17
5287.669689 6.296803e-17 6.296803e-17
5290.820462 7.40249e-17 7.40249e-17
5293.971234 6.387373e-17 6.387373e-17
5297.122007 6.696445e-17 6.696445e-17
5300.27278 6.240337e-17 6.240337e-17
5303.423553 5.617443e-17 5.617443e-17
5306.574325 6.0691e-17 6.0691e-17
5309.725098 6.06246e-17 6.06246e-17
5312.875871 5.708032e-17 5.708032e-17
5316.026644 6.697657e-17 6.697657e-17
5319.177416 6.065652e-17 6.065652e-17
5322.328189 6.26624e-17 6.26624e-17
5325.478962 6.255708e-17 6.255708e-17
5328.629735 6.476745e-17 6.476745e-17
5331.780507 6.2485e-17 6.2485e-17
5334.93128 5.831205e-17 5.831205e-17
5338.082053 6.17493e-17 6.17493e-17
5341.232826 6.003328e-17 6.003328e-17
5344.383598 5.85063e-17 5.85063e-17
5347.534371 4.717855e-17 4.717855e-17
5350.685144 6.183412e-17 6.183412e-17
5353.835917 5.181793e-17 5.181793e-17
5356.986689 5.909072e-17 5.909072e-17
5360.137462 5.699112e-17 5.699112e-17
5363.288235 5.552035e-17 5.552035e-17
5366.439008 6.279582e-17 6.279582e-17
5369.58978 5.977087e-17 5.977087e-17
5372.740553 5.170355e-17 5.170355e-17
5375.891326 4.981762e-17 4.981762e-17
5379.042099 5.071522e-17 5.071522e-17
5382.192871 5.22063e-17 5.22063e-17
5385.343644 4.876727e-17 4.876727e-17
5388.494417 5.893607e-17 5.893607e-17
5391.64519 4.355608e-17 4.355608e-17
5394.795962 4.865727e-17 4.865727e-17
5397.946735 4.401357e-17 4.401357e-17
5401.097508 4.59741e-17 4.59741e-17
5404.248281 4.71576e-17 4.71576e-17
5407.399053 4.336315e-17 4.336315e-17
5410.549826 4.482412e-17 4.482412e-17
5413.700599 3.874895e-17 3.874895e-17
5416.851372 3.94208e-17 3.94208e-17
5420.002144 4.233297e-17 4.233297e-17
5423.152917 3.846383e-17 3.846383e-17
5426.30369 3.54905e-17 3.54905e-17
5429.454463 3.286915e-17 3.286915e-17
5432.605235 3.239125e-17 3.239125e-17
5435.756008 2.071812e-17 2.071812e-17
5438.906781 2.607647e-17 2.607647e-17
5442.057554 2.791143e-17 2.791143e-17
5445.208326 2.111078e-17 2.111078e-17
5448.359099 2.361975e-17 2.361975e-17
5451.509872 2.5418e-17 2.5418e-17
5454.660645 1.796405e-17 1.796405e-17
5457.811417 1.686195e-17 1.686195e-17
5460.96219 2.221153e-17 2.221153e-17
5464.112963 2.234255e-17 2.234255e-17
5467.263736 1.86993e-17 1.86993e-17
5470.414508 2.410475e-17 2.410475e-17
5473.565281 2.197892e-17 2.197892e-17
5476.716054 1.84373e-17 1.84373e-17
5479.866827 1.56669e-17 1.56669e-17
5483.017599 1.295094e-17 1.295094e-17
5486.168372 1.669942e-17 1.669942e-17
5489.319145 2.071703e-17 2.071703e-17
5492.469918 7.082455e-18 7.082455e-18
5495.62069 1.440775e-17 1.440775e-17
5498.771463 2.040712e-17 2.040712e-17
5502.151047 5.667642e-18 5.667642e-18
5507.164595 1.341863e-17 1.341863e-17
5512.178143 1.74428e-17 1.74428e-17
5517.191692 2.199412e-17 2.199412e-17
5522.20524 -4.268525e-18 -4.268525e-18
5527.218788 2.171657e-17 2.171657e-17
5532.232336 5.851653e-18 5.851653e-18
5537.245885 -6.220737e-18 -6.220737e-18
5542.259433 9.85016e-18 9.85016e-18
5547.272981 8.841925e-18 8.841925e-18
5552.28653 8.83924e-18 8.83924e-18
5557.300078 1.409223e-17 1.409223e-17
5562.313626 1.581407e-17 1.581407e-17
5567.327175 8.762395e-18 8.762395e-18
5572.340723 5.898072e-18 5.898072e-18
5577.354271 6.409702e-18 6.409702e-18
5582.36782 -1.590681e-17 -1.590681e-17
5587.381368 2.129463e-17 2.129463e-17
5592.394916 1.110904e-17 1.110904e-17
5597.408464 5.58129e-18 5.58129e-18
5602.422013 9.60337e-19 9.60337e-19
5607.435561 5.37888e-18 5.37888e-18
5612.449109 1.011318e-17 1.011318e-17
5617.462658 6.018868e-18 6.018868e-18
5622.476206 -1.274975e-18 -1.274975e-18
5627.489754 2.38747e-18 2.38747e-18
5632.503303 2.785745e-18 2.785745e-18
5637.516851 9.076353e-19 9.076353e-19
5642.530399 1.18837e-17 1.18837e-17
5647.543947 7.945694e-18 7.945694e-18
5652.557496 8.509048e-18 8.509048e-18
5657.571044 6.194597e-18 6.194597e-18
5662.584592 3.423985e-18 3.423985e-18
5667.598141 4.003887e-18 4.003887e-18
5672.611689 6.22914e-18 6.22914e-18
5677.625237 2.789053e-18 2.789053e-18
5682.638786 4.047493e-18 4.047493e-18
5687.652334 3.129327e-18 3.129327e-18
5692.665882 3.356355e-18 3.356355e-18
5697.67943 3.386701e-18 3.386701e-18
5702.692979 -1.306815e-18 -1.306815e-18
5707.706527 9.142545e-19 9.142545e-19
5712.720075 -5.860407e-19 -5.860407e-19
5717.733624 -1.863857e-18 -1.863857e-18
5722.747172 5.244326e-18 5.244326e-18
5727.76072 1.455722e-18 1.455722e-18
5732.774269 2.601927e-18 2.601927e-18
5737.787817 -4.717427e-18 -4.717427e-18
5742.801365 1.456247e-18 1.456247e-18
5747.814913 7.191014e-18 7.191014e-18
5752.828462 -4.967858e-19 -4.967858e-19
5757.84201 1.650908e-18 1.650908e-18
5762.855558 3.97235e-19 3.97235e-19
5767.869107 6.827197e-18 6.827197e-18
5772.882655 3.02789e-18 3.02789e-18
5777.896203 1.202827e-18 1.202827e-18
5782.909752 4.608925e-19 4.608925e-19
5787.9233 1.00666e-18 1.00666e-18
5792.936848 1.460589e-18 1.460589e-18
5797.950397 3.563488e-19 3.563488e-19
5802.963945 4.084537e-18 4.084537e-18
5807.977493 6.417697e-18 6.417697e-18
5812.991041 5.116962e-18 5.116962e-18
5818.00459 2.862772e-18 2.862772e-18
5823.018138 4.885553e-18 4.885553e-18
5828.031686 -1.104558e-18 -1.104558e-18
5833.045235 6.244525e-18 6.244525e-18
5838.058783 6.824448e-19 6.824448e-19
5843.072331 1.06254e-17 1.06254e-17
5848.08588 7.835275e-18 7.835275e-18
5853.099428 -7.00735e-19 -7.00735e-19
5858.112976 7.18896e-18 7.18896e-18
5863.126524 8.433383e-18 8.433383e-18
5868.140073 7.172687e-18 7.172687e-18
5873.153621 4.507779e-18 4.507779e-18
5878.167169 5.482608e-18 5.482608e-18
5883.180718 4.663088e-18 4.663088e-18
5888.194266 -3.16105e-19 -3.16105e-19
5893.207814 3.261936e-18 3.261936e-18
5898.221363 7.534443e-18 7.534443e-18
5903.234911 8.616557e-18 8.616557e-18
5908.248459 6.431775e-19 6.431775e-19
5913.262007 1.686152e-18 1.686152e-18
5918.275556 -2.48961e-18 -2.48961e-18
5923.289104 7.276478e-18 7.276478e-18
5928.302652 6.981075e-18 6.981075e-18
5933.316201 6.464693e-18 6.464693e-18
5938.329749 5.17683e-18 5.17683e-18
5943.343297 6.278208e-18 6.278208e-18
5948.356846 4.859373e-18 4.859373e-18
5953.370394 5.434505e-18 5.434505e-18
5958.383942 4.461602e-18 4.461602e-18
5963.397491 5.793347e-18 5.793347e-18
5968.411039 5.681352e-18 5.681352e-18
5973.424587 7.63894e-18 7.63894e-18
5978.438135 1.194199e-18 1.194199e-18
5983.451684 4.245672e-18 4.245672e-18
5988.465232 5.971092e-18 5.971092e-18
5993.47878 5.151615e-18 5.151615e-18
5998.492329 3.289877e-18 3.289877e-18
6003.505877 6.773945e-18 6.773945e-18
6008.519425 -2.210055e-18 -2.210055e-18
6013.532974 1.508168e-18 1.508168e-18
6018.546522 2.829606e-18 2.829606e-18
6023.56007 4.087105e-18 4.087105e-18
6028.573618 4.675807e-18 4.675807e-18
6033.587167 3.27872e-18 3.27872e-18
6038.600715 7.954913e-18 7.954913e-18
6043.614263 3.485925e-18 3.485925e-18
6048.627812 2.87143e-18 2.87143e-18
6053.64136 2.592185e-19 2.592185e-19
6058.654908 4.243902e-18 4.243902e-18
6063.668457 7.900565e-18 7.900565e-18
6068.682005 5.04506e-18 5.04506e-18
6073.695553 -5.46085e-19 -5.46085e-19
6078.709101 2.322499e-18 2.322499e-18
6083.72265 2.240361e-18 2.240361e-18
6088.736198 2.081731e-18 2.081731e-18
6093.749746 1.900436e-18 1.900436e-18
6098.763295 1.313352e-18 1.313352e-18
6103.776843 1.140472e-18 1.140472e-18
6108.790391 4.472857e-19 4.472857e-19
6113.80394 5.302598e-18 5.302598e-18
6118.817488 6.91978e-18 6.91978e-18
6123.831036 2.717797e-18 2.717797e-18
6128.844585 1.265214e-18 1.265214e-18
6133.858133 4.300005e-19 4.300005e-19
6138.871681 9.2086e-19 9.2086e-19
6143.885229 1.888842e-18 1.888842e-18
6148.898778 1.046231e-18 1.046231e-18
6153.912326 -2.440111e-18 -2.440111e-18
6158.925874 4.28812e-18 4.28812e-18
6163.939423 1.767857e-18 1.767857e-18
6168.952971 6.055815e-19 6.055815e-19
6173.966519 3.654178e-18 3.654178e-18
6178.980068 -1.204885e-18 -1.204885e-18
6183.993616 2.541932e-18 2.541932e-18
6189.007164 -5.416192e-19 -5.416192e-19
6194.020712 1.750488e-18 1.750488e-18
6199.034261 6.140498e-18 6.140498e-18
6204.047809 2.01173e-18 2.01173e-18
6209.061357 3.564455e-18 3.564455e-18
6214.074906 1.969377e-18 1.969377e-18
6219.088454 1.75635e-19 1.75635e-19
6224.102002 4.110975e-18 4.110975e-18
6229.115551 1.580363e-18 1.580363e-18
6234.129099 4.464592e-18 4.464592e-18
6239.142647 -1.108368e-18 -1.108368e-18
6244.156195 3.583392e-18 3.583392e-18
6249.169744 2.252175e-18 2.252175e-18
6254.183292 4.102768e-18 4.102768e-18
6259.19684 2.539759e-18 2.539759e-18
6264.210389 5.650157e-18 5.650157e-18
6269.223937 4.082898e-18 4.082898e-18
6274.237485 8.354603e-19 8.354603e-19
6279.251034 4.357532e-18 4.357532e-18
6284.264582 4.829625e-19 4.829625e-19
6289.27813 -1.418163e-18 -1.418163e-18
6294.291678 3.58023e-18 3.58023e-18
6299.305227 -2.220675e-19 -2.220675e-19
6304.318775 -2.528574e-18 -2.528574e-18
6309.332323 1.290198e-18 1.290198e-18
6314.345872 1.109466e-18 1.109466e-18
6319.35942 7.285933e-19 7.285933e-19
6324.372968 1.444275e-19 1.444275e-19
6329.386517 -6.96195e-19 -6.96195e-19
6334.400065 4.284953e-18 4.284953e-18
6339.413613 8.543968e-19 8.543968e-19
6344.427162 1.872127e-18 1.872127e-18
6349.44071 2.205561e-18 2.205561e-18
6354.454258 2.544173e-18 2.544173e-18
6359.467806 1.342825e-18 1.342825e-18
6364.481355 3.103752e-18 3.103752e-18
6369.494903 -1.503246e-18 -1.503246e-18
6374.508451 6.914185e-18 6.914185e-18
6379.522 1.61097e-18 1.61097e-18
6384.535548 2.59337e-18 2.59337e-18
6389.549096 -1.45452e-18 -1.45452e-18
6394.562645 -9.9171e-19 -9.9171e-19
6399.576193 3.080083e-18 3.080083e-18
6404.589741 1.818388e-18 1.818388e-18
6409.603289 1.276017e-18 1.276017e-18
6414.616838 3.8598e-18 3.8598e-18
6419.630386 9.5285e-20 9.5285e-20
6424.643934 1.384095e-18 1.384095e-18
6429.657483 4.924147e-18 4.924147e-18
6434.671031 3.260375e-18 3.260375e-18
6439.684579 1.153035e-18 1.153035e-18
6444.698128 2.587442e-18 2.587442e-18
6449.711676 4.415972e-18 4.415972e-18
6454.725224 7.65175e-18 7.65175e-18
6459.738772 4.473212e-18 4.473212e-18
6464.752321 3.268645e-18 3.268645e-18
6469.765869 8.667705e-18 8.667705e-18
6474.779417 7.478865e-18 7.478865e-18
6479.792966 7.53281e-18 7.53281e-18
6484.806514 4.24844e-18 4.24844e-18
6489.820062 4.976789e-18 4.976789e-18
6494.833611 6.769022e-18 6.769022e-18
6499.847159 7.309095e-18 7.309095e-18
6504.860707 6.394517e-18 6.394517e-18
6509.874256 2.347632e-18 2.347632e-18
6514.887804 7.659957e-18 7.659957e-18
6519.901352 4.819525e-18 4.819525e-18
6524.9149 4.46338e-18 4.46338e-18
6529.928449 4.142383e-18 4.142383e-18
6534.941997 9.812945e-18 9.812945e-18
6539.955545 7.29846e-18 7.29846e-18
6544.969094 5.157417e-18 5.157417e-18
6549.982642 8.38942e-18 8.38942e-18
6554.99619 7.572918e-18 7.572918e-18
6560.009739 7.762843e-18 7.762843e-18
6565.023287 6.372233e-18 6.372233e-18
6570.036835 7.118337e-18 7.118337e-18
6575.050383 1.061487e-17 1.061487e-17
6580.063932 1.399926e-18 1.399926e-18
6585.07748 9.968038e-18 9.968038e-18
6590.091028 7.798025e-18 7.798025e-18
6595.104577 -3.035233e-17 -3.035233e-17
6600.118125 2.534823e-18 2.534823e-18
6605.131673 7.597837e-18 7.597837e-18
6610.145222 4.046037e-18 4.046037e-18
6615.15877 -3.505113e-18 -3.505113e-18
6620.172318 1.041105e-17 1.041105e-17
6625.185866 8.793543e-18 8.793543e-18
6630.199415 6.748553e-18 6.748553e-18
6635.212963 4.247415e-18 4.247415e-18
6640.226511 6.244015e-18 6.244015e-18
6645.24006 1.095401e-17 1.095401e-17
6650.253608 6.302462e-18 6.302462e-18
6655.267156 7.412498e-18 7.412498e-18
6660.280705 7.916945e-18 7.916945e-18
6665.294253 7.824897e-18 7.824897e-18
6670.307801 -1.043266e-17 -1.043266e-17
6675.321349 7.721873e-18 7.721873e-18
6680.334898 1.150858e-17 1.150858e-17
6685.348446 5.161645e-18 5.161645e-18
6690.361994 6.328658e-18 6.328658e-18
6695.375543 6.147523e-18 6.147523e-18
6700.389091 6.631315e-18 6.631315e-18
6705.402639 3.117735e-18 3.117735e-18
6710.416188 6.322188e-18 6.322188e-18
6715.429736 3.364537e-18 3.364537e-18
6720.443284 4.86349e-18 4.86349e-18
6725.456833 5.519102e-18 5.519102e-18
6730.470381 4.664095e-18 4.664095e-18
6735.483929 5.724133e-18 5.724133e-18
6740.497477 3.86853e-18 3.86853e-18
6745.511026 3.188251e-18 3.188251e-18
6750.524574 -3.378833e-19 -3.378833e-19
6755.538122 3.186346e-18 3.186346e-18
6760.551671 5.88943e-18 5.88943e-18
6765.565219 9.187183e-19 9.187183e-19
6770.578767 3.366215e-18 3.366215e-18
6775.592316 2.816208e-18 2.816208e-18
6780.605864 2.331186e-18 2.331186e-18
6785.619412 2.609108e-18 2.609108e-18
6790.63296 1.372181e-18 1.372181e-18
6795.646509 1.934059e-18 1.934059e-18
6800.660057 1.319096e-18 1.319096e-18
6805.673605 2.973501e-18 2.973501e-18
6810.687154 8.6662e-19 8.6662e-19
6815.700702 3.362078e-18 3.362078e-18
6820.71425 4.349777e-18 4.349777e-18
6825.727799 2.387535e-18 2.387535e-18
6830.741347 5.35463e-18 5.35463e-18
6835.754895 7.99951e-18 7.99951e-18
6840.768443 2.50841e-18 2.50841e-18
6845.781992 4.410965e-18 4.410965e-18
6850.79554 3.437213e-18 3.437213e-18
6855.809088 1.04478e-18 1.04478e-18
6860.822637 4.6953e-18 4.6953e-18
6865.836185 5.142808e-18 5.142808e-18
6870.849733 -8.535375e-19 -8.535375e-19
6875.863282 3.95289e-18 3.95289e-18
6880.87683 8.23794e-18 8.23794e-18
6885.890378 3.747776e-18 3.747776e-18
6890.903927 5.097365e-18 5.097365e-18
6895.917475 7.004478e-18 7.004478e-18
6900.931023 2.652105e-18 2.652105e-18
6905.944571 1.995802e-18 1.995802e-18
6910.95812 3.694823e-18 3.694823e-18
6915.971668 2.68548e-18 2.68548e-18
6920.985216 4.578025e-18 4.578025e-18
6925.998765 2.678372e-18 2.678372e-18
6931.012313 5.21201e-18 5.21201e-18
6936.025861 5.765325e-18 5.765325e-18
6941.03941 7.627847e-18 7.627847e-18
6946.052958 7.326987e-18 7.326987e-18
6951.066506 9.946485e-18 9.946485e-18
6956.080054 5.611085e-18 5.611085e-18
6961.093603 3.121735e-18 3.121735e-18
6966.107151 6.823058e-18 6.823058e-18
6971.120699 2.273165e-18 2.273165e-18
6976.134248 6.71663e-18 6.71663e-18
6981.147796 4.70982e-18 4.70982e-18
6986.161344 6.106268e-18 6.106268e-18
6991.174893 5.65552e-18 5.65552e-18
6996.188441 4.166792e-18 4.166792e-18
7001.201989 5.586095e-18 5.586095e-18
7006.215537 3.885473e-18 3.885473e-18
7011.229086 5.300878e-18 5.300878e-18
7016.242634 4.726887e-18 4.726887e-18
7021.256182 6.095825e-18 6.095825e-18
7026.269731 5.24085e-18 5.24085e-18
7031.283279 6.55094e-18 6.55094e-18
7036.296827 3.467676e-18 3.467676e-18
7041.310376 4.485973e-18 4.485973e-18
7046.323924 4.585227e-18 4.585227e-18
7051.337472 5.05748e-18 5.05748e-18
7056.351021 4.924848e-18 4.924848e-18
7061.364569 8.17945e-18 8.17945e-18
7066.378117 5.176843e-18 5.176843e-18
7071.391665 5.720897e-18 5.720897e-18
7076.405214 7.88889e-18 7.88889e-18
7081.418762 7.909642e-18 7.909642e-18
7086.43231 8.222755e-18 8.222755e-18
7091.445859 5.611145e-18 5.611145e-18
7096.459407 6.065523e-18 6.065523e-18
7101.472955 1.168622e-17 1.168622e-17
7106.486504 1.004114e-17 1.004114e-17
7111.500052 1.095276e-17 1.095276e-17
7116.5136 7.851155e-18 7.851155e-18
7121.527148 1.140641e-17 1.140641e-17
7126.540697 1.126364e-17 1.126364e-17
7131.554245 1.368173e-17 1.368173e-17
7136.567793 1.612235e-17 1.612235e-17
7141.581342 1.38614e-17 1.38614e-17
7146.59489 1.61143e-17 1.61143e-17
7151.608438 1.366005e-17 1.366005e-17
7156.621987 1.47306e-17 1.47306e-17
7161.635535 1.623653e-17 1.623653e-17
7166.649083 2.000437e-17 2.000437e-17
7171.662631 1.844707e-17 1.844707e-17
7176.67618 1.75388e-17 1.75388e-17
7181.689728 1.858348e-17 1.858348e-17
7186.703276 1.514775e-17 1.514775e-17
7191.716825 2.17694e-17 2.17694e-17
7196.730373 2.023077e-17 2.023077e-17
7201.743921 1.977547e-17 1.977547e-17
7206.75747 2.225335e-17 2.225335e-17
7211.771018 1.985213e-17 1.985213e-17
7216.784566 2.406113e-17 2.406113e-17
7221.798114 2.347605e-17 2.347605e-17
7226.811663 2.111857e-17 2.111857e-17
7231.825211 2.385432e-17 2.385432e-17
7236.838759 2.071405e-17 2.071405e-17
7241.852308 2.888625e-17 2.888625e-17
7246.865856 2.235937e-17 2.235937e-17
7251.879404 2.083762e-17 2.083762e-17
7256.892953 2.304692e-17 2.304692e-17
7261.906501 2.39581e-17 2.39581e-17
7266.920049 2.640197e-17 2.640197e-17
7271.933598 1.893863e-17 1.893863e-17
7276.947146 2.3696e-17 2.3696e-17
7281.960694 2.06568e-17 2.06568e-17
7286.974242 2.25901e-17 2.25901e-17
7291.987791 1.85105e-17 1.85105e-17
7297.001339 1.67232e-17 1.67232e-17
7302.014887 1.84851e-17 1.84851e-17
7307.028436 1.82947e-17 1.82947e-17
7312.041984 2.151115e-17 2.151115e-17
7317.055532 1.471495e-17 1.471495e-17
7322.069081 1.887747e-17 1.887747e-17
7327.082629 1.491398e-17 1.491398e-17
7332.096177 1.529452e-17 1.529452e-17
7337.109725 1.292485e-17 1.292485e-17
7342.123274 1.75476e-17 1.75476e-17
7347.136822 1.32718e-17 1.32718e-17
7352.15037 1.38148e-17 1.38148e-17
7357.163919 1.334141e-17 1.334141e-17
7362.177467 1.269654e-17 1.269654e-17
7367.191015 1.432474e-17 1.432474e-17
7372.204564 1.09537e-17 1.09537e-17
7377.218112 1.389505e-17 1.389505e-17
7382.23166 9.930875e-18 9.930875e-18
7387.245208 1.215409e-17 1.215409e-17
7392.258757 1.143691e-17 1.143691e-17
7397.272305 1.165581e-17 1.165581e-17
7402.285853 8.31178e-18 8.31178e-18
7407.299402 1.088804e-17 1.088804e-17
7412.31295 1.33073e-17 1.33073e-17
7417.326498 1.39397e-17 1.39397e-17
7422.340047 1.045747e-17 1.045747e-17
7427.353595 1.398357e-17 1.398357e-17
7432.367143 1.557325e-17 1.557325e-17
7437.380692 1.665998e-17 1.665998e-17
7442.39424 1.872795e-17 1.872795e-17
7447.407788 1.529815e-17 1.529815e-17
7452.421336 1.905293e-17 1.905293e-17
7457.434885 1.860118e-17 1.860118e-17
7462.448433 1.649875e-17 1.649875e-17
7467.461981 1.76038e-17 1.76038e-17
7472.47553 1.983813e-17 1.983813e-17
7477.489078 1.588403e-17 1.588403e-17
7482.502626 1.78597e-17 1.78597e-17
7487.516175 2.01697e-17 2.01697e-17
7492.529723 1.851715e-17 1.851715e-17
7497.543271 1.772732e-17 1.772732e-17
7502.556819 1.684065e-17 1.684065e-17
7507.570368 1.187523e-17 1.187523e-17
7512.583916 1.639861e-17 1.639861e-17
7517.597464 2.298885e-17 2.298885e-17
7522.611013 1.666778e-17 1.666778e-17
7527.624561 3.05893e-17 3.05893e-17
7532.638109 2.275173e-17 2.275173e-17
7537.651658 1.66684e-17 1.66684e-17
7542.665206 1.450408e-17 1.450408e-17
7547.678754 2.136293e-17 2.136293e-17
7552.692302 1.45982e-17 1.45982e-17
7557.705851 1.418277e-17 1.418277e-17
7562.719399 1.33552e-17 1.33552e-17
7567.732947 1.14925e-17 1.14925e-17
7572.746496 1.226878e-17 1.226878e-17
7577.760044 1.357528e-17 1.357528e-17
7582.773592 1.279777e-17 1.279777e-17
7587.787141 7.446718e-18 7.446718e-18
7592.800689 -7.533183e-18 -7.533183e-18
7597.814237 1.317592e-18 1.317592e-18
7602.827785 1.684023e-17 1.684023e-17
7607.841334 6.152522e-18 6.152522e-18
7612.854882 2.611244e-18 2.611244e-18
7617.86843 7.63679e-18 7.63679e-18
7622.881979 7.965407e-18 7.965407e-18
7627.895527 1.219047e-17 1.219047e-17
7632.909075 7.606716e-18 7.606716e-18
7637.922624 1.008945e-17 1.008945e-17
7642.936172 5.31016e-18 5.31016e-18
7647.94972 7.40577e-18 7.40577e-18
7652.963269 5.603682e-18 5.603682e-18
7657.976817 6.015078e-18 6.015078e-18
7662.990365 4.280203e-18 4.280203e-18
7668.003913 5.245707e-18 5.245707e-18
7673.017462 3.67844e-18 3.67844e-18
7678.03101 4.36557e-18 4.36557e-18
7683.044558 7.315485e-18 7.315485e-18
7688.058107 5.988488e-18 5.988488e-18
7693.071655 6.129207e-18 6.129207e-18
7698.085203 4.974552e-18 4.974552e-18
7703.098752 5.377257e-18 5.377257e-18
7708.1123 5.537835e-18 5.537835e-18
7713.125848 7.059092e-18 7.059092e-18
7718.139396 2.74589e-18 2.74589e-18
7723.152945 7.33258e-18 7.33258e-18
7728.166493 9.48028e-18 9.48028e-18
7733.180041 6.120012e-18 6.120012e-18
7738.19359 7.39868e-18 7.39868e-18
7743.207138 4.317267e-18 4.317267e-18
7748.220686 8.420443e-18 8.420443e-18
7753.234235 4.60702e-18 4.60702e-18
7758.247783 5.590995e-18 5.590995e-18
7763.261331 4.842791e-18 4.842791e-18
7768.274879 5.579715e-18 5.579715e-18
7773.288428 4.202925e-18 4.202925e-18
7778.301976 3.868467e-18 3.868467e-18
7783.315524 5.975803e-18 5.975803e-18
7788.329073 2.045811e-18 2.045811e-18
7793.342621 6.912485e-18 6.912485e-18
7798.356169 3.241245e-18 3.241245e-18
7803.369718 5.894067e-18 5.894067e-18
7808.383266 9.221397e-18 9.221397e-18
7813.396814 9.23701e-18 9.23701e-18
7818.410363 7.869457e-18 7.869457e-18
7823.423911 1.046608e-17 1.046608e-17
7828.437459 6.394775e-18 6.394775e-18
7833.451007 5.211698e-18 5.211698e-18
7838.464556 3.459527e-18 3.459527e-18
7843.478104 5.03649e-18 5.03649e-18
7848.491652 5.088578e-18 5.088578e-18
7853.505201 7.640162e-18 7.640162e-18
7858.518749 6.41997e-18 6.41997e-18
7863.532297 1.661008e-18 1.661008e-18
7868.545846 3.352068e-18 3.352068e-18
7873.559394 4.406233e-18 4.406233e-18
7878.572942 5.996752e-18 5.996752e-18
7883.58649 3.445795e-18 3.445795e-18
7888.600039 1.403145e-18 1.403145e-18
7893.613587 5.672993e-19 5.672993e-19
7898.627135 4.896213e-18 4.896213e-18
7903.640684 2.608808e-18 2.608808e-18
7908.654232 6.647297e-18 6.647297e-18
7913.66778 -1.640248e-18 -1.640248e-18
7918.681329 4.775745e-18 4.775745e-18
7923.694877 2.782223e-18 2.782223e-18
7928.708425 3.315923e-18 3.315923e-18
7933.721973 3.252475e-19 3.252475e-19
7938.735522 1.481295e-18 1.481295e-18
7943.74907 3.39257e-18 3.39257e-18
7948.762618 5.48892e-18 5.48892e-18
7953.776167 3.270163e-18 3.270163e-18
7958.789715 2.640995e-18 2.640995e-18
7963.803263 6.205833e-18 6.205833e-18
7968.816812 7.718762e-18 7.718762e-18
7973.83036 9.944768e-19 9.944768e-19
7978.843908 6.734053e-19 6.734053e-19
7983.857456 3.637152e-18 3.637152e-18
7988.871005 6.23646e-18 6.23646e-18
7993.884553 3.749456e-18 3.749456e-18
7998.898101 2.14388e-18 2.14388e-18
8003.91165 2.128713e-18 2.128713e-18
8008.925198 4.844875e-18 4.844875e-18
8013.938746 -1.289481e-18 -1.289481e-18
8018.952295 2.263972e-18 2.263972e-18
8023.965843 1.865005e-19 1.865005e-19
8028.979391 4.966483e-19 4.966483e-19
8033.99294 2.689435e-18 2.689435e-18
8039.006488 2.028505e-18 2.028505e-18
8044.020036 2.258117e-18 2.258117e-18
8049.033584 5.129915e-18 5.129915e-18
8054.047133 1.562935e-18 1.562935e-18
8059.060681 1.252428e-18 1.252428e-18
8064.074229 2.30675e-20 2.30675e-20
8069.087778 3.427798e-18 3.427798e-18
8074.101326 1.393554e-18 1.393554e-18
8079.114874 1.13505e-19 1.13505e-19
8084.128423 2.814388e-18 2.814388e-18
8089.141971 2.876663e-18 2.876663e-18
8094.155519 1.682293e-18 1.682293e-18
8099.169067 -4.230397e-19 -4.230397e-19
8104.182616 1.320698e-18 1.320698e-18
8109.196164 3.158152e-18 3.158152e-18
8114.209712 4.033788e-18 4.033788e-18
8119.223261 3.046135e-18 3.046135e-18
8124.236809 9.1092e-19 9.1092e-19
8129.250357 5.030992e-18 5.030992e-18
8134.263906 3.260315e-18 3.260315e-18
8139.277454 3.346718e-18 3.346718e-18
8144.291002 8.955325e-19 8.955325e-19
8149.30455 -6.143573e-19 -6.143573e-19
8154.318099 2.22391e-18 2.22391e-18
8159.331647 3.219708e-18 3.219708e-18
8164.345195 5.39293e-19 5.39293e-19
8169.358744 7.547845e-19 7.547845e-19
8174.372292 3.202085e-18 3.202085e-18
8179.38584 1.789589e-18 1.789589e-18
8184.399389 -1.222634e-18 -1.222634e-18
8189.412937 3.384063e-18 3.384063e-18
8194.426485 4.160665e-18 4.160665e-18
8199.440034 1.407557e-18 1.407557e-18
8204.453582 3.05428e-18 3.05428e-18
8209.46713 3.955855e-18 3.955855e-18
8214.480678 3.921313e-18 3.921313e-18
8219.494227 1.712213e-18 1.712213e-18
8224.507775 9.470976e-19 9.470976e-19
8229.521323 3.843892e-18 3.843892e-18
8234.534872 2.780955e-18 2.780955e-18
8239.54842 2.242848e-19 2.242848e-19
8244.561968 1.100884e-18 1.100884e-18
8249.575517 2.137885e-18 2.137885e-18
8254.589065 3.893601e-18 3.893601e-18
8259.602613 1.198583e-18 1.198583e-18
8264.616161 5.04027e-18 5.04027e-18
8269.62971 1.231217e-18 1.231217e-18
8274.643258 3.71679e-18 3.71679e-18
8279.656806 3.085848e-18 3.085848e-18
8284.670355 2.471045e-18 2.471045e-18
8289.683903 -1.487675e-18 -1.487675e-18
8294.697451 3.641515e-18 3.641515e-18
8299.711 -2.62837e-18 -2.62837e-18
8304.724548 4.55756e-18 4.55756e-18
8309.738096 2.226597e-18 2.226597e-18
8314.751644 3.003314e-18 3.003314e-18
8319.765193 -2.238425e-19 -2.238425e-19
8324.778741 -1.313646e-18 -1.313646e-18
8329.792289 2.663188e-18 2.663188e-18
8334.805838 3.470165e-18 3.470165e-18
8339.819386 2.348684e-18 2.348684e-18
8344.832934 -8.288488e-18 -8.288488e-18
8349.846483 3.96913e-18 3.96913e-18
8354.860031 7.822462e-18 7.822462e-18
8359.873579 9.138287e-19 9.138287e-19
8364.887128 -2.8095e-19 -2.8095e-19
8369.900676 5.170715e-18 5.170715e-18
8374.914224 3.838697e-18 3.838697e-18
8379.927772 2.907402e-18 2.907402e-18
8384.941321 8.747692e-19 8.747692e-19
8389.954869 2.888002e-18 2.888002e-18
8394.968417 4.65559e-18 4.65559e-18
8399.981966 -1.292371e-17 -1.292371e-17
8404.995514 3.345152e-18 3.345152e-18
8410.009062 2.575377e-18 2.575377e-18
8415.022611 5.183938e-18 5.183938e-18
8420.036159 3.411912e-18 3.411912e-18
8425.049707 3.430623e-18 3.430623e-18
8430.063255 1.713634e-17 1.713634e-17
8435.076804 -3.210751e-18 -3.210751e-18
8440.090352 4.888345e-19 4.888345e-19
8445.1039 2.13728e-18 2.13728e-18
8450.117449 -2.286293e-18 -2.286293e-18
8455.130997 5.461145e-18 5.461145e-18
8460.144545 -1.39459e-18 -1.39459e-18
8465.158094 7.884413e-18 7.884413e-18
8470.171642 -3.966325e-18 -3.966325e-18
8475.18519 2.879965e-18 2.879965e-18
8480.198738 4.966657e-18 4.966657e-18
8485.212287 1.810209e-18 1.810209e-18
8490.225835 2.354347e-18 2.354347e-18
8495.239383 -2.06921e-18 -2.06921e-18
8500.252932 1.544866e-18 1.544866e-18
8505.26648 4.655447e-18 4.655447e-18
8510.280028 4.830051e-18 4.830051e-18
8515.293577 6.075913e-18 6.075913e-18
8520.307125 2.571573e-18 2.571573e-18
8525.320673 4.541153e-18 4.541153e-18
8530.334221 6.462073e-18 6.462073e-18
8535.34777 5.913692e-18 5.913692e-18
8540.361318 3.23371e-18 3.23371e-18
8545.374866 7.519758e-18 7.519758e-18
8550.388415 6.14811e-18 6.14811e-18
8555.401963 7.758675e-18 7.758675e-18
8560.415511 8.175425e-18 8.175425e-18
8565.42906 6.924128e-18 6.924128e-18
8570.442608 6.476178e-18 6.476178e-18
8575.456156 1.108898e-17 1.108898e-17
8580.469705 1.108645e-17 1.108645e-17
8585.483253 8.980292e-18 8.980292e-18
8590.496801 1.154343e-17 1.154343e-17
8595.510349 8.066942e-18 8.066942e-18
8600.523898 6.536598e-18 6.536598e-18
8605.537446 1.143719e-17 1.143719e-17
8610.550994 6.925025e-18 6.925025e-18
8615.564543 8.563735e-18 8.563735e-18
8620.578091 1.022654e-17 1.022654e-17
8625.591639 1.299217e-17 1.299217e-17
8630.605188 2.160152e-17 2.160152e-17
8635.618736 1.445632e-17 1.445632e-17
8640.632284 9.145992e-18 9.145992e-18
8645.645832 1.165809e-17 1.165809e-17
8650.659381 1.441063e-17 1.441063e-17
8655.672929 1.100628e-17 1.100628e-17
8660.686477 1.998113e-17 1.998113e-17
8665.700026 2.40146e-17 2.40146e-17
8670.713574 1.094431e-17 1.094431e-17
8675.727122 1.144998e-17 1.144998e-17
8680.740671 1.679611e-17 1.679611e-17
8685.754219 1.310403e-17 1.310403e-17
8690.767767 1.484583e-17 1.484583e-17
8695.781315 1.871997e-17 1.871997e-17
8700.794864 1.4251e-17 1.4251e-17
8705.808412 1.257863e-17 1.257863e-17
8710.82196 2.420562e-18 2.420562e-18
8715.835509 1.890463e-17 1.890463e-17
8720.849057 1.511042e-17 1.511042e-17
8725.862605 1.718012e-17 1.718012e-17
8730.876154 1.742032e-17 1.742032e-17
8735.889702 1.504838e-17 1.504838e-17
8740.90325 1.491203e-17 1.491203e-17
8745.916799 1.621845e-17 1.621845e-17
8750.930347 1.5736e-17 1.5736e-17
8755.943895 1.308668e-17 1.308668e-17
8760.957443 5.76691e-18 5.76691e-18
8765.970992 2.28783e-17 2.28783e-17
8770.98454 2.15683e-17 2.15683e-17
8775.998088 1.139977e-17 1.139977e-17
8781.011637 1.139641e-17 1.139641e-17
8786.025185 1.55902e-17 1.55902e-17
8791.038733 1.42304e-17 1.42304e-17
8796.052282 1.646345e-17 1.646345e-17
8801.06583 1.224555e-17 1.224555e-17
8806.079378 1.142097e-17 1.142097e-17
8811.092926 9.30321e-18 9.30321e-18
8816.106475 1.181373e-17 1.181373e-17
8821.120023 1.303265e-17 1.303265e-17
8826.133571 8.96568e-18 8.96568e-18
8831.14712 -1.424719e-17 -1.424719e-17
8836.160668 4.63545e-18 4.63545e-18
8841.174216 1.449098e-17 1.449098e-17
8846.187765 1.112917e-17 1.112917e-17
8851.201313 1.531935e-17 1.531935e-17
8856.214861 6.762515e-18 6.762515e-18
8861.228409 1.041306e-17 1.041306e-17
8866.241958 7.281495e-18 7.281495e-18
8871.255506 4.41648e-18 4.41648e-18
8876.269054 8.90953e-18 8.90953e-18
8881.282603 6.975993e-18 6.975993e-18
8886.296151 3.18546e-17 3.18546e-17
8891.309699 3.27058e-18 3.27058e-18
8896.323248 9.428212e-18 9.428212e-18
8901.336796 8.063791e-18 8.063791e-18
8906.350344 7.854418e-18 7.854418e-18
8911.363892 6.96464e-18 6.96464e-18
8916.377441 1.352929e-17 1.352929e-17
8921.390989 3.39035e-18 3.39035e-18
8926.404537 9.722145e-18 9.722145e-18
8931.418086 9.290045e-18 9.290045e-18
8936.431634 9.958488e-18 9.958488e-18
8941.445182 4.64532e-18 4.64532e-18
8946.458731 1.169722e-17 1.169722e-17
8951.472279 9.155142e-18 9.155142e-18
8956.485827 8.0055e-19 8.0055e-19
8961.499376 9.845378e-18 9.845378e-18
8966.512924 1.016023e-17 1.016023e-17
8971.526472 8.299157e-18 8.299157e-18
8976.54002 8.737107e-18 8.737107e-18
8981.553569 6.568442e-18 6.568442e-18
8986.567117 4.013527e-18 4.013527e-18
8991.580665 6.768792e-18 6.768792e-18
8996.594214 1.001958e-17 1.001958e-17
9001.607762 5.049748e-18 5.049748e-18
9006.62131 4.852773e-18 4.852773e-18
9011.634859 8.389297e-18 8.389297e-18
9016.648407 6.713663e-18 6.713663e-18
9021.661955 8.512157e-18 8.512157e-18
9026.675503 3.853247e-18 3.853247e-18
9031.689052 7.98713e-18 7.98713e-18
9036.7026 9.274683e-18 9.274683e-18
9041.716148 1.198026e-17 1.198026e-17
9046.729697 1.112272e-17 1.112272e-17
9051.743245 4.004718e-18 4.004718e-18
9056.756793 6.665212e-18 6.665212e-18
9061.770342 8.867738e-18 8.867738e-18
9066.78389 8.069585e-18 8.069585e-18
9071.797438 7.08028e-18 7.08028e-18
9076.810986 1.04382e-17 1.04382e-17
9081.824535 9.250775e-18 9.250775e-18
9086.838083 1.149734e-17 1.149734e-17
9091.851631 1.000544e-17 1.000544e-17
9096.86518 9.148543e-18 9.148543e-18
9101.878728 4.741773e-18 4.741773e-18
9106.892276 5.151324e-18 5.151324e-18
9111.905825 6.169223e-18 6.169223e-18
9116.919373 6.754525e-18 6.754525e-18
9121.932921 4.259058e-18 4.259058e-18
9126.94647 4.317957e-18 4.317957e-18
9131.960018 4.58027e-18 4.58027e-18
9136.973566 8.696295e-18 8.696295e-18
9141.987114 7.211098e-18 7.211098e-18
9147.000663 4.312207e-18 4.312207e-18
9152.014211 7.818097e-18 7.818097e-18
9157.027759 6.512028e-18 6.512028e-18
9162.041308 7.905315e-18 7.905315e-18
9167.054856 5.534637e-18 5.534637e-18
9172.068404 5.510142e-18 5.510142e-18
9177.081953 7.279772e-18 7.279772e-18
9182.095501 6.032525e-18 6.032525e-18
9187.109049 7.8556e-18 7.8556e-18
9192.122597 7.33412e-18 7.33412e-18
9197.136146 1.062175e-17 1.062175e-17
9202.149694 9.665997e-18 9.665997e-18
9207.163242 8.917528e-18 8.917528e-18
9212.176791 1.02462e-17 1.02462e-17
9217.190339 6.371508e-18 6.371508e-18
9222.203887 9.129857e-18 9.129857e-18
9227.217436 1.307036e-17 1.307036e-17
9232.230984 1.272022e-17 1.272022e-17
9237.244532 8.325282e-18 8.325282e-18
9242.25808 9.364475e-18 9.364475e-18
9247.271629 9.534542e-18 9.534542e-18
9252.285177 9.777885e-18 9.777885e-18
9257.298725 7.76369e-18 7.76369e-18
9262.312274 9.262213e-18 9.262213e-18
9267.325822 1.110843e-17 1.110843e-17
9272.33937 9.132502e-18 9.132502e-18
