phase 261
delta 0.85 0.05
ebv 0.0177
Rv 3.1
redshift 0.004
flux_scale 1e16
resolution 3
vSi 11.90 0.10
3501.18154 2.272117e-16 2.272117e-16
3504.332313 1.293018e-16 1.293018e-16
3507.483085 -6.37602e-17 -6.37602e-17
3510.633858 1.623196e-16 1.623196e-16
3513.784631 4.972862e-17 4.972862e-17
3516.935404 8.056968e-17 8.056968e-17
3520.086176 2.443069e-16 2.443069e-16
3523.236949 4.06773e-17 4.06773e-17
3526.387722 2.02335e-16 2.02335e-16
3529.538495 1.580399e-16 1.580399e-16
3532.689267 1.627147e-16 1.627147e-16
3535.84004 1.074511e-16 1.074511e-16
3538.990813 1.64532e-16 1.64532e-16
3542.141586 4.37473e-17 4.37473e-17
3545.292358 3.146477e-17 3.146477e-17
3548.443131 1.258589e-16 1.258589e-16
3551.593904 1.949109e-16 1.949109e-16
3554.744677 1.153267e-16 1.153267e-16
3557.895449 5.211895e-17 5.211895e-17
3561.046222 1.12919e-16 1.12919e-16
3564.196995 1.243601e-16 1.243601e-16
3567.347768 5.698043e-17 5.698043e-17
3570.49854 5.163373e-17 5.163373e-17
3573.649313 1.727105e-16 1.727105e-16
3576.800086 1.802639e-16 1.802639e-16
3579.950859 2.560592e-17 2.560592e-17
3583.101631 1.895894e-16 1.895894e-16
3586.252404 7.331695e-17 7.331695e-17
3589.403177 1.601874e-16 1.601874e-16
3592.55395 3.51972e-17 3.51972e-17
3595.704722 1.349393e-16 1.349393e-16
3598.855495 -1.550041e-17 -1.550041e-17
3602.006268 1.111648e-17 1.111648e-17
3605.157041 1.183656e-16 1.183656e-16
3608.307813 8.476227e-17 8.476227e-17
3611.458586 1.502996e-16 1.502996e-16
3614.609359 6.282825e-17 6.282825e-17
3617.760132 1.083282e-15 1.083282e-15
3620.910904 6.617127e-17 6.617127e-17
3624.061677 4.59366e-17 4.59366e-17
3627.21245 3.344254e-17 3.344254e-17
3630.363223 9.29634e-17 9.29634e-17
3633.513995 1.473867e-16 1.473867e-16
3636.664768 1.17125e-16 1.17125e-16
3639.815541 1.323102e-16 1.323102e-16
3642.966314 4.545747e-17 4.545747e-17
3646.117086 8.69429e-17 8.69429e-17
3649.267859 7.908673e-17 7.908673e-17
3652.418632 7.696953e-17 7.696953e-17
3655.569405 9.894755e-17 9.894755e-17
3658.720177 6.051901e-17 6.051901e-17
3661.87095 1.660055e-17 1.660055e-17
3665.021723 2.792355e-17 2.792355e-17
3668.172496 8.292425e-17 8.292425e-17
3671.323268 -1.003445e-17 -1.003445e-17
3674.474041 1.174542e-16 1.174542e-16
3677.624814 -4.935e-21 -4.935e-21
3680.775587 2.71146e-17 2.71146e-17
3683.926359 -2.115045e-17 -2.115045e-17
3687.077132 1.38016e-16 1.38016e-16
3690.227905 7.82329e-17 7.82329e-17
3693.378678 4.742987e-17 4.742987e-17
3696.52945 -6.455896e-17 -6.455896e-17
3699.680223 7.35545e-17 7.35545e-17
3702.830996 1.465182e-17 1.465182e-17
3705.981769 1.315891e-16 1.315891e-16
3709.132541 -4.46e-20 -4.46e-20
3712.283314 8.522983e-17 8.522983e-17
3715.434087 -9.48635e-18 -9.48635e-18
3718.58486 1.070644e-16 1.070644e-16
3721.735632 -1.093323e-17 -1.093323e-17
3724.886405 8.912818e-17 8.912818e-17
3728.037178 4.250021e-17 4.250021e-17
3731.187951 7.600084e-17 7.600084e-17
3734.338723 6.793375e-17 6.793375e-17
3737.489496 5.967805e-17 5.967805e-17
3740.640269 9.222528e-17 9.222528e-17
3743.791042 -1.150069e-17 -1.150069e-17
3746.941814 5.548735e-17 5.548735e-17
3750.092587 7.564345e-17 7.564345e-17
3753.24336 3.03367e-17 3.03367e-17
3756.394133 2.703938e-17 2.703938e-17
3759.544905 4.219573e-17 4.219573e-17
3762.695678 1.838879e-17 1.838879e-17
3765.846451 4.997789e-17 4.997789e-17
3768.997224 7.354325e-17 7.354325e-17
3772.147996 6.396745e-17 6.396745e-17
3775.298769 -2.262785e-17 -2.262785e-17
3778.449542 -7.94875e-19 -7.94875e-19
3781.600315 1.13476e-17 1.13476e-17
3784.751087 3.764854e-17 3.764854e-17
3787.90186 -9.0442e-18 -9.0442e-18
3791.052633 3.102136e-17 3.102136e-17
3794.203406 1.30119e-17 1.30119e-17
3797.354178 2.503938e-17 2.503938e-17
3800.504951 6.763975e-18 6.763975e-18
3803.655724 -1.688862e-17 -1.688862e-17
3806.806497 2.191667e-17 2.191667e-17
3809.957269 -3.607008e-18 -3.607008e-18
3813.108042 3.25251e-17 3.25251e-17
3816.258815 2.641665e-17 2.641665e-17
3819.409588 2.92367e-17 2.92367e-17
3822.56036 -1.733315e-18 -1.733315e-18
3825.711133 6.876785e-18 6.876785e-18
3828.861906 3.294199e-17 3.294199e-17
3832.012679 2.052225e-17 2.052225e-17
3835.163451 2.258775e-17 2.258775e-17
3838.314224 1.040888e-17 1.040888e-17
3841.464997 8.933825e-18 8.933825e-18
3844.61577 3.405915e-17 3.405915e-17
3847.766542 2.550456e-17 2.550456e-17
3850.917315 6.47105e-17 6.47105e-17
3854.068088 3.110891e-17 3.110891e-17
3857.218861 2.320581e-17 2.320581e-17
3860.369633 2.85258e-17 2.85258e-17
3863.520406 4.612032e-17 4.612032e-17
3866.671179 6.84754e-17 6.84754e-17
3869.821952 2.617432e-17 2.617432e-17
3872.972724 5.518718e-17 5.518718e-17
3876.123497 6.766423e-17 6.766423e-17
3879.27427 4.722168e-17 4.722168e-17
3882.425043 5.52044e-17 5.52044e-17
3885.575815 6.173905e-17 6.173905e-17
3888.726588 7.623892e-17 7.623892e-17
3891.877361 1.241852e-16 1.241852e-16
3895.028134 4.056096e-17 4.056096e-17
3898.178906 7.941805e-17 7.941805e-17
3901.329679 7.242365e-17 7.242365e-17
3904.480452 6.175082e-17 6.175082e-17
3907.631225 9.449725e-17 9.449725e-17
3910.781997 8.017405e-17 8.017405e-17
3913.93277 8.420863e-17 8.420863e-17
3917.083543 7.403658e-17 7.403658e-17
3920.234316 8.315058e-17 8.315058e-17
3923.385088 7.493595e-17 7.493595e-17
3926.535861 9.307932e-17 9.307932e-17
3929.686634 8.19568e-17 8.19568e-17
3932.837407 8.21307e-17 8.21307e-17
3935.988179 7.338553e-17 7.338553e-17
3939.138952 4.820322e-17 4.820322e-17
3942.289725 7.508768e-17 7.508768e-17
3945.440498 5.943345e-17 5.943345e-17
3948.59127 9.111545e-17 9.111545e-17
3951.742043 7.774863e-17 7.774863e-17
3954.892816 8.940835e-17 8.940835e-17
3958.043589 5.885173e-17 5.885173e-17
3961.194361 9.568028e-17 9.568028e-17
3964.345134 6.789655e-17 6.789655e-17
3967.495907 8.964275e-17 8.964275e-17
3970.64668 7.298873e-17 7.298873e-17
3973.797452 7.350335e-17 7.350335e-17
3976.948225 1.096205e-16 1.096205e-16
3980.098998 9.74005e-17 9.74005e-17
3983.249771 6.084792e-17 6.084792e-17
3986.400543 6.48741e-17 6.48741e-17
3989.551316 8.729633e-17 8.729633e-17
3992.702089 8.45669e-17 8.45669e-17
3995.852862 8.37576e-17 8.37576e-17
3999.003634 6.511227e-17 6.511227e-17
4002.154407 9.95087e-17 9.95087e-17
4005.30518 8.943208e-17 8.943208e-17
4008.455953 6.818165e-17 6.818165e-17
4011.606725 6.559875e-17 6.559875e-17
4014.757498 6.473562e-17 6.473562e-17
4017.908271 7.52288e-17 7.52288e-17
4021.059044 8.856718e-17 8.856718e-17
4024.209816 1.025071e-16 1.025071e-16
4027.360589 7.05147e-17 7.05147e-17
4030.511362 7.0286e-17 7.0286e-17
4033.662135 7.064868e-17 7.064868e-17
4036.812907 6.984165e-17 6.984165e-17
4039.96368 8.479775e-17 8.479775e-17
4043.114453 6.035155e-17 6.035155e-17
4046.265226 7.87633e-17 7.87633e-17
4049.415998 9.928323e-17 9.928323e-17
4052.566771 5.963027e-17 5.963027e-17
4055.717544 5.838799e-17 5.838799e-17
4058.868317 4.52518e-17 4.52518e-17
4062.019089 8.959115e-17 8.959115e-17
4065.169862 4.42879e-17 4.42879e-17
4068.320635 5.580293e-17 5.580293e-17
4071.471408 9.66877e-17 9.66877e-17
4074.62218 8.238127e-17 8.238127e-17
4077.772953 7.808072e-17 7.808072e-17
4080.923726 8.32674e-17 8.32674e-17
4084.074499 7.233703e-17 7.233703e-17
4087.225271 5.72404e-17 5.72404e-17
4090.376044 5.602445e-17 5.602445e-17
4093.526817 5.713077e-17 5.713077e-17
4096.67759 7.714193e-17 7.714193e-17
4099.828362 8.684483e-17 8.684483e-17
4102.979135 6.295988e-17 6.295988e-17
4106.129908 4.254605e-17 4.254605e-17
4109.280681 5.041092e-17 5.041092e-17
4112.431453 6.003542e-17 6.003542e-17
4115.582226 5.353437e-17 5.353437e-17
4118.732999 4.91025e-17 4.91025e-17
4121.883772 6.811545e-17 6.811545e-17
4125.034544 7.46572e-17 7.46572e-17
4128.185317 4.218139e-17 4.218139e-17
4131.33609 7.648007e-17 7.648007e-17
4134.486863 4.288437e-17 4.288437e-17
4137.637635 7.58381e-17 7.58381e-17
4140.788408 8.877685e-17 8.877685e-17
4143.939181 7.17717e-17 7.17717e-17
4147.089954 6.80845e-17 6.80845e-17
4150.240726 6.741048e-17 6.741048e-17
4153.391499 7.119442e-17 7.119442e-17
4156.542272 7.187163e-17 7.187163e-17
4159.693045 6.533217e-17 6.533217e-17
4162.843817 9.289238e-17 9.289238e-17
4165.99459 7.61021e-17 7.61021e-17
4169.145363 6.86185e-17 6.86185e-17
4172.296136 8.10851e-17 8.10851e-17
4175.446908 8.424777e-17 8.424777e-17
4178.597681 8.464503e-17 8.464503e-17
4181.748454 5.640953e-17 5.640953e-17
4184.899226 6.492737e-17 6.492737e-17
4188.049999 8.071205e-17 8.071205e-17
4191.200772 6.750377e-17 6.750377e-17
4194.351545 7.596332e-17 7.596332e-17
4197.502317 7.502493e-17 7.502493e-17
4200.65309 8.636982e-17 8.636982e-17
4203.803863 9.513305e-17 9.513305e-17
4206.954636 1.038367e-16 1.038367e-16
4210.105408 6.265147e-17 6.265147e-17
4213.256181 7.900685e-17 7.900685e-17
4216.406954 9.848993e-17 9.848993e-17
4219.557727 1.112528e-16 1.112528e-16
4222.708499 9.114127e-17 9.114127e-17
4225.859272 1.078791e-16 1.078791e-16
4229.010045 8.89094e-17 8.89094e-17
4232.160818 1.099829e-16 1.099829e-16
4235.31159 1.004674e-16 1.004674e-16
4238.462363 1.08322e-16 1.08322e-16
4241.613136 1.164352e-16 1.164352e-16
4244.763909 1.33525e-16 1.33525e-16
4247.914681 1.301502e-16 1.301502e-16
4251.065454 1.28313e-16 1.28313e-16
4254.216227 1.044108e-16 1.044108e-16
4257.367 1.456947e-16 1.456947e-16
4260.517772 1.331538e-16 1.331538e-16
4263.668545 1.302063e-16 1.302063e-16
4266.819318 1.33992e-16 1.33992e-16
4269.970091 1.417212e-16 1.417212e-16
4273.120863 1.102012e-16 1.102012e-16
4276.271636 1.334288e-16 1.334288e-16
4279.422409 1.296636e-16 1.296636e-16
4282.573182 1.371172e-16 1.371172e-16
4285.723954 1.248007e-16 1.248007e-16
4288.874727 1.627385e-16 1.627385e-16
4292.0255 1.527445e-16 1.527445e-16
4295.176273 1.402453e-16 1.402453e-16
4298.327045 1.440708e-16 1.440708e-16
4301.477818 1.61915e-16 1.61915e-16
4304.628591 1.760235e-16 1.760235e-16
4307.779364 1.576073e-16 1.576073e-16
4310.930136 1.729958e-16 1.729958e-16
4314.080909 1.712775e-16 1.712775e-16
4317.231682 1.820045e-16 1.820045e-16
4320.382455 1.642887e-16 1.642887e-16
4323.533227 1.516665e-16 1.516665e-16
4326.684 1.75188e-16 1.75188e-16
4329.834773 1.815132e-16 1.815132e-16
4332.985546 1.855983e-16 1.855983e-16
4336.136318 1.722225e-16 1.722225e-16
4339.287091 1.636565e-16 1.636565e-16
4342.437864 1.838858e-16 1.838858e-16
4345.588637 1.757787e-16 1.757787e-16
4348.739409 1.899052e-16 1.899052e-16
4351.890182 1.812375e-16 1.812375e-16
4355.040955 1.680505e-16 1.680505e-16
4358.191728 1.729715e-16 1.729715e-16
4361.3425 1.498045e-16 1.498045e-16
4364.493273 1.87895e-16 1.87895e-16
4367.644046 1.81284e-16 1.81284e-16
4370.794819 1.779815e-16 1.779815e-16
4373.945591 1.595595e-16 1.595595e-16
4377.096364 1.74654e-16 1.74654e-16
4380.247137 1.688465e-16 1.688465e-16
4383.39791 1.78717e-16 1.78717e-16
4386.548682 1.943647e-16 1.943647e-16
4389.699455 1.699862e-16 1.699862e-16
4392.850228 1.706555e-16 1.706555e-16
4396.001001 1.950313e-16 1.950313e-16
4399.151773 1.934115e-16 1.934115e-16
4402.302546 1.688495e-16 1.688495e-16
4405.453319 1.661765e-16 1.661765e-16
4408.604092 1.786495e-16 1.786495e-16
4411.754864 1.720637e-16 1.720637e-16
4414.905637 1.743172e-16 1.743172e-16
4418.05641 1.826635e-16 1.826635e-16
4421.207183 1.692157e-16 1.692157e-16
4424.357955 1.838627e-16 1.838627e-16
4427.508728 1.752038e-16 1.752038e-16
4430.659501 1.687025e-16 1.687025e-16
4433.810274 1.798328e-16 1.798328e-16
4436.961046 1.907433e-16 1.907433e-16
4440.111819 1.839925e-16 1.839925e-16
4443.262592 1.828475e-16 1.828475e-16
4446.413365 1.819688e-16 1.819688e-16
4449.564137 1.6979e-16 1.6979e-16
4452.71491 1.795988e-16 1.795988e-16
4455.865683 1.847822e-16 1.847822e-16
4459.016456 1.806302e-16 1.806302e-16
4462.167228 1.591475e-16 1.591475e-16
4465.318001 1.546375e-16 1.546375e-16
4468.468774 1.678782e-16 1.678782e-16
4471.619547 1.747147e-16 1.747147e-16
4474.770319 1.666567e-16 1.666567e-16
4477.921092 1.806937e-16 1.806937e-16
4481.071865 1.526205e-16 1.526205e-16
4484.222638 1.467272e-16 1.467272e-16
4487.37341 1.689505e-16 1.689505e-16
4490.524183 1.39642e-16 1.39642e-16
4493.674956 1.521832e-16 1.521832e-16
4496.825729 1.436645e-16 1.436645e-16
4499.976501 1.579973e-16 1.579973e-16
4503.127274 1.43093e-16 1.43093e-16
4506.278047 1.45616e-16 1.45616e-16
4509.42882 1.50972e-16 1.50972e-16
4512.579592 1.39391e-16 1.39391e-16
4515.730365 1.61884e-16 1.61884e-16
4518.881138 1.561828e-16 1.561828e-16
4522.031911 1.568465e-16 1.568465e-16
4525.182683 1.63158e-16 1.63158e-16
4528.333456 1.657733e-16 1.657733e-16
4531.484229 1.498958e-16 1.498958e-16
4534.635002 1.665853e-16 1.665853e-16
4537.785774 1.810815e-16 1.810815e-16
4540.936547 1.6341e-16 1.6341e-16
4544.08732 1.877485e-16 1.877485e-16
4547.238093 1.802857e-16 1.802857e-16
4550.388865 2.006493e-16 2.006493e-16
4553.539638 1.978632e-16 1.978632e-16
4556.690411 2.114227e-16 2.114227e-16
4559.841184 2.17355e-16 2.17355e-16
4562.991956 2.124325e-16 2.124325e-16
4566.142729 2.155003e-16 2.155003e-16
4569.293502 2.26114e-16 2.26114e-16
4572.444275 2.39954e-16 2.39954e-16
4575.595047 2.504317e-16 2.504317e-16
4578.74582 2.504252e-16 2.504252e-16
4581.896593 2.551447e-16 2.551447e-16
4585.047366 2.706235e-16 2.706235e-16
4588.198138 2.884105e-16 2.884105e-16
4591.348911 2.856832e-16 2.856832e-16
4594.499684 3.058818e-16 3.058818e-16
4597.650457 3.10865e-16 3.10865e-16
4600.801229 3.153775e-16 3.153775e-16
4603.952002 3.491997e-16 3.491997e-16
4607.102775 3.432465e-16 3.432465e-16
4610.253548 3.401523e-16 3.401523e-16
4613.40432 3.535305e-16 3.535305e-16
4616.555093 3.856815e-16 3.856815e-16
4619.705866 3.572445e-16 3.572445e-16
4622.856639 3.727738e-16 3.727738e-16
4626.007411 3.98468e-16 3.98468e-16
4629.158184 4.101277e-16 4.101277e-16
4632.308957 4.046228e-16 4.046228e-16
4635.45973 4.22508e-16 4.22508e-16
4638.610502 4.282415e-16 4.282415e-16
4641.761275 4.30666e-16 4.30666e-16
4644.912048 4.599668e-16 4.599668e-16
4648.062821 4.570438e-16 4.570438e-16
4651.213593 4.7053e-16 4.7053e-16
4654.364366 4.853567e-16 4.853567e-16
4657.515139 4.969975e-16 4.969975e-16
4660.665912 4.999137e-16 4.999137e-16
4663.816684 4.98041e-16 4.98041e-16
4666.967457 5.065923e-16 5.065923e-16
4670.11823 5.070288e-16 5.070288e-16
4673.269003 5.122125e-16 5.122125e-16
4676.419775 5.069707e-16 5.069707e-16
4679.570548 5.319412e-16 5.319412e-16
4682.721321 5.444e-16 5.444e-16
4685.872094 5.431793e-16 5.431793e-16
4689.022866 5.394365e-16 5.394365e-16
4692.173639 5.383147e-16 5.383147e-16
4695.324412 5.420097e-16 5.420097e-16
4698.475185 5.519242e-16 5.519242e-16
4701.625957 5.606487e-16 5.606487e-16
4704.77673 5.448315e-16 5.448315e-16
4707.927503 5.492342e-16 5.492342e-16
4711.078276 5.619467e-16 5.619467e-16
4714.229048 5.666813e-16 5.666813e-16
4717.379821 5.71486e-16 5.71486e-16
4720.530594 5.521577e-16 5.521577e-16
4723.681367 5.61868e-16 5.61868e-16
4726.832139 5.63071e-16 5.63071e-16
4729.982912 5.443583e-16 5.443583e-16
4733.133685 5.638112e-16 5.638112e-16
4736.284458 5.743955e-16 5.743955e-16
4739.43523 5.534403e-16 5.534403e-16
4742.586003 5.414578e-16 5.414578e-16
4745.736776 5.449585e-16 5.449585e-16
4748.887549 5.402983e-16 5.402983e-16
4752.038321 5.293615e-16 5.293615e-16
4755.189094 5.275443e-16 5.275443e-16
4758.339867 5.02064e-16 5.02064e-16
4761.49064 5.001432e-16 5.001432e-16
4764.641412 5.070803e-16 5.070803e-16
4767.792185 5.01871e-16 5.01871e-16
4770.942958 4.700835e-16 4.700835e-16
4774.093731 4.754948e-16 4.754948e-16
4777.244503 4.66363e-16 4.66363e-16
4780.395276 4.688645e-16 4.688645e-16
4783.546049 4.613848e-16 4.613848e-16
4786.696822 4.583005e-16 4.583005e-16
4789.847594 4.348333e-16 4.348333e-16
4792.998367 4.299535e-16 4.299535e-16
4796.14914 4.192235e-16 4.192235e-16
4799.299913 4.015888e-16 4.015888e-16
4802.450685 4.043243e-16 4.043243e-16
4805.601458 3.763505e-16 3.763505e-16
4808.752231 3.568715e-16 3.568715e-16
4811.903004 3.487683e-16 3.487683e-16
4815.053776 3.275758e-16 3.275758e-16
4818.204549 3.235415e-16 3.235415e-16
4821.355322 3.222802e-16 3.222802e-16
4824.506095 2.937773e-16 2.937773e-16
4827.656867 2.946013e-16 2.946013e-16
4830.80764 2.88824e-16 2.88824e-16
4833.958413 2.816545e-16 2.816545e-16
4837.109186 2.756142e-16 2.756142e-16
4840.259958 2.747822e-16 2.747822e-16
4843.410731 2.558172e-16 2.558172e-16
4846.561504 2.57861e-16 2.57861e-16
4849.712277 2.494543e-16 2.494543e-16
4852.863049 2.356535e-16 2.356535e-16
4856.013822 2.328433e-16 2.328433e-16
4859.164595 2.206362e-16 2.206362e-16
4862.315368 2.246632e-16 2.246632e-16
4865.46614 2.290525e-16 2.290525e-16
4868.616913 2.10163e-16 2.10163e-16
4871.767686 1.996763e-16 1.996763e-16
4874.918459 2.115837e-16 2.115837e-16
4878.069231 2.08989e-16 2.08989e-16
4881.220004 2.024095e-16 2.024095e-16
4884.370777 1.423149e-16 1.423149e-16
4887.52155 1.89201e-16 1.89201e-16
4890.672322 1.905225e-16 1.905225e-16
4893.823095 1.773135e-16 1.773135e-16
4896.973868 1.88503e-16 1.88503e-16
4900.124641 1.713172e-16 1.713172e-16
4903.275413 1.73753e-16 1.73753e-16
4906.426186 1.855678e-16 1.855678e-16
4909.576959 1.79314e-16 1.79314e-16
4912.727732 1.68681e-16 1.68681e-16
4915.878504 1.724648e-16 1.724648e-16
4919.029277 1.726958e-16 1.726958e-16
4922.18005 1.68782e-16 1.68782e-16
4925.330823 1.668342e-16 1.668342e-16
4928.481595 1.666577e-16 1.666577e-16
4931.632368 1.78702e-16 1.78702e-16
4934.783141 1.67643e-16 1.67643e-16
4937.933914 1.798147e-16 1.798147e-16
4941.084686 1.72938e-16 1.72938e-16
4944.235459 1.859208e-16 1.859208e-16
4947.386232 1.84004e-16 1.84004e-16
4950.537005 1.831092e-16 1.831092e-16
4953.687777 1.852703e-16 1.852703e-16
4956.83855 1.89824e-16 1.89824e-16
4959.989323 1.8654e-16 1.8654e-16
4963.140096 1.98606e-16 1.98606e-16
4966.290868 1.921335e-16 1.921335e-16
4969.441641 2.032062e-16 2.032062e-16
4972.592414 1.908895e-16 1.908895e-16
4975.743187 1.923365e-16 1.923365e-16
4978.893959 1.949788e-16 1.949788e-16
4982.044732 1.853832e-16 1.853832e-16
4985.195505 2.035245e-16 2.035245e-16
4988.346278 1.940302e-16 1.940302e-16
4991.49705 2.050725e-16 2.050725e-16
4994.647823 2.010487e-16 2.010487e-16
4997.798596 1.917935e-16 1.917935e-16
5000.949369 1.979717e-16 1.979717e-16
5004.100141 1.953845e-16 1.953845e-16
5007.250914 2.11224e-16 2.11224e-16
5010.401687 1.91325e-16 1.91325e-16
5013.55246 1.901535e-16 1.901535e-16
5016.703232 2.00867e-16 2.00867e-16
5019.854005 2.087782e-16 2.087782e-16
5023.004778 1.974725e-16 1.974725e-16
5026.155551 1.952913e-16 1.952913e-16
5029.306323 2.01155e-16 2.01155e-16
5032.457096 2.284697e-16 2.284697e-16
5035.607869 2.10572e-16 2.10572e-16
5038.758642 2.139192e-16 2.139192e-16
5041.909414 1.89472e-16 1.89472e-16
5045.060187 1.97222e-16 1.97222e-16
5048.21096 1.999458e-16 1.999458e-16
5051.361733 2.013255e-16 2.013255e-16
5054.512505 1.978948e-16 1.978948e-16
5057.663278 2.011505e-16 2.011505e-16
5060.814051 2.087328e-16 2.087328e-16
5063.964824 1.988948e-16 1.988948e-16
5067.115596 1.852712e-16 1.852712e-16
5070.266369 1.991653e-16 1.991653e-16
5073.417142 1.992355e-16 1.992355e-16
5076.567915 1.926117e-16 1.926117e-16
5079.718687 1.908368e-16 1.908368e-16
5082.86946 1.951282e-16 1.951282e-16
5086.020233 1.906895e-16 1.906895e-16
5089.171006 1.981277e-16 1.981277e-16
5092.321778 1.945942e-16 1.945942e-16
5095.472551 1.833822e-16 1.833822e-16
5098.623324 1.804378e-16 1.804378e-16
5101.774097 1.704792e-16 1.704792e-16
5104.924869 1.67398e-16 1.67398e-16
5108.075642 1.781092e-16 1.781092e-16
5111.226415 1.716792e-16 1.716792e-16
5114.377188 1.646767e-16 1.646767e-16
5117.52796 1.813475e-16 1.813475e-16
5120.678733 1.675045e-16 1.675045e-16
5123.829506 1.526458e-16 1.526458e-16
5126.980279 1.623295e-16 1.623295e-16
5130.131051 1.539452e-16 1.539452e-16
5133.281824 1.490967e-16 1.490967e-16
5136.432597 1.603125e-16 1.603125e-16
5139.58337 1.629095e-16 1.629095e-16
5142.734142 1.510453e-16 1.510453e-16
5145.884915 1.595573e-16 1.595573e-16
5149.035688 1.462495e-16 1.462495e-16
5152.186461 1.505673e-16 1.505673e-16
5155.337233 1.367845e-16 1.367845e-16
5158.488006 1.482885e-16 1.482885e-16
5161.638779 1.521175e-16 1.521175e-16
5164.789552 1.669837e-16 1.669837e-16
5167.940324 1.552235e-16 1.552235e-16
5171.091097 1.603528e-16 1.603528e-16
5174.24187 1.76815e-16 1.76815e-16
5177.392643 1.671247e-16 1.671247e-16
5180.543415 1.634785e-16 1.634785e-16
5183.694188 1.846262e-16 1.846262e-16
5186.844961 1.767508e-16 1.767508e-16
5189.995734 1.846957e-16 1.846957e-16
5193.146506 2.066287e-16 2.066287e-16
5196.297279 2.009002e-16 2.009002e-16
5199.448052 2.108768e-16 2.108768e-16
5202.598825 2.234108e-16 2.234108e-16
5205.749597 2.369293e-16 2.369293e-16
5208.90037 2.33408e-16 2.33408e-16
5212.051143 2.318323e-16 2.318323e-16
5215.201916 2.524438e-16 2.524438e-16
5218.352688 2.397342e-16 2.397342e-16
5221.503461 2.410725e-16 2.410725e-16
5224.654234 2.544868e-16 2.544868e-16
5227.805007 2.645062e-16 2.645062e-16
5230.955779 2.747113e-16 2.747113e-16
5234.106552 2.753888e-16 2.753888e-16
5237.257325 2.91194e-16 2.91194e-16
5240.408098 2.902757e-16 2.902757e-16
5243.55887 2.881818e-16 2.881818e-16
5246.709643 2.940773e-16 2.940773e-16
5249.860416 2.951815e-16 2.951815e-16
5253.011189 3.042857e-16 3.042857e-16
5256.161961 2.929732e-16 2.929732e-16
5259.312734 2.998042e-16 2.998042e-16
5262.463507 2.997002e-16 2.997002e-16
5265.61428 2.98612e-16 2.98612e-16
5268.765052 3.040145e-16 3.040145e-16
5271.915825 3.0955e-16 3.0955e-16
5275.066598 3.093975e-16 3.093975e-16
5278.217371 3.170018e-16 3.170018e-16
5281.368143 3.172267e-16 3.172267e-16
5284.518916 3.070882e-16 3.070882e-16
5287.669689 3.252672e-16 3.252672e-16
5290.820462 3.134672e-16 3.134672e-16
5293.971234 3.12601e-16 3.12601e-16
5297.122007 3.139763e-16 3.139763e-16
5300.27278 3.120975e-16 3.120975e-16
5303.423553 3.17789e-16 3.17789e-16
5306.574325 3.170055e-16 3.170055e-16
5309.725098 3.129565e-16 3.129565e-16
5312.875871 3.003425e-16 3.003425e-16
5316.026644 3.037118e-16 3.037118e-16
5319.177416 3.045473e-16 3.045473e-16
5322.328189 2.869848e-16 2.869848e-16
5325.478962 2.956645e-16 2.956645e-16
5328.629735 2.959207e-16 2.959207e-16
5331.780507 2.956815e-16 2.956815e-16
5334.93128 2.908927e-16 2.908927e-16
5338.082053 2.893815e-16 2.893815e-16
5341.232826 2.804755e-16 2.804755e-16
5344.383598 2.761952e-16 2.761952e-16
5347.534371 2.83659e-16 2.83659e-16
5350.685144 2.747357e-16 2.747357e-16
5353.835917 2.82166e-16 2.82166e-16
5356.986689 2.79219e-16 2.79219e-16
5360.137462 2.695008e-16 2.695008e-16
5363.288235 2.739048e-16 2.739048e-16
5366.439008 2.56108e-16 2.56108e-16
5369.58978 2.611883e-16 2.611883e-16
5372.740553 2.44941e-16 2.44941e-16
5375.891326 2.35471e-16 2.35471e-16
5379.042099 2.489303e-16 2.489303e-16
5382.192871 2.402425e-16 2.402425e-16
5385.343644 2.384427e-16 2.384427e-16
5388.494417 2.323423e-16 2.323423e-16
5391.64519 2.252342e-16 2.252342e-16
5394.795962 2.164105e-16 2.164105e-16
5397.946735 2.064778e-16 2.064778e-16
5401.097508 1.951202e-16 1.951202e-16
5404.248281 1.973218e-16 1.973218e-16
5407.399053 1.912165e-16 1.912165e-16
5410.549826 1.887967e-16 1.887967e-16
5413.700599 1.84251e-16 1.84251e-16
5416.851372 1.754827e-16 1.754827e-16
5420.002144 1.720962e-16 1.720962e-16
5423.152917 1.69489e-16 1.69489e-16
5426.30369 1.556278e-16 1.556278e-16
5429.454463 1.475815e-16 1.475815e-16
5432.605235 1.49629e-16 1.49629e-16
5435.756008 1.39791e-16 1.39791e-16
5438.906781 1.31693e-16 1.31693e-16
5442.057554 1.249255e-16 1.249255e-16
5445.208326 1.139032e-16 1.139032e-16
5448.359099 1.078649e-16 1.078649e-16
5451.509872 1.063409e-16 1.063409e-16
5454.660645 9.404422e-17 9.404422e-17
5457.811417 9.460145e-17 9.460145e-17
5460.96219 9.580833e-17 9.580833e-17
5464.112963 7.653285e-17 7.653285e-17
5467.263736 8.80379e-17 8.80379e-17
5470.414508 8.639977e-17 8.639977e-17
5473.565281 8.484665e-17 8.484665e-17
5476.716054 7.790455e-17 7.790455e-17
5479.866827 7.627248e-17 7.627248e-17
5483.017599 7.489045e-17 7.489045e-17
5486.168372 8.702012e-17 8.702012e-17
5489.319145 7.135052e-17 7.135052e-17
5492.469918 5.830523e-17 5.830523e-17
5495.62069 8.131527e-17 8.131527e-17
5498.771463 7.796485e-17 7.796485e-17
5502.151047 5.214418e-17 5.214418e-17
5507.164595 6.315903e-17 6.315903e-17
5512.178143 4.894098e-17 4.894098e-17
5517.191692 4.158863e-17 4.158863e-17
5522.20524 3.470885e-17 3.470885e-17
5527.218788 4.69782e-17 4.69782e-17
5532.232336 8.621417e-17 8.621417e-17
5537.245885 5.210187e-17 5.210187e-17
5542.259433 6.295e-17 6.295e-17
5547.272981 2.55167e-17 2.55167e-17
5552.28653 4.07909e-17 4.07909e-17
5557.300078 2.997583e-17 2.997583e-17
5562.313626 5.11637e-17 5.11637e-17
5567.327175 4.711477e-17 4.711477e-17
5572.340723 5.096245e-17 5.096245e-17
5577.354271 2.128835e-17 2.128835e-17
5582.36782 5.324036e-17 5.324036e-17
5587.381368 2.944354e-17 2.944354e-17
5592.394916 4.137928e-17 4.137928e-17
5597.408464 4.27881e-17 4.27881e-17
5602.422013 3.250918e-17 3.250918e-17
5607.435561 4.281627e-17 4.281627e-17
5612.449109 3.310278e-17 3.310278e-17
5617.462658 3.751485e-17 3.751485e-17
5622.476206 3.296822e-17 3.296822e-17
5627.489754 3.500632e-17 3.500632e-17
5632.503303 4.003702e-17 4.003702e-17
5637.516851 2.664775e-17 2.664775e-17
5642.530399 3.449245e-17 3.449245e-17
5647.543947 2.219768e-17 2.219768e-17
5652.557496 3.525068e-17 3.525068e-17
5657.571044 1.724965e-17 1.724965e-17
5662.584592 2.23725e-17 2.23725e-17
5667.598141 2.275601e-17 2.275601e-17
5672.611689 2.612945e-17 2.612945e-17
5677.625237 1.371198e-17 1.371198e-17
5682.638786 1.857629e-17 1.857629e-17
5687.652334 2.322477e-17 2.322477e-17
5692.665882 1.708624e-17 1.708624e-17
5697.67943 2.228162e-17 2.228162e-17
5702.692979 1.190458e-17 1.190458e-17
5707.706527 1.67526e-17 1.67526e-17
5712.720075 6.784208e-18 6.784208e-18
5717.733624 2.126245e-17 2.126245e-17
5722.747172 1.395029e-17 1.395029e-17
5727.76072 1.90029e-17 1.90029e-17
5732.774269 1.817493e-17 1.817493e-17
5737.787817 1.806653e-17 1.806653e-17
5742.801365 2.284635e-17 2.284635e-17
5747.814913 1.62875e-17 1.62875e-17
5752.828462 2.036125e-17 2.036125e-17
5757.84201 3.087778e-17 3.087778e-17
5762.855558 3.439333e-17 3.439333e-17
5767.869107 2.141665e-17 2.141665e-17
5772.882655 1.561102e-17 1.561102e-17
5777.896203 2.064313e-17 2.064313e-17
5782.909752 1.375353e-17 1.375353e-17
5787.9233 2.34569e-17 2.34569e-17
5792.936848 2.382427e-17 2.382427e-17
5797.950397 2.613565e-17 2.613565e-17
5802.963945 2.663562e-17 2.663562e-17
5807.977493 3.775268e-17 3.775268e-17
5812.991041 2.440588e-17 2.440588e-17
5818.00459 3.427505e-17 3.427505e-17
5823.018138 3.69678e-17 3.69678e-17
5828.031686 3.418843e-17 3.418843e-17
5833.045235 3.734767e-17 3.734767e-17
5838.058783 4.569407e-17 4.569407e-17
5843.072331 4.670728e-17 4.670728e-17
5848.08588 3.610705e-17 3.610705e-17
5853.099428 3.47498e-17 3.47498e-17
5858.112976 3.546548e-17 3.546548e-17
5863.126524 3.31962e-17 3.31962e-17
5868.140073 4.82874e-17 4.82874e-17
5873.153621 3.995255e-17 3.995255e-17
5878.167169 4.21948e-17 4.21948e-17
5883.180718 4.159565e-17 4.159565e-17
5888.194266 4.764948e-17 4.764948e-17
5893.207814 5.374905e-17 5.374905e-17
5898.221363 4.33438e-17 4.33438e-17
5903.234911 6.16005e-17 6.16005e-17
5908.248459 5.415065e-17 5.415065e-17
5913.262007 5.89942e-17 5.89942e-17
5918.275556 5.300475e-17 5.300475e-17
5923.289104 5.38035e-17 5.38035e-17
5928.302652 5.57168e-17 5.57168e-17
5933.316201 6.021158e-17 6.021158e-17
5938.329749 5.98518e-17 5.98518e-17
5943.343297 5.837872e-17 5.837872e-17
5948.356846 5.7418e-17 5.7418e-17
5953.370394 5.813668e-17 5.813668e-17
5958.383942 5.846785e-17 5.846785e-17
5963.397491 5.771532e-17 5.771532e-17
5968.411039 5.861695e-17 5.861695e-17
5973.424587 5.982228e-17 5.982228e-17
5978.438135 5.191735e-17 5.191735e-17
5983.451684 5.55184e-17 5.55184e-17
5988.465232 4.916153e-17 4.916153e-17
5993.47878 5.708278e-17 5.708278e-17
5998.492329 4.949688e-17 4.949688e-17
6003.505877 5.312465e-17 5.312465e-17
6008.519425 4.383083e-17 4.383083e-17
6013.532974 4.619218e-17 4.619218e-17
6018.546522 4.19511e-17 4.19511e-17
6023.56007 4.898275e-17 4.898275e-17
6028.573618 4.94196e-17 4.94196e-17
6033.587167 3.889497e-17 3.889497e-17
6038.600715 3.751962e-17 3.751962e-17
6043.614263 4.17083e-17 4.17083e-17
6048.627812 3.3787e-17 3.3787e-17
6053.64136 3.342095e-17 3.342095e-17
6058.654908 3.306345e-17 3.306345e-17
6063.668457 3.438375e-17 3.438375e-17
6068.682005 3.129605e-17 3.129605e-17
6073.695553 2.67283e-17 2.67283e-17
6078.709101 2.08238e-17 2.08238e-17
6083.72265 1.740262e-17 1.740262e-17
6088.736198 2.45971e-17 2.45971e-17
6093.749746 2.355966e-17 2.355966e-17
6098.763295 1.95201e-17 1.95201e-17
6103.776843 1.546332e-17 1.546332e-17
6108.790391 2.452845e-17 2.452845e-17
6113.80394 1.595785e-17 1.595785e-17
6118.817488 1.724542e-17 1.724542e-17
6123.831036 1.664603e-17 1.664603e-17
6128.844585 1.625682e-17 1.625682e-17
6133.858133 2.99782e-17 2.99782e-17
6138.871681 2.733227e-17 2.733227e-17
6143.885229 2.161863e-17 2.161863e-17
6148.898778 2.0823e-17 2.0823e-17
6153.912326 1.879026e-17 1.879026e-17
6158.925874 1.676515e-17 1.676515e-17
6163.939423 2.03724e-17 2.03724e-17
6168.952971 2.607047e-17 2.607047e-17
6173.966519 1.659515e-17 1.659515e-17
6178.980068 3.01068e-17 3.01068e-17
6183.993616 3.00845e-17 3.00845e-17
6189.007164 2.999135e-17 2.999135e-17
6194.020712 2.602875e-17 2.602875e-17
6199.034261 2.694835e-17 2.694835e-17
6204.047809 2.540587e-17 2.540587e-17
6209.061357 2.787337e-17 2.787337e-17
6214.074906 3.018205e-17 3.018205e-17
6219.088454 2.827093e-17 2.827093e-17
6224.102002 3.16906e-17 3.16906e-17
6229.115551 2.71299e-17 2.71299e-17
6234.129099 2.983738e-17 2.983738e-17
6239.142647 3.715487e-17 3.715487e-17
6244.156195 3.60778e-17 3.60778e-17
6249.169744 3.67763e-17 3.67763e-17
6254.183292 2.706188e-17 2.706188e-17
6259.19684 1.773794e-17 1.773794e-17
6264.210389 2.612912e-17 2.612912e-17
6269.223937 2.79481e-17 2.79481e-17
6274.237485 2.68657e-17 2.68657e-17
6279.251034 2.56333e-17 2.56333e-17
6284.264582 2.313277e-17 2.313277e-17
6289.27813 2.663682e-17 2.663682e-17
6294.291678 2.58542e-17 2.58542e-17
6299.305227 -3.966617e-17 -3.966617e-17
6304.318775 5.794976e-17 5.794976e-17
6309.332323 2.462281e-17 2.462281e-17
6314.345872 2.226245e-17 2.226245e-17
6319.35942 1.421591e-17 1.421591e-17
6324.372968 2.376235e-17 2.376235e-17
6329.386517 8.84717e-18 8.84717e-18
6334.400065 3.09459e-17 3.09459e-17
6339.413613 2.141205e-17 2.141205e-17
6344.427162 1.460915e-17 1.460915e-17
6349.44071 1.465344e-17 1.465344e-17
6354.454258 1.384104e-17 1.384104e-17
6359.467806 2.210747e-17 2.210747e-17
6364.481355 2.895529e-17 2.895529e-17
6369.494903 1.686598e-17 1.686598e-17
6374.508451 9.42796e-18 9.42796e-18
6379.522 1.039221e-17 1.039221e-17
6384.535548 9.274867e-18 9.274867e-18
6389.549096 1.148872e-17 1.148872e-17
6394.562645 2.074513e-17 2.074513e-17
6399.576193 1.100031e-17 1.100031e-17
6404.589741 1.26896e-17 1.26896e-17
6409.603289 2.257972e-17 2.257972e-17
6414.616838 1.634185e-17 1.634185e-17
6419.630386 1.771648e-17 1.771648e-17
6424.643934 1.130766e-17 1.130766e-17
6429.657483 1.479555e-17 1.479555e-17
6434.671031 1.426538e-17 1.426538e-17
6439.684579 2.357573e-17 2.357573e-17
6444.698128 2.42529e-17 2.42529e-17
6449.711676 2.126415e-17 2.126415e-17
6454.725224 2.33059e-17 2.33059e-17
6459.738772 1.968938e-17 1.968938e-17
6464.752321 2.556233e-17 2.556233e-17
6469.765869 2.348235e-17 2.348235e-17
6474.779417 2.327592e-17 2.327592e-17
6479.792966 2.657475e-17 2.657475e-17
6484.806514 2.85454e-17 2.85454e-17
6489.820062 3.043012e-17 3.043012e-17
6494.833611 3.498875e-17 3.498875e-17
6499.847159 3.018559e-17 3.018559e-17
6504.860707 3.973625e-17 3.973625e-17
6509.874256 3.407812e-17 3.407812e-17
6514.887804 4.300203e-17 4.300203e-17
6519.901352 3.395128e-17 3.395128e-17
6524.9149 4.356065e-17 4.356065e-17
6529.928449 4.519408e-17 4.519408e-17
6534.941997 3.52361e-17 3.52361e-17
6539.955545 5.034565e-17 5.034565e-17
6544.969094 3.902705e-17 3.902705e-17
6549.982642 4.646223e-17 4.646223e-17
6554.99619 4.3323e-17 4.3323e-17
6560.009739 3.736025e-17 3.736025e-17
6565.023287 5.176835e-17 5.176835e-17
6570.036835 5.021117e-17 5.021117e-17
6575.050383 4.855953e-17 4.855953e-17
6580.063932 3.054447e-17 3.054447e-17
6585.07748 5.419125e-17 5.419125e-17
6590.091028 4.19041e-17 4.19041e-17
6595.104577 -9.174511e-17 -9.174511e-17
6600.118125 4.857743e-17 4.857743e-17
6605.131673 4.383427e-17 4.383427e-17
6610.145222 4.917227e-17 4.917227e-17
6615.15877 1.202158e-17 1.202158e-17
6620.172318 6.719092e-17 6.719092e-17
6625.185866 4.864418e-17 4.864418e-17
6630.199415 4.194353e-17 4.194353e-17
6635.212963 4.950858e-17 4.950858e-17
6640.226511 3.94194e-17 3.94194e-17
6645.24006 4.046028e-17 4.046028e-17
6650.253608 4.13838e-17 4.13838e-17
6655.267156 4.009385e-17 4.009385e-17
6660.280705 3.975322e-17 3.975322e-17
6665.294253 4.007152e-17 4.007152e-17
6670.307801 3.477932e-17 3.477932e-17
6675.321349 4.439858e-17 4.439858e-17
6680.334898 3.245617e-17 3.245617e-17
6685.348446 3.701025e-17 3.701025e-17
6690.361994 3.133708e-17 3.133708e-17
6695.375543 3.605675e-17 3.605675e-17
6700.389091 3.259898e-17 3.259898e-17
6705.402639 3.032645e-17 3.032645e-17
6710.416188 3.819365e-17 3.819365e-17
6715.429736 2.974493e-17 2.974493e-17
6720.443284 2.685938e-17 2.685938e-17
6725.456833 3.2226e-17 3.2226e-17
6730.470381 2.985737e-17 2.985737e-17
6735.483929 3.277242e-17 3.277242e-17
6740.497477 2.650693e-17 2.650693e-17
6745.511026 2.825895e-17 2.825895e-17
6750.524574 1.225349e-17 1.225349e-17
6755.538122 2.743635e-17 2.743635e-17
6760.551671 2.334937e-17 2.334937e-17
6765.565219 1.220966e-17 1.220966e-17
6770.578767 2.301827e-17 2.301827e-17
6775.592316 1.66953e-17 1.66953e-17
6780.605864 2.803597e-17 2.803597e-17
6785.619412 2.101047e-17 2.101047e-17
6790.63296 2.190262e-17 2.190262e-17
6795.646509 1.779333e-17 1.779333e-17
6800.660057 1.66341e-17 1.66341e-17
6805.673605 2.134667e-17 2.134667e-17
6810.687154 1.926845e-17 1.926845e-17
6815.700702 2.16914e-17 2.16914e-17
6820.71425 1.700318e-17 1.700318e-17
6825.727799 2.098573e-17 2.098573e-17
6830.741347 1.645195e-17 1.645195e-17
6835.754895 4.836325e-18 4.836325e-18
6840.768443 2.155086e-17 2.155086e-17
6845.781992 2.51078e-17 2.51078e-17
6850.79554 1.275475e-17 1.275475e-17
6855.809088 2.23033e-17 2.23033e-17
6860.822637 2.383791e-17 2.383791e-17
6865.836185 2.387541e-17 2.387541e-17
6870.849733 2.807948e-17 2.807948e-17
6875.863282 2.1307e-17 2.1307e-17
6880.87683 2.72657e-17 2.72657e-17
6885.890378 2.993678e-17 2.993678e-17
6890.903927 2.007779e-17 2.007779e-17
6895.917475 2.712368e-17 2.712368e-17
6900.931023 2.681676e-17 2.681676e-17
6905.944571 2.856432e-17 2.856432e-17
6910.95812 3.3352e-17 3.3352e-17
6915.971668 2.504558e-17 2.504558e-17
6920.985216 3.425626e-17 3.425626e-17
6925.998765 2.638146e-17 2.638146e-17
6931.012313 2.297903e-17 2.297903e-17
6936.025861 1.647098e-17 1.647098e-17
6941.03941 3.281323e-17 3.281323e-17
6946.052958 2.47464e-17 2.47464e-17
6951.066506 3.77977e-17 3.77977e-17
6956.080054 3.062835e-17 3.062835e-17
6961.093603 2.907128e-17 2.907128e-17
6966.107151 3.014247e-17 3.014247e-17
6971.120699 3.559652e-17 3.559652e-17
6976.134248 3.599572e-17 3.599572e-17
6981.147796 3.68633e-17 3.68633e-17
6986.161344 3.275717e-17 3.275717e-17
6991.174893 3.08587e-17 3.08587e-17
6996.188441 3.658387e-17 3.658387e-17
7001.201989 3.415465e-17 3.415465e-17
7006.215537 3.119528e-17 3.119528e-17
7011.229086 2.78587e-17 2.78587e-17
7016.242634 3.396515e-17 3.396515e-17
7021.256182 3.40338e-17 3.40338e-17
7026.269731 3.01021e-17 3.01021e-17
7031.283279 2.955257e-17 2.955257e-17
7036.296827 3.57749e-17 3.57749e-17
7041.310376 3.14155e-17 3.14155e-17
7046.323924 4.14045e-17 4.14045e-17
7051.337472 3.241733e-17 3.241733e-17
7056.351021 3.145355e-17 3.145355e-17
7061.364569 3.704675e-17 3.704675e-17
7066.378117 2.78205e-17 2.78205e-17
7071.391665 3.576585e-17 3.576585e-17
7076.405214 3.343428e-17 3.343428e-17
7081.418762 3.31678e-17 3.31678e-17
7086.43231 3.103567e-17 3.103567e-17
7091.445859 3.686875e-17 3.686875e-17
7096.459407 2.99188e-17 2.99188e-17
7101.472955 3.500595e-17 3.500595e-17
7106.486504 3.93779e-17 3.93779e-17
7111.500052 3.82238e-17 3.82238e-17
7116.5136 4.02238e-17 4.02238e-17
7121.527148 4.546828e-17 4.546828e-17
7126.540697 4.624828e-17 4.624828e-17
7131.554245 4.445168e-17 4.445168e-17
7136.567793 4.454888e-17 4.454888e-17
7141.581342 4.699235e-17 4.699235e-17
7146.59489 5.33634e-17 5.33634e-17
7151.608438 5.51409e-17 5.51409e-17
7156.621987 5.690365e-17 5.690365e-17
7161.635535 6.161588e-17 6.161588e-17
7166.649083 6.40133e-17 6.40133e-17
7171.662631 6.524455e-17 6.524455e-17
7176.67618 6.305095e-17 6.305095e-17
7181.689728 6.861962e-17 6.861962e-17
7186.703276 7.399278e-17 7.399278e-17
7191.716825 7.05202e-17 7.05202e-17
7196.730373 6.999023e-17 6.999023e-17
7201.743921 7.07571e-17 7.07571e-17
7206.75747 7.52609e-17 7.52609e-17
7211.771018 8.349455e-17 8.349455e-17
7216.784566 7.88227e-17 7.88227e-17
7221.798114 8.459058e-17 8.459058e-17
7226.811663 7.898483e-17 7.898483e-17
7231.825211 8.001415e-17 8.001415e-17
7236.838759 8.385258e-17 8.385258e-17
7241.852308 8.0394e-17 8.0394e-17
7246.865856 8.785538e-17 8.785538e-17
7251.879404 8.261998e-17 8.261998e-17
7256.892953 8.538915e-17 8.538915e-17
7261.906501 8.821708e-17 8.821708e-17
7266.920049 8.434335e-17 8.434335e-17
7271.933598 7.627387e-17 7.627387e-17
7276.947146 8.094478e-17 8.094478e-17
7281.960694 7.7208e-17 7.7208e-17
7286.974242 8.57671e-17 8.57671e-17
7291.987791 6.820535e-17 6.820535e-17
7297.001339 6.3056e-17 6.3056e-17
7302.014887 7.02975e-17 7.02975e-17
7307.028436 6.319272e-17 6.319272e-17
7312.041984 6.390473e-17 6.390473e-17
7317.055532 4.387618e-17 4.387618e-17
7322.069081 5.71832e-17 5.71832e-17
7327.082629 5.54857e-17 5.54857e-17
7332.096177 4.390055e-17 4.390055e-17
7337.109725 2.815547e-17 2.815547e-17
7342.123274 6.552538e-17 6.552538e-17
7347.136822 4.261465e-17 4.261465e-17
7352.15037 4.132698e-17 4.132698e-17
7357.163919 4.491238e-17 4.491238e-17
7362.177467 4.024572e-17 4.024572e-17
7367.191015 3.20162e-17 3.20162e-17
7372.204564 5.733243e-17 5.733243e-17
7377.218112 4.233463e-17 4.233463e-17
7382.23166 4.216063e-17 4.216063e-17
7387.245208 3.642217e-17 3.642217e-17
7392.258757 4.252653e-17 4.252653e-17
7397.272305 4.96904e-17 4.96904e-17
7402.285853 4.113385e-17 4.113385e-17
7407.299402 4.1936e-17 4.1936e-17
7412.31295 3.739652e-17 3.739652e-17
7417.326498 4.847662e-17 4.847662e-17
7422.340047 4.473733e-17 4.473733e-17
7427.353595 4.13284e-17 4.13284e-17
7432.367143 5.584373e-17 5.584373e-17
7437.380692 3.423516e-17 3.423516e-17
7442.39424 5.837905e-17 5.837905e-17
7447.407788 5.26057e-17 5.26057e-17
7452.421336 5.321395e-17 5.321395e-17
7457.434885 5.240397e-17 5.240397e-17
7462.448433 5.400855e-17 5.400855e-17
7467.461981 5.342483e-17 5.342483e-17
7472.47553 6.53608e-17 6.53608e-17
7477.489078 5.034792e-17 5.034792e-17
7482.502626 6.095712e-17 6.095712e-17
7487.516175 5.47161e-17 5.47161e-17
7492.529723 5.535458e-17 5.535458e-17
7497.543271 5.531062e-17 5.531062e-17
7502.556819 5.50966e-17 5.50966e-17
7507.570368 5.778152e-17 5.778152e-17
7512.583916 5.494675e-17 5.494675e-17
7517.597464 5.225785e-17 5.225785e-17
7522.611013 6.694815e-17 6.694815e-17
7527.624561 4.226705e-17 4.226705e-17
7532.638109 6.494863e-17 6.494863e-17
7537.651658 5.976692e-17 5.976692e-17
7542.665206 4.56707e-17 4.56707e-17
7547.678754 5.28101e-17 5.28101e-17
7552.692302 4.830293e-17 4.830293e-17
7557.705851 4.356877e-17 4.356877e-17
7562.719399 4.107387e-17 4.107387e-17
7567.732947 3.290623e-17 3.290623e-17
7572.746496 5.34622e-17 5.34622e-17
7577.760044 4.17015e-17 4.17015e-17
7582.773592 3.273385e-17 3.273385e-17
7587.787141 3.165283e-17 3.165283e-17
7592.800689 3.24599e-17 3.24599e-17
7597.814237 1.780384e-17 1.780384e-17
7602.827785 4.931783e-17 4.931783e-17
7607.841334 9.510143e-18 9.510143e-18
7612.854882 4.239167e-17 4.239167e-17
7617.86843 2.6811e-17 2.6811e-17
7622.881979 1.294291e-17 1.294291e-17
7627.895527 9.140745e-18 9.140745e-18
7632.909075 9.161506e-18 9.161506e-18
7637.922624 1.710012e-17 1.710012e-17
7642.936172 2.446153e-17 2.446153e-17
7647.94972 1.123574e-17 1.123574e-17
7652.963269 1.692922e-17 1.692922e-17
7657.976817 2.010677e-17 2.010677e-17
7662.990365 1.185409e-17 1.185409e-17
7668.003913 1.68565e-17 1.68565e-17
7673.017462 1.55852e-17 1.55852e-17
7678.03101 1.799799e-17 1.799799e-17
7683.044558 1.474818e-17 1.474818e-17
7688.058107 1.198728e-17 1.198728e-17
7693.071655 2.488247e-17 2.488247e-17
7698.085203 2.171289e-17 2.171289e-17
7703.098752 1.51779e-17 1.51779e-17
7708.1123 2.72785e-17 2.72785e-17
7713.125848 2.118324e-17 2.118324e-17
7718.139396 -1.22157e-17 -1.22157e-17
7723.152945 2.909808e-17 2.909808e-17
7728.166493 1.541919e-17 1.541919e-17
7733.180041 1.671886e-17 1.671886e-17
7738.19359 1.334251e-17 1.334251e-17
7743.207138 1.553695e-17 1.553695e-17
7748.220686 -3.330775e-18 -3.330775e-18
7753.234235 1.084585e-17 1.084585e-17
7758.247783 3.260048e-17 3.260048e-17
7763.261331 1.220198e-17 1.220198e-17
7768.274879 2.17084e-17 2.17084e-17
7773.288428 2.36492e-17 2.36492e-17
7778.301976 1.514027e-17 1.514027e-17
7783.315524 2.495383e-17 2.495383e-17
7788.329073 2.05339e-17 2.05339e-17
7793.342621 2.839111e-17 2.839111e-17
7798.356169 2.23975e-17 2.23975e-17
7803.369718 1.617104e-17 1.617104e-17
7808.383266 2.574616e-17 2.574616e-17
7813.396814 1.915085e-17 1.915085e-17
7818.410363 5.99675e-17 5.99675e-17
7823.423911 -3.838967e-17 -3.838967e-17
7828.437459 1.602518e-17 1.602518e-17
7833.451007 1.69924e-17 1.69924e-17
7838.464556 6.408075e-18 6.408075e-18
7843.478104 2.882718e-17 2.882718e-17
7848.491652 7.249983e-18 7.249983e-18
7853.505201 3.456861e-17 3.456861e-17
7858.518749 3.363775e-17 3.363775e-17
7863.532297 1.099252e-17 1.099252e-17
7868.545846 2.003691e-17 2.003691e-17
7873.559394 1.585343e-17 1.585343e-17
7878.572942 2.154165e-17 2.154165e-17
7883.58649 7.5044e-18 7.5044e-18
7888.600039 2.07105e-17 2.07105e-17
7893.613587 1.4327e-18 1.4327e-18
7898.627135 1.249458e-17 1.249458e-17
7903.640684 1.866103e-17 1.866103e-17
7908.654232 1.959355e-17 1.959355e-17
7913.66778 6.513725e-18 6.513725e-18
7918.681329 2.252842e-17 2.252842e-17
7923.694877 7.206155e-18 7.206155e-18
7928.708425 9.718368e-18 9.718368e-18
7933.721973 2.865325e-17 2.865325e-17
7938.735522 2.002855e-17 2.002855e-17
7943.74907 1.263727e-17 1.263727e-17
7948.762618 1.370336e-17 1.370336e-17
7953.776167 1.200239e-17 1.200239e-17
7958.789715 1.680495e-17 1.680495e-17
7963.803263 -2.637475e-17 -2.637475e-17
7968.816812 5.515125e-17 5.515125e-17
7973.83036 1.220351e-17 1.220351e-17
7978.843908 3.530432e-17 3.530432e-17
7983.857456 -4.933875e-19 -4.933875e-19
7988.871005 2.686365e-17 2.686365e-17
7993.884553 3.675e-19 3.675e-19
7998.898101 1.66033e-17 1.66033e-17
8003.91165 1.622125e-17 1.622125e-17
8008.925198 8.104062e-18 8.104062e-18
8013.938746 1.800247e-17 1.800247e-17
8018.952295 1.265492e-17 1.265492e-17
8023.965843 4.567679e-17 4.567679e-17
8028.979391 1.32845e-18 1.32845e-18
8033.99294 1.784902e-17 1.784902e-17
8039.006488 8.91106e-18 8.91106e-18
8044.020036 1.771357e-17 1.771357e-17
8049.033584 8.079275e-18 8.079275e-18
8054.047133 2.10027e-18 2.10027e-18
8059.060681 7.825303e-18 7.825303e-18
8064.074229 2.108241e-17 2.108241e-17
8069.087778 1.103622e-17 1.103622e-17
8074.101326 1.190862e-17 1.190862e-17
8079.114874 1.253854e-17 1.253854e-17
8084.128423 1.406535e-17 1.406535e-17
8089.141971 1.016775e-17 1.016775e-17
8094.155519 7.964752e-18 7.964752e-18
8099.169067 1.249107e-17 1.249107e-17
8104.182616 1.745792e-17 1.745792e-17
8109.196164 1.19102e-17 1.19102e-17
8114.209712 1.871535e-17 1.871535e-17
8119.223261 8.18082e-18 8.18082e-18
8124.236809 1.826253e-17 1.826253e-17
8129.250357 6.759775e-18 6.759775e-18
8134.263906 1.247549e-17 1.247549e-17
8139.277454 6.36573e-18 6.36573e-18
8144.291002 6.181623e-18 6.181623e-18
8149.30455 7.600134e-18 7.600134e-18
8154.318099 9.260825e-18 9.260825e-18
8159.331647 7.34373e-18 7.34373e-18
8164.345195 1.073938e-17 1.073938e-17
8169.358744 8.534815e-18 8.534815e-18
8174.372292 9.856585e-18 9.856585e-18
8179.38584 7.87769e-18 7.87769e-18
8184.399389 1.046657e-17 1.046657e-17
8189.412937 1.385407e-18 1.385407e-18
8194.426485 1.541652e-18 1.541652e-18
8199.440034 3.669165e-18 3.669165e-18
8204.453582 1.119412e-17 1.119412e-17
8209.46713 4.334804e-18 4.334804e-18
8214.480678 -8.428425e-19 -8.428425e-19
8219.494227 8.97491e-18 8.97491e-18
8224.507775 1.094588e-17 1.094588e-17
8229.521323 7.314698e-18 7.314698e-18
8234.534872 7.478835e-18 7.478835e-18
8239.54842 5.534915e-18 5.534915e-18
8244.561968 -2.296565e-18 -2.296565e-18
8249.575517 9.116743e-18 9.116743e-18
8254.589065 4.590117e-18 4.590117e-18
8259.602613 4.52668e-18 4.52668e-18
8264.616161 8.99677e-18 8.99677e-18
8269.62971 5.28735e-18 5.28735e-18
8274.643258 6.597798e-18 6.597798e-18
8279.656806 2.251067e-17 2.251067e-17
8284.670355 1.680197e-17 1.680197e-17
8289.683903 7.507348e-18 7.507348e-18
8294.697451 1.191883e-17 1.191883e-17
8299.711 2.172063e-17 2.172063e-17
8304.724548 1.62952e-17 1.62952e-17
8309.738096 -6.209728e-18 -6.209728e-18
8314.751644 1.164994e-17 1.164994e-17
8319.765193 1.473903e-17 1.473903e-17
8324.778741 1.306006e-17 1.306006e-17
8329.792289 3.657955e-18 3.657955e-18
8334.805838 1.636989e-17 1.636989e-17
8339.819386 2.614103e-18 2.614103e-18
8344.832934 -2.271268e-17 -2.271268e-17
8349.846483 2.292066e-17 2.292066e-17
8354.860031 -7.521275e-18 -7.521275e-18
8359.873579 9.150847e-18 9.150847e-18
8364.887128 5.450537e-18 5.450537e-18
8369.900676 1.012023e-17 1.012023e-17
8374.914224 1.781618e-17 1.781618e-17
8379.927772 -3.034675e-18 -3.034675e-18
8384.941321 1.334626e-17 1.334626e-17
8389.954869 1.009441e-17 1.009441e-17
8394.968417 1.505965e-18 1.505965e-18
8399.981966 6.38601e-17 6.38601e-17
8404.995514 1.2807e-17 1.2807e-17
8410.009062 1.279661e-17 1.279661e-17
8415.022611 3.069411e-17 3.069411e-17
8420.036159 8.025343e-18 8.025343e-18
8425.049707 1.37556e-17 1.37556e-17
8430.063255 1.069993e-17 1.069993e-17
8435.076804 5.02836e-18 5.02836e-18
8440.090352 1.1498e-17 1.1498e-17
8445.1039 2.060762e-17 2.060762e-17
8450.117449 3.898425e-18 3.898425e-18
8455.130997 1.124419e-17 1.124419e-17
8460.144545 1.206904e-17 1.206904e-17
8465.158094 3.730655e-17 3.730655e-17
8470.171642 9.335083e-18 9.335083e-18
8475.18519 1.157282e-17 1.157282e-17
8480.198738 8.197207e-18 8.197207e-18
8485.212287 7.803735e-18 7.803735e-18
8490.225835 2.032106e-17 2.032106e-17
8495.239383 -2.473325e-18 -2.473325e-18
8500.252932 1.137372e-17 1.137372e-17
8505.26648 2.60759e-17 2.60759e-17
8510.280028 7.828002e-18 7.828002e-18
8515.293577 1.456907e-17 1.456907e-17
8520.307125 9.126855e-18 9.126855e-18
8525.320673 9.10441e-18 9.10441e-18
8530.334221 1.458622e-17 1.458622e-17
8535.34777 9.431818e-18 9.431818e-18
8540.361318 1.841055e-17 1.841055e-17
8545.374866 2.096565e-17 2.096565e-17
8550.388415 -6.614e-19 -6.614e-19
8555.401963 1.585795e-17 1.585795e-17
8560.415511 1.647431e-17 1.647431e-17
8565.42906 1.574092e-17 1.574092e-17
8570.442608 1.223119e-17 1.223119e-17
8575.456156 1.751257e-17 1.751257e-17
8580.469705 2.183872e-17 2.183872e-17
8585.483253 2.11578e-17 2.11578e-17
8590.496801 2.442642e-17 2.442642e-17
8595.510349 1.708142e-17 1.708142e-17
8600.523898 1.98217e-17 1.98217e-17
8605.537446 2.226413e-17 2.226413e-17
8610.550994 1.720851e-17 1.720851e-17
8615.564543 2.72274e-17 2.72274e-17
8620.578091 2.399525e-17 2.399525e-17
8625.591639 2.762528e-17 2.762528e-17
8630.605188 3.509587e-17 3.509587e-17
8635.618736 2.548392e-17 2.548392e-17
8640.632284 2.32372e-17 2.32372e-17
8645.645832 3.852567e-17 3.852567e-17
8650.659381 2.969237e-17 2.969237e-17
8655.672929 2.93937e-17 2.93937e-17
8660.686477 2.92673e-17 2.92673e-17
8665.700026 3.423353e-17 3.423353e-17
8670.713574 4.021325e-17 4.021325e-17
8675.727122 3.65753e-17 3.65753e-17
8680.740671 3.459738e-17 3.459738e-17
8685.754219 2.675517e-17 2.675517e-17
8690.767767 3.582408e-17 3.582408e-17
8695.781315 3.412845e-17 3.412845e-17
8700.794864 3.6374e-17 3.6374e-17
8705.808412 3.586433e-17 3.586433e-17
8710.82196 3.503338e-17 3.503338e-17
8715.835509 3.927868e-17 3.927868e-17
8720.849057 3.566093e-17 3.566093e-17
8725.862605 3.240245e-17 3.240245e-17
8730.876154 3.447025e-17 3.447025e-17
8735.889702 2.964155e-17 2.964155e-17
8740.90325 4.11035e-17 4.11035e-17
8745.916799 3.556235e-17 3.556235e-17
8750.930347 2.781162e-17 2.781162e-17
8755.943895 3.131913e-17 3.131913e-17
8760.957443 6.063043e-17 6.063043e-17
8765.970992 6.230902e-17 6.230902e-17
8770.98454 2.526817e-17 2.526817e-17
8775.998088 4.069634e-17 4.069634e-17
8781.011637 3.840535e-17 3.840535e-17
8786.025185 3.307125e-17 3.307125e-17
8791.038733 4.502717e-17 4.502717e-17
8796.052282 3.381253e-17 3.381253e-17
8801.06583 3.662185e-17 3.662185e-17
8806.079378 2.87364e-17 2.87364e-17
8811.092926 2.725308e-17 2.725308e-17
8816.106475 2.452755e-17 2.452755e-17
8821.120023 2.569205e-17 2.569205e-17
8826.133571 1.26904e-16 1.26904e-16
8831.14712 6.17375e-18 6.17375e-18
8836.160668 3.487775e-18 3.487775e-18
8841.174216 2.833155e-17 2.833155e-17
8846.187765 2.858562e-17 2.858562e-17
8851.201313 1.89937e-17 1.89937e-17
8856.214861 1.81213e-17 1.81213e-17
8861.228409 2.192328e-17 2.192328e-17
8866.241958 3.688959e-17 3.688959e-17
8871.255506 4.203725e-18 4.203725e-18
8876.269054 2.222762e-17 2.222762e-17
8881.282603 9.412235e-18 9.412235e-18
8886.296151 7.612665e-17 7.612665e-17
8891.309699 2.100414e-17 2.100414e-17
8896.323248 2.423648e-17 2.423648e-17
8901.336796 1.499112e-17 1.499112e-17
8906.350344 2.916258e-17 2.916258e-17
8911.363892 2.023878e-17 2.023878e-17
8916.377441 5.11088e-17 5.11088e-17
8921.390989 -4.25644e-17 -4.25644e-17
8926.404537 1.87844e-17 1.87844e-17
8931.418086 2.999367e-17 2.999367e-17
8936.431634 1.79203e-17 1.79203e-17
8941.445182 1.837762e-17 1.837762e-17
8946.458731 2.987229e-17 2.987229e-17
8951.472279 2.393024e-17 2.393024e-17
8956.485827 -2.556152e-17 -2.556152e-17
8961.499376 3.713992e-17 3.713992e-17
8966.512924 1.860643e-17 1.860643e-17
8971.526472 2.035342e-17 2.035342e-17
8976.54002 2.034011e-17 2.034011e-17
8981.553569 2.15582e-17 2.15582e-17
8986.567117 2.154397e-17 2.154397e-17
8991.580665 1.358001e-17 1.358001e-17
8996.594214 2.144309e-17 2.144309e-17
9001.607762 6.812882e-17 6.812882e-17
9006.62131 2.16985e-17 2.16985e-17
9011.634859 1.554131e-17 1.554131e-17
9016.648407 1.96553e-17 1.96553e-17
9021.661955 2.096268e-17 2.096268e-17
9026.675503 2.412513e-17 2.412513e-17
9031.689052 1.451942e-17 1.451942e-17
9036.7026 2.157838e-17 2.157838e-17
9041.716148 9.818525e-18 9.818525e-18
9046.729697 1.870122e-17 1.870122e-17
9051.743245 2.644207e-17 2.644207e-17
9056.756793 1.798975e-17 1.798975e-17
9061.770342 1.796142e-17 1.796142e-17
9066.78389 2.055467e-17 2.055467e-17
9071.797438 1.580425e-17 1.580425e-17
9076.810986 1.741437e-17 1.741437e-17
9081.824535 2.475715e-17 2.475715e-17
9086.838083 1.69297e-17 1.69297e-17
9091.851631 1.561131e-17 1.561131e-17
9096.86518 1.811081e-17 1.811081e-17
9101.878728 6.36937e-18 6.36937e-18
9106.892276 9.31337e-18 9.31337e-18
9111.905825 1.065987e-17 1.065987e-17
9116.919373 1.341004e-17 1.341004e-17
9121.932921 1.465246e-17 1.465246e-17
9126.94647 1.9972e-17 1.9972e-17
9131.960018 1.958097e-17 1.958097e-17
9136.973566 2.06415e-17 2.06415e-17
9141.987114 2.15544e-17 2.15544e-17
9147.000663 1.850235e-17 1.850235e-17
9152.014211 1.680804e-17 1.680804e-17
9157.027759 2.157453e-17 2.157453e-17
9162.041308 1.880005e-17 1.880005e-17
9167.054856 1.84854e-17 1.84854e-17
9172.068404 1.49516e-17 1.49516e-17
9177.081953 1.499538e-17 1.499538e-17
9182.095501 1.715506e-17 1.715506e-17
9187.109049 2.639402e-17 2.639402e-17
9192.122597 1.560823e-17 1.560823e-17
9197.136146 1.781562e-17 1.781562e-17
9202.149694 2.432037e-17 2.432037e-17
9207.163242 2.753113e-17 2.753113e-17
9212.176791 2.735343e-17 2.735343e-17
9217.190339 3.309809e-17 3.309809e-17
9222.203887 2.705075e-17 2.705075e-17
9227.217436 3.801458e-17 3.801458e-17
9232.230984 3.279192e-17 3.279192e-17
9237.244532 2.874375e-17 2.874375e-17
9242.25808 2.839482e-17 2.839482e-17
9247.271629 1.65916e-17 1.65916e-17
9252.285177 2.395551e-17 2.395551e-17
9257.298725 2.876803e-17 2.876803e-17
9262.312274 2.549498e-17 2.549498e-17
9267.325822 3.080792e-17 3.080792e-17
9272.33937 3.131067e-17 3.131067e-17
