phase 222
delta 0.85 0.05
ebv 0.0177
Rv 3.1
redshift 0.004
flux_scale 1e16
resolution 3
vSi 11.90 0.10
3501.164642 4.133925e-17 4.133925e-17
3504.270353 5.074958e-16 5.074958e-16
3507.376064 2.634567e-16 2.634567e-16
3510.481776 1.802444e-16 1.802444e-16
3513.587487 1.699801e-16 1.699801e-16
3516.693198 1.44741e-16 1.44741e-16
3519.79891 1.512185e-16 1.512185e-16
3522.904621 2.058719e-16 2.058719e-16
3526.010332 4.17006e-16 4.17006e-16
3529.116044 4.882873e-17 4.882873e-17
3532.221755 2.392911e-16 2.392911e-16
3535.327466 1.158191e-16 1.158191e-16
3538.433178 1.416596e-16 1.416596e-16
3541.538889 4.237935e-16 4.237935e-16
3544.6446 2.727465e-16 2.727465e-16
3547.750312 2.124103e-16 2.124103e-16
3550.856023 8.106792e-17 8.106792e-17
3553.961734 1.800184e-16 1.800184e-16
3557.067445 3.0012e-16 3.0012e-16
3560.173157 3.136122e-16 3.136122e-16
3563.278868 3.871212e-16 3.871212e-16
3566.384579 3.475092e-16 3.475092e-16
3569.490291 3.59161e-16 3.59161e-16
3572.596002 2.632775e-18 2.632775e-18
3575.701713 2.124705e-16 2.124705e-16
3578.807425 2.637696e-16 2.637696e-16
3581.913136 -2.766975e-17 -2.766975e-17
3585.018847 2.527697e-16 2.527697e-16
3588.124559 3.084992e-16 3.084992e-16
3591.23027 7.93411e-17 7.93411e-17
3594.335981 2.722065e-16 2.722065e-16
3597.441693 2.463649e-16 2.463649e-16
3600.547404 1.294814e-16 1.294814e-16
3603.653115 2.088558e-16 2.088558e-16
3606.758827 3.02765e-16 3.02765e-16
3609.864538 -1.200465e-16 -1.200465e-16
3612.970249 8.59705e-17 8.59705e-17
3616.07596 2.276553e-16 2.276553e-16
3619.181672 2.578368e-16 2.578368e-16
3622.287383 2.45577e-16 2.45577e-16
3625.393094 2.107552e-16 2.107552e-16
3628.498806 1.227171e-16 1.227171e-16
3631.604517 6.348768e-17 6.348768e-17
3634.710228 2.645694e-16 2.645694e-16
3637.81594 6.6791e-17 6.6791e-17
3640.921651 4.839137e-17 4.839137e-17
3644.027362 8.09307e-17 8.09307e-17
3647.133074 1.187478e-16 1.187478e-16
3650.238785 1.799478e-16 1.799478e-16
3653.344496 1.571033e-16 1.571033e-16
3656.450208 1.265917e-16 1.265917e-16
3659.555919 1.550286e-16 1.550286e-16
3662.66163 -6.206703e-17 -6.206703e-17
3665.767342 -4.253911e-17 -4.253911e-17
3668.873053 2.379337e-16 2.379337e-16
3671.978764 3.6695e-17 3.6695e-17
3675.084476 -8.75705e-18 -8.75705e-18
3678.190187 1.672904e-16 1.672904e-16
3681.295898 1.441118e-17 1.441118e-17
3684.401609 1.830858e-16 1.830858e-16
3687.507321 1.597328e-16 1.597328e-16
3690.613032 1.154846e-16 1.154846e-16
3693.718743 9.932894e-17 9.932894e-17
3696.824455 1.742156e-16 1.742156e-16
3699.930166 9.124607e-17 9.124607e-17
3703.035877 2.635925e-16 2.635925e-16
3706.141589 1.728465e-16 1.728465e-16
3709.2473 1.489691e-16 1.489691e-16
3712.353011 9.37175e-18 9.37175e-18
3715.458723 1.605396e-16 1.605396e-16
3718.564434 8.573315e-17 8.573315e-17
3721.670145 1.191072e-16 1.191072e-16
3724.775857 1.598025e-17 1.598025e-17
3727.881568 1.379357e-16 1.379357e-16
3730.987279 1.833698e-16 1.833698e-16
3734.092991 1.755289e-16 1.755289e-16
3737.198702 1.129661e-16 1.129661e-16
3740.304413 1.234e-16 1.234e-16
3743.410124 1.327392e-16 1.327392e-16
3746.515836 9.501972e-17 9.501972e-17
3749.621547 -4.71279e-18 -4.71279e-18
3752.727258 1.8578e-16 1.8578e-16
3755.83297 1.751912e-16 1.751912e-16
3758.938681 6.249675e-17 6.249675e-17
3762.044392 2.877215e-17 2.877215e-17
3765.150104 1.839062e-16 1.839062e-16
3768.255815 6.933175e-18 6.933175e-18
3771.361526 1.8008e-16 1.8008e-16
3774.467238 1.057515e-16 1.057515e-16
3777.572949 9.058137e-17 9.058137e-17
3780.67866 1.180295e-16 1.180295e-16
3783.784372 2.062095e-16 2.062095e-16
3786.890083 3.953632e-17 3.953632e-17
3789.995794 9.451728e-17 9.451728e-17
3793.101506 5.807157e-17 5.807157e-17
3796.207217 1.125388e-16 1.125388e-16
3799.312928 -1.12463e-17 -1.12463e-17
3802.41864 1.406689e-17 1.406689e-17
3805.524351 8.684752e-17 8.684752e-17
3808.630062 -1.062993e-17 -1.062993e-17
3811.735773 -1.867358e-17 -1.867358e-17
3814.841485 6.50048e-17 6.50048e-17
3817.947196 8.097575e-17 8.097575e-17
3821.052907 6.81019e-17 6.81019e-17
3824.158619 7.448525e-18 7.448525e-18
3827.26433 1.151464e-16 1.151464e-16
3830.370041 1.20831e-16 1.20831e-16
3833.475753 3.434223e-17 3.434223e-17
3836.581464 -2.5322e-18 -2.5322e-18
3839.687175 4.425625e-17 4.425625e-17
3842.792887 4.013352e-17 4.013352e-17
3845.898598 8.14464e-17 8.14464e-17
3849.004309 2.384297e-17 2.384297e-17
3852.110021 1.328657e-16 1.328657e-16
3855.215732 1.333142e-16 1.333142e-16
3858.321443 1.434347e-17 1.434347e-17
3861.427155 1.289411e-16 1.289411e-16
3864.532866 1.970863e-17 1.970863e-17
3867.638577 1.813982e-16 1.813982e-16
3870.744289 1.90832e-16 1.90832e-16
3873.85 8.320788e-17 8.320788e-17
3876.955711 1.112641e-16 1.112641e-16
3880.061422 1.981723e-16 1.981723e-16
3883.167134 2.42104e-16 2.42104e-16
3886.272845 1.261338e-16 1.261338e-16
3889.378556 1.567711e-16 1.567711e-16
3892.484268 1.55874e-16 1.55874e-16
3895.589979 1.247621e-16 1.247621e-16
3898.69569 1.660068e-16 1.660068e-16
3901.801402 2.74957e-16 2.74957e-16
3904.907113 1.512943e-16 1.512943e-16
3908.012824 1.1943e-16 1.1943e-16
3911.118536 2.249775e-16 2.249775e-16
3914.224247 1.601942e-16 1.601942e-16
3917.329958 7.084775e-17 7.084775e-17
3920.43567 7.59347e-17 7.59347e-17
3923.541381 1.325836e-16 1.325836e-16
3926.647092 7.714655e-17 7.714655e-17
3929.752804 1.766118e-16 1.766118e-16
3932.858515 1.826427e-16 1.826427e-16
3935.964226 1.337095e-16 1.337095e-16
3939.069937 1.111126e-16 1.111126e-16
3942.175649 1.430019e-16 1.430019e-16
3945.28136 1.04919e-16 1.04919e-16
3948.387071 1.329126e-16 1.329126e-16
3951.492783 7.47512e-17 7.47512e-17
3954.598494 1.321445e-16 1.321445e-16
3957.704205 2.425312e-16 2.425312e-16
3960.809917 8.381875e-17 8.381875e-17
3963.915628 1.728583e-16 1.728583e-16
3967.021339 2.170508e-16 2.170508e-16
3970.127051 1.394252e-16 1.394252e-16
3973.232762 1.993054e-16 1.993054e-16
3976.338473 1.682757e-16 1.682757e-16
3979.444185 2.135467e-16 2.135467e-16
3982.549896 2.275933e-16 2.275933e-16
3985.655607 2.017227e-16 2.017227e-16
3988.761319 1.942533e-16 1.942533e-16
3991.86703 8.97028e-17 8.97028e-17
3994.972741 1.640142e-16 1.640142e-16
3998.078453 1.96323e-16 1.96323e-16
4001.184164 2.30865e-16 2.30865e-16
4004.289875 2.322302e-16 2.322302e-16
4007.395586 2.781755e-16 2.781755e-16
4010.501298 1.589185e-16 1.589185e-16
4013.607009 2.67373e-16 2.67373e-16
4016.71272 1.847196e-16 1.847196e-16
4019.818432 9.824106e-17 9.824106e-17
4022.924143 1.713809e-16 1.713809e-16
4026.029854 1.957114e-16 1.957114e-16
4029.135566 1.974073e-16 1.974073e-16
4032.241277 1.830619e-16 1.830619e-16
4035.346988 1.929045e-16 1.929045e-16
4038.4527 2.118879e-16 2.118879e-16
4041.558411 1.713551e-16 1.713551e-16
4044.664122 1.394874e-16 1.394874e-16
4047.769834 1.347157e-16 1.347157e-16
4050.875545 1.198319e-16 1.198319e-16
4053.981256 1.28284e-16 1.28284e-16
4057.086968 7.485328e-17 7.485328e-17
4060.192679 1.563191e-16 1.563191e-16
4063.29839 1.27702e-16 1.27702e-16
4066.404101 1.374645e-16 1.374645e-16
4069.509813 5.239472e-17 5.239472e-17
4072.615524 6.345918e-17 6.345918e-17
4075.721235 2.097168e-16 2.097168e-16
4078.826947 9.336684e-17 9.336684e-17
4081.932658 1.890487e-16 1.890487e-16
4085.038369 1.409378e-16 1.409378e-16
4088.144081 1.88134e-16 1.88134e-16
4091.249792 1.175244e-16 1.175244e-16
4094.355503 1.71228e-16 1.71228e-16
4097.461215 9.963155e-17 9.963155e-17
4100.566926 1.345217e-16 1.345217e-16
4103.672637 9.470142e-17 9.470142e-17
4106.778349 1.311575e-16 1.311575e-16
4109.88406 8.306536e-17 8.306536e-17
4112.989771 7.126194e-17 7.126194e-17
4116.095483 9.838803e-17 9.838803e-17
4119.201194 1.410674e-16 1.410674e-16
4122.306905 1.032755e-16 1.032755e-16
4125.412617 1.420148e-16 1.420148e-16
4128.518328 1.681675e-16 1.681675e-16
4131.624039 1.252935e-16 1.252935e-16
4134.72975 9.105355e-17 9.105355e-17
4137.835462 8.532005e-17 8.532005e-17
4140.941173 1.577845e-16 1.577845e-16
4144.046884 1.599805e-16 1.599805e-16
4147.152596 1.288752e-16 1.288752e-16
4150.258307 1.112695e-16 1.112695e-16
4153.364018 1.253993e-16 1.253993e-16
4156.46973 1.974422e-16 1.974422e-16
4159.575441 2.27508e-16 2.27508e-16
4162.681152 1.524139e-16 1.524139e-16
4165.786864 1.129449e-16 1.129449e-16
4168.892575 1.760982e-16 1.760982e-16
4171.998286 1.852783e-16 1.852783e-16
4175.103998 1.663088e-16 1.663088e-16
4178.209709 1.149523e-16 1.149523e-16
4181.31542 1.360673e-16 1.360673e-16
4184.421132 1.382215e-16 1.382215e-16
4187.526843 1.808403e-16 1.808403e-16
4190.632554 1.78437e-16 1.78437e-16
4193.738265 2.726878e-16 2.726878e-16
4196.843977 1.998032e-16 1.998032e-16
4199.949688 2.117568e-16 2.117568e-16
4203.055399 1.50977e-16 1.50977e-16
4206.161111 1.635542e-16 1.635542e-16
4209.266822 1.732058e-16 1.732058e-16
4212.372533 1.700768e-16 1.700768e-16
4215.478245 1.852155e-16 1.852155e-16
4218.583956 2.09994e-16 2.09994e-16
4221.689667 1.018619e-16 1.018619e-16
4224.795379 2.57579e-16 2.57579e-16
4227.90109 1.509728e-16 1.509728e-16
4231.006801 2.334052e-16 2.334052e-16
4234.112513 2.494877e-16 2.494877e-16
4237.218224 2.146717e-16 2.146717e-16
4240.323935 2.165147e-16 2.165147e-16
4243.429647 2.14567e-16 2.14567e-16
4246.535358 2.498367e-16 2.498367e-16
4249.641069 2.392787e-16 2.392787e-16
4252.746781 2.14127e-16 2.14127e-16
4255.852492 2.4892e-16 2.4892e-16
4258.958203 3.118825e-16 3.118825e-16
4262.063914 2.817815e-16 2.817815e-16
4265.169626 2.747562e-16 2.747562e-16
4268.275337 2.443777e-16 2.443777e-16
4271.381048 3.144218e-16 3.144218e-16
4274.48676 3.077887e-16 3.077887e-16
4277.592471 3.068297e-16 3.068297e-16
4280.698182 2.792973e-16 2.792973e-16
4283.803894 3.11091e-16 3.11091e-16
4286.909605 2.860072e-16 2.860072e-16
4290.015316 3.32186e-16 3.32186e-16
4293.121028 3.34723e-16 3.34723e-16
4296.226739 3.048758e-16 3.048758e-16
4299.33245 3.49881e-16 3.49881e-16
4302.438162 3.186868e-16 3.186868e-16
4305.543873 2.825003e-16 2.825003e-16
4308.649584 3.041483e-16 3.041483e-16
4311.755296 3.187895e-16 3.187895e-16
4314.861007 3.109467e-16 3.109467e-16
4317.966718 3.308543e-16 3.308543e-16
4321.07243 3.275695e-16 3.275695e-16
4324.178141 3.77544e-16 3.77544e-16
4327.283852 4.499005e-16 4.499005e-16
4330.389563 3.520268e-16 3.520268e-16
4333.495275 3.484265e-16 3.484265e-16
4336.600986 3.648688e-16 3.648688e-16
4339.706697 3.26165e-16 3.26165e-16
4342.812409 3.270982e-16 3.270982e-16
4345.91812 3.177078e-16 3.177078e-16
4349.023831 3.23673e-16 3.23673e-16
4352.129543 3.872773e-16 3.872773e-16
4355.235254 3.361435e-16 3.361435e-16
4358.340965 4.179207e-16 4.179207e-16
4361.446677 3.482445e-16 3.482445e-16
4364.552388 3.922983e-16 3.922983e-16
4367.658099 2.985233e-16 2.985233e-16
4370.763811 3.263845e-16 3.263845e-16
4373.869522 3.24498e-16 3.24498e-16
4376.975233 3.119953e-16 3.119953e-16
4380.080945 3.446183e-16 3.446183e-16
4383.186656 3.269425e-16 3.269425e-16
4386.292367 3.50215e-16 3.50215e-16
4389.398078 3.620672e-16 3.620672e-16
4392.50379 2.771007e-16 2.771007e-16
4395.609501 3.779965e-16 3.779965e-16
4398.715212 2.90145e-16 2.90145e-16
4401.820924 3.64906e-16 3.64906e-16
4404.926635 3.702665e-16 3.702665e-16
4408.032346 2.963017e-16 2.963017e-16
4411.138058 3.284647e-16 3.284647e-16
4414.243769 3.432875e-16 3.432875e-16
4417.34948 4.462165e-16 4.462165e-16
4420.455192 3.94127e-16 3.94127e-16
4423.560903 3.495792e-16 3.495792e-16
4426.666614 3.504775e-16 3.504775e-16
4429.772326 3.443365e-16 3.443365e-16
4432.878037 4.008875e-16 4.008875e-16
4435.983748 3.79822e-16 3.79822e-16
4439.08946 3.449705e-16 3.449705e-16
4442.195171 3.820042e-16 3.820042e-16
4445.300882 3.76866e-16 3.76866e-16
4448.406594 3.938745e-16 3.938745e-16
4451.512305 3.942022e-16 3.942022e-16
4454.618016 3.013575e-16 3.013575e-16
4457.723727 3.29613e-16 3.29613e-16
4460.829439 3.879097e-16 3.879097e-16
4463.93515 3.259675e-16 3.259675e-16
4467.040861 3.712443e-16 3.712443e-16
4470.146573 3.534273e-16 3.534273e-16
4473.252284 3.928517e-16 3.928517e-16
4476.357995 3.157768e-16 3.157768e-16
4479.463707 3.075863e-16 3.075863e-16
4482.569418 2.671691e-16 2.671691e-16
4485.675129 2.425565e-16 2.425565e-16
4488.780841 2.84672e-16 2.84672e-16
4491.886552 2.56771e-16 2.56771e-16
4494.992263 2.260598e-16 2.260598e-16
4498.097975 2.754113e-16 2.754113e-16
4501.203686 2.575602e-16 2.575602e-16
4504.309397 2.845333e-16 2.845333e-16
4507.415109 2.604383e-16 2.604383e-16
4510.52082 2.962697e-16 2.962697e-16
4513.626531 3.0751e-16 3.0751e-16
4516.732242 3.00299e-16 3.00299e-16
4519.837954 2.877037e-16 2.877037e-16
4522.943665 2.507408e-16 2.507408e-16
4526.049376 3.10738e-16 3.10738e-16
4529.155088 3.248878e-16 3.248878e-16
4532.260799 3.199285e-16 3.199285e-16
4535.36651 3.33951e-16 3.33951e-16
4538.472222 3.627375e-16 3.627375e-16
4541.577933 3.83608e-16 3.83608e-16
4544.683644 3.365713e-16 3.365713e-16
4547.789356 4.00503e-16 4.00503e-16
4550.895067 4.366825e-16 4.366825e-16
4554.000778 3.811425e-16 3.811425e-16
4557.10649 4.30824e-16 4.30824e-16
4560.212201 4.360312e-16 4.360312e-16
4563.317912 4.894615e-16 4.894615e-16
4566.423624 5.01313e-16 5.01313e-16
4569.529335 5.028098e-16 5.028098e-16
4572.635046 5.085325e-16 5.085325e-16
4575.740758 4.903463e-16 4.903463e-16
4578.846469 5.69909e-16 5.69909e-16
4581.95218 5.71028e-16 5.71028e-16
4585.057891 5.634797e-16 5.634797e-16
4588.163603 5.888548e-16 5.888548e-16
4591.269314 6.431253e-16 6.431253e-16
4594.375025 6.01192e-16 6.01192e-16
4597.480737 6.716948e-16 6.716948e-16
4600.586448 6.695655e-16 6.695655e-16
4603.692159 7.00452e-16 7.00452e-16
4606.797871 6.817883e-16 6.817883e-16
4609.903582 7.583725e-16 7.583725e-16
4613.009293 7.689848e-16 7.689848e-16
4616.115005 7.191338e-16 7.191338e-16
4619.220716 8.012635e-16 8.012635e-16
4622.326427 7.765062e-16 7.765062e-16
4625.432139 7.877203e-16 7.877203e-16
4628.53785 8.225985e-16 8.225985e-16
4631.643561 8.531807e-16 8.531807e-16
4634.749273 8.47574e-16 8.47574e-16
4637.854984 9.48165e-16 9.48165e-16
4640.960695 8.94009e-16 8.94009e-16
4644.066407 9.487448e-16 9.487448e-16
4647.172118 9.39066e-16 9.39066e-16
4650.277829 9.804168e-16 9.804168e-16
4653.38354 1.00503e-15 1.00503e-15
4656.489252 9.979758e-16 9.979758e-16
4659.594963 9.944452e-16 9.944452e-16
4662.700674 1.033022e-15 1.033022e-15
4665.806386 1.070045e-15 1.070045e-15
4668.912097 1.040495e-15 1.040495e-15
4672.017808 1.113495e-15 1.113495e-15
4675.12352 1.127528e-15 1.127528e-15
4678.229231 1.099678e-15 1.099678e-15
4681.334942 1.09449e-15 1.09449e-15
4684.440654 1.089653e-15 1.089653e-15
4687.546365 1.103308e-15 1.103308e-15
4690.652076 1.12988e-15 1.12988e-15
4693.757788 1.110305e-15 1.110305e-15
4696.863499 1.16692e-15 1.16692e-15
4699.96921 1.16253e-15 1.16253e-15
4703.074922 1.167367e-15 1.167367e-15
4706.180633 1.17214e-15 1.17214e-15
4709.286344 1.133755e-15 1.133755e-15
4712.392055 1.170228e-15 1.170228e-15
4715.497767 1.148425e-15 1.148425e-15
4718.603478 1.149945e-15 1.149945e-15
4721.709189 1.14496e-15 1.14496e-15
4724.814901 1.157412e-15 1.157412e-15
4727.920612 1.100755e-15 1.100755e-15
4731.026323 1.179985e-15 1.179985e-15
4734.132035 1.080015e-15 1.080015e-15
4737.237746 1.100395e-15 1.100395e-15
4740.343457 1.112905e-15 1.112905e-15
4743.449169 1.073275e-15 1.073275e-15
4746.55488 1.04791e-15 1.04791e-15
4749.660591 1.016226e-15 1.016226e-15
4752.766303 1.017511e-15 1.017511e-15
4755.872014 1.026291e-15 1.026291e-15
4758.977725 9.633335e-16 9.633335e-16
4762.083437 9.467517e-16 9.467517e-16
4765.189148 9.39215e-16 9.39215e-16
4768.294859 9.85768e-16 9.85768e-16
4771.400571 9.619495e-16 9.619495e-16
4774.506282 9.352765e-16 9.352765e-16
4777.611993 8.763865e-16 8.763865e-16
4780.717704 9.394462e-16 9.394462e-16
4783.823416 8.519978e-16 8.519978e-16
4786.929127 8.738512e-16 8.738512e-16
4790.034838 8.36719e-16 8.36719e-16
4793.14055 8.029797e-16 8.029797e-16
4796.246261 8.13688e-16 8.13688e-16
4799.351972 7.518545e-16 7.518545e-16
4802.457684 7.854032e-16 7.854032e-16
4805.563395 7.506193e-16 7.506193e-16
4808.669106 7.085388e-16 7.085388e-16
4811.774818 6.50921e-16 6.50921e-16
4814.880529 6.436327e-16 6.436327e-16
4817.98624 6.320373e-16 6.320373e-16
4821.091952 5.71242e-16 5.71242e-16
4824.197663 5.889003e-16 5.889003e-16
4827.303374 5.733405e-16 5.733405e-16
4830.409086 5.463015e-16 5.463015e-16
4833.514797 5.074783e-16 5.074783e-16
4836.620508 4.79999e-16 4.79999e-16
4839.726219 5.101327e-16 5.101327e-16
4842.831931 4.264235e-16 4.264235e-16
4845.937642 4.472625e-16 4.472625e-16
4849.043353 4.266185e-16 4.266185e-16
4852.149065 4.38804e-16 4.38804e-16
4855.254776 4.256767e-16 4.256767e-16
4858.360487 4.092515e-16 4.092515e-16
4861.466199 4.338442e-16 4.338442e-16
4864.57191 4.352847e-16 4.352847e-16
4867.677621 4.110615e-16 4.110615e-16
4870.783333 3.48631e-16 3.48631e-16
4873.889044 3.763583e-16 3.763583e-16
4876.994755 3.735728e-16 3.735728e-16
4880.100467 3.71137e-16 3.71137e-16
4883.206178 3.448668e-16 3.448668e-16
4886.311889 3.277535e-16 3.277535e-16
4889.417601 2.905427e-16 2.905427e-16
4892.523312 3.528453e-16 3.528453e-16
4895.629023 3.186245e-16 3.186245e-16
4898.734735 3.517045e-16 3.517045e-16
4901.840446 2.98377e-16 2.98377e-16
4904.946157 3.244898e-16 3.244898e-16
4908.051868 3.295352e-16 3.295352e-16
4911.15758 3.10809e-16 3.10809e-16
4914.263291 3.377002e-16 3.377002e-16
4917.369002 3.05543e-16 3.05543e-16
4920.474714 3.29267e-16 3.29267e-16
4923.580425 3.056343e-16 3.056343e-16
4926.686136 3.34985e-16 3.34985e-16
4929.791848 3.639545e-16 3.639545e-16
4932.897559 3.45706e-16 3.45706e-16
4936.00327 3.17022e-16 3.17022e-16
4939.108982 3.602203e-16 3.602203e-16
4942.214693 3.490092e-16 3.490092e-16
4945.320404 3.914553e-16 3.914553e-16
4948.426116 3.560498e-16 3.560498e-16
4951.531827 4.0438e-16 4.0438e-16
4954.637538 3.84792e-16 3.84792e-16
4957.74325 3.671273e-16 3.671273e-16
4960.848961 3.503408e-16 3.503408e-16
4963.954672 3.88816e-16 3.88816e-16
4967.060384 3.86975e-16 3.86975e-16
4970.166095 3.761117e-16 3.761117e-16
4973.271806 3.878633e-16 3.878633e-16
4976.377517 3.980118e-16 3.980118e-16
4979.483229 3.73746e-16 3.73746e-16
4982.58894 3.649633e-16 3.649633e-16
4985.694651 3.619667e-16 3.619667e-16
4988.800363 3.69499e-16 3.69499e-16
4991.906074 3.563587e-16 3.563587e-16
4995.011785 3.437468e-16 3.437468e-16
4998.117497 3.961142e-16 3.961142e-16
5001.223208 3.965078e-16 3.965078e-16
5004.328919 3.569015e-16 3.569015e-16
5007.434631 3.624375e-16 3.624375e-16
5010.540342 4.03931e-16 4.03931e-16
5013.646053 3.71944e-16 3.71944e-16
5016.751765 4.124575e-16 4.124575e-16
5019.857476 4.073423e-16 4.073423e-16
5022.963187 3.7608e-16 3.7608e-16
5026.068899 4.026298e-16 4.026298e-16
5029.17461 4.277507e-16 4.277507e-16
5032.280321 3.925083e-16 3.925083e-16
5035.386032 3.870618e-16 3.870618e-16
5038.491744 4.592828e-16 4.592828e-16
5041.597455 4.20232e-16 4.20232e-16
5044.703166 3.9579e-16 3.9579e-16
5047.808878 4.18985e-16 4.18985e-16
5050.914589 3.962155e-16 3.962155e-16
5054.0203 4.418695e-16 4.418695e-16
5057.126012 4.016475e-16 4.016475e-16
5060.231723 4.038565e-16 4.038565e-16
5063.337434 3.906843e-16 3.906843e-16
5066.443146 4.083783e-16 4.083783e-16
5069.548857 4.35563e-16 4.35563e-16
5072.654568 3.771065e-16 3.771065e-16
5075.76028 4.246692e-16 4.246692e-16
5078.865991 4.162765e-16 4.162765e-16
5081.971702 4.082755e-16 4.082755e-16
5085.077414 4.334167e-16 4.334167e-16
5088.183125 3.981395e-16 3.981395e-16
5091.288836 3.733348e-16 3.733348e-16
5094.394548 4.024542e-16 4.024542e-16
5097.500259 3.907153e-16 3.907153e-16
5100.60597 3.871467e-16 3.871467e-16
5103.711681 3.680955e-16 3.680955e-16
5106.817393 3.649278e-16 3.649278e-16
5109.923104 3.269447e-16 3.269447e-16
5113.028815 3.594895e-16 3.594895e-16
5116.134527 3.680925e-16 3.680925e-16
5119.240238 3.518493e-16 3.518493e-16
5122.345949 3.514852e-16 3.514852e-16
5125.451661 3.65622e-16 3.65622e-16
5128.557372 3.020663e-16 3.020663e-16
5131.663083 3.352e-16 3.352e-16
5134.768795 3.015682e-16 3.015682e-16
5137.874506 2.969585e-16 2.969585e-16
5140.980217 2.747463e-16 2.747463e-16
5144.085929 2.928885e-16 2.928885e-16
5147.19164 3.180418e-16 3.180418e-16
5150.297351 3.220305e-16 3.220305e-16
5153.403063 3.061563e-16 3.061563e-16
5156.508774 2.74525e-16 2.74525e-16
5159.614485 3.077388e-16 3.077388e-16
5162.720196 2.725645e-16 2.725645e-16
5165.825908 3.044065e-16 3.044065e-16
5168.931619 3.20149e-16 3.20149e-16
5172.03733 3.376553e-16 3.376553e-16
5175.143042 3.749505e-16 3.749505e-16
5178.248753 3.656047e-16 3.656047e-16
5181.354464 3.842288e-16 3.842288e-16
5184.460176 3.858335e-16 3.858335e-16
5187.565887 4.22439e-16 4.22439e-16
5190.671598 4.063e-16 4.063e-16
5193.77731 4.328728e-16 4.328728e-16
5196.883021 4.28252e-16 4.28252e-16
5199.988732 4.20758e-16 4.20758e-16
5203.094444 4.45189e-16 4.45189e-16
5206.200155 4.743473e-16 4.743473e-16
5209.305866 4.988735e-16 4.988735e-16
5212.411578 4.723218e-16 4.723218e-16
5215.517289 5.023855e-16 5.023855e-16
5218.623 5.163385e-16 5.163385e-16
5221.728712 5.225723e-16 5.225723e-16
5224.834423 5.349032e-16 5.349032e-16
5227.940134 5.406227e-16 5.406227e-16
5231.045845 5.557988e-16 5.557988e-16
5234.151557 5.706232e-16 5.706232e-16
5237.257268 5.669263e-16 5.669263e-16
5240.362979 5.884218e-16 5.884218e-16
5243.468691 5.769825e-16 5.769825e-16
5246.574402 5.758392e-16 5.758392e-16
5249.680113 6.35772e-16 6.35772e-16
5252.785825 5.9764e-16 5.9764e-16
5255.891536 5.99888e-16 5.99888e-16
5258.997247 6.07643e-16 6.07643e-16
5262.102959 6.355595e-16 6.355595e-16
5265.20867 6.137563e-16 6.137563e-16
5268.314381 5.899185e-16 5.899185e-16
5271.420093 6.05673e-16 6.05673e-16
5274.525804 6.33528e-16 6.33528e-16
5277.631515 6.493067e-16 6.493067e-16
5280.737227 6.224395e-16 6.224395e-16
5283.842938 6.269793e-16 6.269793e-16
5286.948649 6.317365e-16 6.317365e-16
5290.05436 6.534235e-16 6.534235e-16
5293.160072 6.243855e-16 6.243855e-16
5296.265783 6.074377e-16 6.074377e-16
5299.371494 5.946447e-16 5.946447e-16
5302.477206 6.410283e-16 6.410283e-16
5305.582917 6.231812e-16 6.231812e-16
5308.688628 6.00015e-16 6.00015e-16
5311.79434 6.2564e-16 6.2564e-16
5314.900051 6.003265e-16 6.003265e-16
5318.005762 5.932868e-16 5.932868e-16
5321.111474 5.703328e-16 5.703328e-16
5324.217185 6.007185e-16 6.007185e-16
5327.322896 6.187657e-16 6.187657e-16
5330.428608 6.03247e-16 6.03247e-16
5333.534319 6.046572e-16 6.046572e-16
5336.64003 5.906535e-16 5.906535e-16
5339.745742 5.972085e-16 5.972085e-16
5342.851453 5.530517e-16 5.530517e-16
5345.957164 5.650498e-16 5.650498e-16
5349.062876 5.561852e-16 5.561852e-16
5352.168587 5.680433e-16 5.680433e-16
5355.274298 5.410055e-16 5.410055e-16
5358.380009 5.574435e-16 5.574435e-16
5361.485721 5.290812e-16 5.290812e-16
5364.591432 5.25513e-16 5.25513e-16
5367.697143 5.160457e-16 5.160457e-16
5370.802855 4.988078e-16 4.988078e-16
5373.908566 5.281802e-16 5.281802e-16
5377.014277 4.644028e-16 4.644028e-16
5380.119989 4.698157e-16 4.698157e-16
5383.2257 4.694022e-16 4.694022e-16
5386.331411 4.357505e-16 4.357505e-16
5389.437123 4.35378e-16 4.35378e-16
5392.542834 4.32126e-16 4.32126e-16
5395.648545 4.59822e-16 4.59822e-16
5398.754257 3.991757e-16 3.991757e-16
5401.859968 3.992318e-16 3.992318e-16
5404.965679 3.708365e-16 3.708365e-16
5408.071391 3.825153e-16 3.825153e-16
5411.177102 3.657817e-16 3.657817e-16
5414.282813 3.409515e-16 3.409515e-16
5417.388525 3.670935e-16 3.670935e-16
5420.494236 3.579552e-16 3.579552e-16
5423.599947 3.13246e-16 3.13246e-16
5426.705658 3.210618e-16 3.210618e-16
5429.81137 2.635112e-16 2.635112e-16
5432.917081 3.00659e-16 3.00659e-16
5436.022792 2.592945e-16 2.592945e-16
5439.128504 2.355908e-16 2.355908e-16
5442.234215 2.261845e-16 2.261845e-16
5445.339926 2.603523e-16 2.603523e-16
5448.445638 2.148173e-16 2.148173e-16
5451.551349 2.227753e-16 2.227753e-16
5454.65706 2.116705e-16 2.116705e-16
5457.762772 1.996235e-16 1.996235e-16
5460.868483 1.85068e-16 1.85068e-16
5463.974194 2.033947e-16 2.033947e-16
5467.079906 1.97823e-16 1.97823e-16
5470.185617 1.804313e-16 1.804313e-16
5473.291328 1.5816e-16 1.5816e-16
5476.39704 1.871655e-16 1.871655e-16
5479.502751 2.0527e-16 2.0527e-16
5482.608462 1.447498e-16 1.447498e-16
5485.714173 1.952327e-16 1.952327e-16
5488.819885 1.78998e-16 1.78998e-16
5491.925596 1.583708e-16 1.583708e-16
5495.031307 1.622657e-16 1.622657e-16
5498.137019 1.564904e-16 1.564904e-16
5502.146049 1.263326e-16 1.263326e-16
5507.159352 1.071645e-16 1.071645e-16
5512.172656 7.18626e-17 7.18626e-17
5517.185959 1.283929e-16 1.283929e-16
5522.199262 1.389052e-16 1.389052e-16
5527.212565 1.600755e-16 1.600755e-16
5532.225868 1.260897e-16 1.260897e-16
5537.239171 1.706638e-16 1.706638e-16
5542.252474 1.040257e-16 1.040257e-16
5547.265777 1.258032e-16 1.258032e-16
5552.27908 1.313685e-16 1.313685e-16
5557.292383 1.038826e-16 1.038826e-16
5562.305686 1.195089e-16 1.195089e-16
5567.318989 7.904242e-17 7.904242e-17
5572.332292 7.709383e-17 7.709383e-17
5577.345595 1.361174e-16 1.361174e-16
5582.358898 5.15198e-17 5.15198e-17
5587.372201 1.019332e-16 1.019332e-16
5592.385504 6.477227e-17 6.477227e-17
5597.398807 4.879958e-17 4.879958e-17
5602.41211 9.404555e-17 9.404555e-17
5607.425413 1.097836e-16 1.097836e-16
5612.438716 1.032837e-16 1.032837e-16
5617.452019 1.187125e-16 1.187125e-16
5622.465322 1.129968e-16 1.129968e-16
5627.478625 8.48873e-17 8.48873e-17
5632.491928 6.423663e-17 6.423663e-17
5637.505231 5.436355e-17 5.436355e-17
5642.518535 6.33816e-17 6.33816e-17
5647.531838 2.283711e-17 2.283711e-17
5652.545141 3.813178e-17 3.813178e-17
5657.558444 5.791788e-17 5.791788e-17
5662.571747 5.678545e-17 5.678545e-17
5667.58505 5.600498e-17 5.600498e-17
5672.598353 5.506558e-17 5.506558e-17
5677.611656 6.012515e-17 6.012515e-17
5682.624959 3.78024e-17 3.78024e-17
5687.638262 5.030455e-17 5.030455e-17
5692.651565 4.609765e-17 4.609765e-17
5697.664868 3.333317e-17 3.333317e-17
5702.678171 2.67247e-17 2.67247e-17
5707.691474 1.487395e-17 1.487395e-17
5712.704777 5.41388e-17 5.41388e-17
5717.71808 3.203065e-17 3.203065e-17
5722.731383 2.568995e-17 2.568995e-17
5727.744686 3.446157e-17 3.446157e-17
5732.757989 6.928583e-17 6.928583e-17
5737.771292 4.90257e-17 4.90257e-17
5742.784595 4.251853e-17 4.251853e-17
5747.797898 4.377712e-17 4.377712e-17
5752.811201 3.239087e-17 3.239087e-17
5757.824504 2.360398e-17 2.360398e-17
5762.837807 4.380372e-17 4.380372e-17
5767.851111 4.203503e-17 4.203503e-17
5772.864414 3.780081e-17 3.780081e-17
5777.877717 3.958782e-17 3.958782e-17
5782.89102 3.383065e-17 3.383065e-17
5787.904323 6.8898e-17 6.8898e-17
5792.917626 7.892327e-17 7.892327e-17
5797.930929 6.992248e-17 6.992248e-17
5802.944232 5.871748e-17 5.871748e-17
5807.957535 7.709245e-17 7.709245e-17
5812.970838 8.124187e-17 8.124187e-17
5817.984141 6.643918e-17 6.643918e-17
5822.997444 8.10335e-17 8.10335e-17
5828.010747 9.717278e-17 9.717278e-17
5833.02405 1.011089e-16 1.011089e-16
5838.037353 7.712882e-17 7.712882e-17
5843.050656 8.308635e-17 8.308635e-17
5848.063959 7.302588e-17 7.302588e-17
5853.077262 1.006764e-16 1.006764e-16
5858.090565 1.284942e-16 1.284942e-16
5863.103868 1.041164e-16 1.041164e-16
5868.117171 1.013148e-16 1.013148e-16
5873.130474 1.248039e-16 1.248039e-16
5878.143777 1.285247e-16 1.285247e-16
5883.15708 1.212968e-16 1.212968e-16
5888.170383 1.229537e-16 1.229537e-16
5893.183686 1.323205e-16 1.323205e-16
5898.19699 1.291092e-16 1.291092e-16
5903.210293 1.368763e-16 1.368763e-16
5908.223596 1.601787e-16 1.601787e-16
5913.236899 1.632595e-16 1.632595e-16
5918.250202 1.397117e-16 1.397117e-16
5923.263505 1.373958e-16 1.373958e-16
5928.276808 1.48895e-16 1.48895e-16
5933.290111 1.521215e-16 1.521215e-16
5938.303414 1.482065e-16 1.482065e-16
5943.316717 1.561745e-16 1.561745e-16
5948.33002 1.22529e-16 1.22529e-16
5953.343323 1.670178e-16 1.670178e-16
5958.356626 1.524515e-16 1.524515e-16
5963.369929 1.520248e-16 1.520248e-16
5968.383232 1.62533e-16 1.62533e-16
5973.396535 1.51899e-16 1.51899e-16
5978.409838 1.545267e-16 1.545267e-16
5983.423141 1.647517e-16 1.647517e-16
5988.436444 1.675658e-16 1.675658e-16
5993.449747 1.732415e-16 1.732415e-16
5998.46305 1.591838e-16 1.591838e-16
6003.476353 1.443423e-16 1.443423e-16
6008.489656 1.380555e-16 1.380555e-16
6013.502959 1.330393e-16 1.330393e-16
6018.516262 1.302695e-16 1.302695e-16
6023.529566 1.312412e-16 1.312412e-16
6028.542869 1.137979e-16 1.137979e-16
6033.556172 1.051976e-16 1.051976e-16
6038.569475 1.04108e-16 1.04108e-16
6043.582778 1.069355e-16 1.069355e-16
6048.596081 1.06353e-16 1.06353e-16
6053.609384 7.5632e-17 7.5632e-17
6058.622687 9.541655e-17 9.541655e-17
6063.63599 8.00343e-17 8.00343e-17
6068.649293 7.95646e-17 7.95646e-17
6073.662596 7.31537e-17 7.31537e-17
6078.675899 6.565997e-17 6.565997e-17
6083.689202 6.969305e-17 6.969305e-17
6088.702505 5.299255e-17 5.299255e-17
6093.715808 4.288215e-17 4.288215e-17
6098.729111 4.699875e-17 4.699875e-17
6103.742414 5.256188e-17 5.256188e-17
6108.755717 5.826162e-17 5.826162e-17
6113.76902 6.569205e-17 6.569205e-17
6118.782323 5.18833e-17 5.18833e-17
6123.795626 5.307682e-17 5.307682e-17
6128.808929 5.32781e-17 5.32781e-17
6133.822232 4.080003e-17 4.080003e-17
6138.835535 5.194652e-17 5.194652e-17
6143.848838 7.383737e-17 7.383737e-17
6148.862141 5.622403e-17 5.622403e-17
6153.875445 6.248715e-17 6.248715e-17
6158.888748 6.30867e-17 6.30867e-17
6163.902051 6.472298e-17 6.472298e-17
6168.915354 6.136458e-17 6.136458e-17
6173.928657 7.481912e-17 7.481912e-17
6178.94196 7.77227e-17 7.77227e-17
6183.955263 6.493768e-17 6.493768e-17
6188.968566 6.007035e-17 6.007035e-17
6193.981869 7.20358e-17 7.20358e-17
6198.995172 7.777572e-17 7.777572e-17
6204.008475 6.795867e-17 6.795867e-17
6209.021778 7.222535e-17 7.222535e-17
6214.035081 5.50139e-17 5.50139e-17
6219.048384 6.579005e-17 6.579005e-17
6224.061687 7.313718e-17 7.313718e-17
6229.07499 6.84454e-17 6.84454e-17
6234.088293 7.640797e-17 7.640797e-17
6239.101596 7.436755e-17 7.436755e-17
6244.114899 7.742235e-17 7.742235e-17
6249.128202 7.98981e-17 7.98981e-17
6254.141505 7.147505e-17 7.147505e-17
6259.154808 6.718477e-17 6.718477e-17
6264.168111 7.865135e-17 7.865135e-17
6269.181414 8.450663e-17 8.450663e-17
6274.194717 6.758735e-17 6.758735e-17
6279.208021 6.67598e-17 6.67598e-17
6284.221324 8.316697e-17 8.316697e-17
6289.234627 6.698783e-17 6.698783e-17
6294.24793 6.56883e-17 6.56883e-17
6299.261233 5.889402e-17 5.889402e-17
6304.274536 7.137833e-17 7.137833e-17
6309.287839 5.21814e-17 5.21814e-17
6314.301142 4.70061e-17 4.70061e-17
6319.314445 5.579323e-17 5.579323e-17
6324.327748 6.02722e-17 6.02722e-17
6329.341051 4.378997e-17 4.378997e-17
6334.354354 5.506347e-17 5.506347e-17
6339.367657 5.571183e-17 5.571183e-17
6344.38096 4.719758e-17 4.719758e-17
6349.394263 3.353033e-17 3.353033e-17
6354.407566 3.417338e-17 3.417338e-17
6359.420869 4.397185e-17 4.397185e-17
6364.434172 2.169633e-17 2.169633e-17
6369.447475 4.381557e-17 4.381557e-17
6374.460778 3.032343e-17 3.032343e-17
6379.474081 3.369628e-17 3.369628e-17
6384.487384 3.980918e-17 3.980918e-17
6389.500687 3.672142e-17 3.672142e-17
6394.51399 4.235142e-17 4.235142e-17
6399.527293 2.313403e-17 2.313403e-17
6404.540596 4.46188e-17 4.46188e-17
6409.5539 2.58435e-17 2.58435e-17
6414.567203 4.0939e-17 4.0939e-17
6419.580506 3.208912e-17 3.208912e-17
6424.593809 5.199145e-17 5.199145e-17
6429.607112 4.127522e-17 4.127522e-17
6434.620415 5.012975e-17 5.012975e-17
6439.633718 3.968952e-17 3.968952e-17
6444.647021 4.314778e-17 4.314778e-17
6449.660324 5.234973e-17 5.234973e-17
6454.673627 5.945392e-17 5.945392e-17
6459.68693 5.826173e-17 5.826173e-17
6464.700233 4.68494e-17 4.68494e-17
6469.713536 6.461662e-17 6.461662e-17
6474.726839 6.104552e-17 6.104552e-17
6479.740142 6.567758e-17 6.567758e-17
6484.753445 7.040715e-17 7.040715e-17
6489.766748 6.993445e-17 6.993445e-17
6494.780051 7.446705e-17 7.446705e-17
6499.793354 7.958088e-17 7.958088e-17
6504.806657 1.010986e-16 1.010986e-16
6509.81996 8.73869e-17 8.73869e-17
6514.833263 8.558902e-17 8.558902e-17
6519.846566 8.679495e-17 8.679495e-17
6524.859869 7.643275e-17 7.643275e-17
6529.873172 1.039591e-16 1.039591e-16
6534.886476 1.008977e-16 1.008977e-16
6539.899779 1.03083e-16 1.03083e-16
6544.913082 1.014077e-16 1.014077e-16
6549.926385 8.963002e-17 8.963002e-17
6554.939688 9.304645e-17 9.304645e-17
6559.952991 1.171935e-16 1.171935e-16
6564.966294 1.138875e-16 1.138875e-16
6569.979597 9.848845e-17 9.848845e-17
6574.9929 8.932255e-17 8.932255e-17
6580.006203 1.076411e-16 1.076411e-16
6585.019506 1.040599e-16 1.040599e-16
6590.032809 1.035779e-16 1.035779e-16
6595.046112 4.199255e-17 4.199255e-17
6600.059415 1.032677e-16 1.032677e-16
6605.072718 9.397245e-17 9.397245e-17
6610.086021 1.049915e-16 1.049915e-16
6615.099324 8.83114e-17 8.83114e-17
6620.112627 1.171609e-16 1.171609e-16
6625.12593 1.01083e-16 1.01083e-16
6630.139233 9.924535e-17 9.924535e-17
6635.152536 8.868592e-17 8.868592e-17
6640.165839 8.650408e-17 8.650408e-17
6645.179142 9.226062e-17 9.226062e-17
6650.192445 8.36374e-17 8.36374e-17
6655.205748 8.967385e-17 8.967385e-17
6660.219052 8.622138e-17 8.622138e-17
6665.232355 5.770915e-17 5.770915e-17
6670.245658 6.391828e-17 6.391828e-17
6675.258961 8.749293e-17 8.749293e-17
6680.272264 7.43346e-17 7.43346e-17
6685.285567 7.29434e-17 7.29434e-17
6690.29887 7.319773e-17 7.319773e-17
6695.312173 7.990905e-17 7.990905e-17
6700.325476 7.273383e-17 7.273383e-17
6705.338779 8.29779e-17 8.29779e-17
6710.352082 7.161433e-17 7.161433e-17
6715.365385 7.399905e-17 7.399905e-17
6720.378688 7.559625e-17 7.559625e-17
6725.391991 6.35711e-17 6.35711e-17
6730.405294 6.23511e-17 6.23511e-17
6735.418597 6.295635e-17 6.295635e-17
6740.4319 6.310928e-17 6.310928e-17
6745.445203 6.79613e-17 6.79613e-17
6750.458506 4.242845e-17 4.242845e-17
6755.471809 4.277218e-17 4.277218e-17
6760.485112 4.899457e-17 4.899457e-17
6765.498415 5.101437e-17 5.101437e-17
6770.511718 6.039315e-17 6.039315e-17
6775.525021 4.055545e-17 4.055545e-17
6780.538324 3.313343e-17 3.313343e-17
6785.551627 3.857625e-17 3.857625e-17
6790.564931 4.067875e-17 4.067875e-17
6795.578234 4.72558e-17 4.72558e-17
6800.591537 2.967303e-17 2.967303e-17
6805.60484 3.19085e-17 3.19085e-17
6810.618143 3.911015e-17 3.911015e-17
6815.631446 4.710315e-17 4.710315e-17
6820.644749 3.164798e-17 3.164798e-17
6825.658052 2.55107e-17 2.55107e-17
6830.671355 4.89735e-17 4.89735e-17
6835.684658 4.96142e-17 4.96142e-17
6840.697961 4.166772e-17 4.166772e-17
6845.711264 3.906282e-17 3.906282e-17
6850.724567 4.24896e-17 4.24896e-17
6855.73787 3.996887e-17 3.996887e-17
6860.751173 4.970935e-17 4.970935e-17
6865.764476 4.563191e-17 4.563191e-17
6870.777779 4.111482e-17 4.111482e-17
6875.791082 5.548238e-17 5.548238e-17
6880.804385 5.457958e-17 5.457958e-17
6885.817688 6.037172e-17 6.037172e-17
6890.830991 4.83041e-17 4.83041e-17
6895.844294 6.935027e-17 6.935027e-17
6900.857597 5.142125e-17 5.142125e-17
6905.8709 5.76778e-17 5.76778e-17
6910.884203 6.029905e-17 6.029905e-17
6915.897507 4.828397e-17 4.828397e-17
6920.91081 6.451678e-17 6.451678e-17
6925.924113 6.519667e-17 6.519667e-17
6930.937416 6.914458e-17 6.914458e-17
6935.950719 5.548092e-17 5.548092e-17
6940.964022 6.028845e-17 6.028845e-17
6945.977325 6.443257e-17 6.443257e-17
6950.990628 6.315418e-17 6.315418e-17
6956.003931 6.895202e-17 6.895202e-17
6961.017234 7.23495e-17 7.23495e-17
6966.030537 7.778065e-17 7.778065e-17
6971.04384 6.770988e-17 6.770988e-17
6976.057143 6.651357e-17 6.651357e-17
6981.070446 7.690863e-17 7.690863e-17
6986.083749 6.875865e-17 6.875865e-17
6991.097052 7.00186e-17 7.00186e-17
6996.110355 6.510985e-17 6.510985e-17
7001.123658 6.748473e-17 6.748473e-17
7006.136961 5.372237e-17 5.372237e-17
7011.150264 7.555953e-17 7.555953e-17
7016.163567 6.045192e-17 6.045192e-17
7021.17687 6.938568e-17 6.938568e-17
7026.190173 6.752223e-17 6.752223e-17
7031.203476 7.099065e-17 7.099065e-17
7036.216779 7.198603e-17 7.198603e-17
7041.230082 6.689978e-17 6.689978e-17
7046.243386 6.725095e-17 6.725095e-17
7051.256689 6.572707e-17 6.572707e-17
7056.269992 6.909387e-17 6.909387e-17
7061.283295 5.914103e-17 5.914103e-17
7066.296598 7.018055e-17 7.018055e-17
7071.309901 7.158877e-17 7.158877e-17
7076.323204 6.331215e-17 6.331215e-17
7081.336507 7.118437e-17 7.118437e-17
7086.34981 6.36747e-17 6.36747e-17
7091.363113 6.765137e-17 6.765137e-17
7096.376416 6.084407e-17 6.084407e-17
7101.389719 7.4415e-17 7.4415e-17
7106.403022 8.447763e-17 8.447763e-17
7111.416325 7.17843e-17 7.17843e-17
7116.429628 7.366533e-17 7.366533e-17
7121.442931 6.838782e-17 6.838782e-17
7126.456234 7.939055e-17 7.939055e-17
7131.469537 8.593665e-17 8.593665e-17
7136.48284 9.6498e-17 9.6498e-17
7141.496143 9.00506e-17 9.00506e-17
7146.509446 9.645665e-17 9.645665e-17
7151.522749 9.835657e-17 9.835657e-17
7156.536052 1.108942e-16 1.108942e-16
7161.549355 1.06922e-16 1.06922e-16
7166.562658 9.883865e-17 9.883865e-17
7171.575962 1.2019e-16 1.2019e-16
7176.589265 1.15145e-16 1.15145e-16
7181.602568 1.29413e-16 1.29413e-16
7186.615871 1.268958e-16 1.268958e-16
7191.629174 1.34303e-16 1.34303e-16
7196.642477 1.421243e-16 1.421243e-16
7201.65578 1.174e-16 1.174e-16
7206.669083 1.336047e-16 1.336047e-16
7211.682386 1.36222e-16 1.36222e-16
7216.695689 1.394073e-16 1.394073e-16
7221.708992 1.446365e-16 1.446365e-16
7226.722295 1.50427e-16 1.50427e-16
7231.735598 1.4104e-16 1.4104e-16
7236.748901 1.577763e-16 1.577763e-16
7241.762204 1.541458e-16 1.541458e-16
7246.775507 1.16402e-16 1.16402e-16
7251.78881 1.499305e-16 1.499305e-16
7256.802113 1.49498e-16 1.49498e-16
7261.815416 1.35538e-16 1.35538e-16
7266.828719 1.4127e-16 1.4127e-16
7271.842022 1.255477e-16 1.255477e-16
7276.855325 1.411361e-16 1.411361e-16
7281.868628 1.405458e-16 1.405458e-16
7286.881931 1.353501e-16 1.353501e-16
7291.895234 1.312683e-16 1.312683e-16
7296.908538 1.23681e-16 1.23681e-16
7301.921841 1.072876e-16 1.072876e-16
7306.935144 1.201855e-16 1.201855e-16
7311.948447 1.016156e-16 1.016156e-16
7316.96175 1.061528e-16 1.061528e-16
7321.975053 9.79707e-17 9.79707e-17
7326.988356 8.990368e-17 8.990368e-17
7332.001659 8.676315e-17 8.676315e-17
7337.014962 8.084635e-17 8.084635e-17
7342.028265 9.744868e-17 9.744868e-17
7347.041568 8.063897e-17 8.063897e-17
7352.054871 8.307255e-17 8.307255e-17
7357.068174 7.441193e-17 7.441193e-17
7362.081477 8.286112e-17 8.286112e-17
7367.09478 5.667217e-17 5.667217e-17
7372.108083 9.40104e-17 9.40104e-17
7377.121386 7.065857e-17 7.065857e-17
7382.134689 7.7935e-17 7.7935e-17
7387.147992 7.838985e-17 7.838985e-17
7392.161295 8.04654e-17 8.04654e-17
7397.174598 7.700173e-17 7.700173e-17
7402.187901 6.702951e-17 6.702951e-17
7407.201204 7.497145e-17 7.497145e-17
7412.214507 7.366558e-17 7.366558e-17
7417.22781 7.78491e-17 7.78491e-17
7422.241113 7.376453e-17 7.376453e-17
7427.254417 6.353217e-17 6.353217e-17
7432.26772 8.79358e-17 8.79358e-17
7437.281023 7.4976e-17 7.4976e-17
7442.294326 7.95587e-17 7.95587e-17
7447.307629 8.271232e-17 8.271232e-17
7452.320932 9.102048e-17 9.102048e-17
7457.334235 8.94252e-17 8.94252e-17
7462.347538 8.44055e-17 8.44055e-17
7467.360841 8.02733e-17 8.02733e-17
7472.374144 9.272543e-17 9.272543e-17
7477.387447 9.0133e-17 9.0133e-17
7482.40075 8.784522e-17 8.784522e-17
7487.414053 8.78898e-17 8.78898e-17
7492.427356 9.916592e-17 9.916592e-17
7497.440659 9.625647e-17 9.625647e-17
7502.453962 8.3749e-17 8.3749e-17
7507.467265 7.874503e-17 7.874503e-17
7512.480568 8.988952e-17 8.988952e-17
7517.493871 9.84586e-17 9.84586e-17
7522.507174 9.230295e-17 9.230295e-17
7527.520477 1.076199e-16 1.076199e-16
7532.53378 9.341375e-17 9.341375e-17
7537.547083 8.052252e-17 8.052252e-17
7542.560386 8.519195e-17 8.519195e-17
7547.573689 8.815787e-17 8.815787e-17
7552.586993 8.198925e-17 8.198925e-17
7557.600296 7.000285e-17 7.000285e-17
7562.613599 8.16296e-17 8.16296e-17
7567.626902 7.212487e-17 7.212487e-17
7572.640205 6.937693e-17 6.937693e-17
7577.653508 5.38886e-17 5.38886e-17
7582.666811 6.227245e-17 6.227245e-17
7587.680114 5.349713e-17 5.349713e-17
7592.693417 3.341822e-17 3.341822e-17
7597.70672 1.298015e-17 1.298015e-17
7602.720023 6.34833e-17 6.34833e-17
7607.733326 4.042427e-17 4.042427e-17
7612.746629 2.398702e-17 2.398702e-17
7617.759932 4.370552e-17 4.370552e-17
7622.773235 3.068387e-17 3.068387e-17
7627.786538 4.862901e-17 4.862901e-17
7632.799841 3.748668e-17 3.748668e-17
7637.813144 2.068806e-17 2.068806e-17
7642.826447 2.963048e-17 2.963048e-17
7647.83975 3.076268e-17 3.076268e-17
7652.853053 2.996029e-17 2.996029e-17
7657.866356 1.918982e-17 1.918982e-17
7662.879659 3.778919e-17 3.778919e-17
7667.892962 2.924672e-17 2.924672e-17
7672.906265 1.898207e-17 1.898207e-17
7677.919568 4.059002e-17 4.059002e-17
7682.932872 2.879737e-17 2.879737e-17
7687.946175 1.96018e-17 1.96018e-17
7692.959478 2.800013e-17 2.800013e-17
7697.972781 2.363479e-17 2.363479e-17
7702.986084 2.93711e-17 2.93711e-17
7707.999387 2.057123e-17 2.057123e-17
7713.01269 2.920785e-17 2.920785e-17
7718.025993 2.832599e-18 2.832599e-18
7723.039296 2.862445e-17 2.862445e-17
7728.052599 2.33614e-17 2.33614e-17
7733.065902 2.203438e-17 2.203438e-17
7738.079205 2.619782e-17 2.619782e-17
7743.092508 2.220865e-17 2.220865e-17
7748.105811 2.160095e-17 2.160095e-17
7753.119114 1.108233e-17 1.108233e-17
7758.132417 3.21806e-17 3.21806e-17
7763.14572 2.421148e-17 2.421148e-17
7768.159023 2.751448e-17 2.751448e-17
7773.172326 3.851622e-17 3.851622e-17
7778.185629 2.047086e-17 2.047086e-17
7783.198932 3.137292e-17 3.137292e-17
7788.212235 3.497338e-17 3.497338e-17
7793.225538 1.15383e-17 1.15383e-17
7798.238841 2.637338e-17 2.637338e-17
7803.252144 3.36257e-17 3.36257e-17
7808.265448 3.628578e-17 3.628578e-17
7813.278751 7.873625e-18 7.873625e-18
7818.292054 5.290183e-17 5.290183e-17
7823.305357 5.853525e-18 5.853525e-18
7828.31866 3.876392e-17 3.876392e-17
7833.331963 3.596762e-17 3.596762e-17
7838.345266 2.188418e-17 2.188418e-17
7843.358569 4.396486e-17 4.396486e-17
7848.371872 2.560797e-17 2.560797e-17
7853.385175 -9.799e-19 -9.799e-19
7858.398478 5.995055e-17 5.995055e-17
7863.411781 1.08131e-17 1.08131e-17
7868.425084 1.838448e-17 1.838448e-17
7873.438387 3.864897e-17 3.864897e-17
7878.45169 2.754158e-17 2.754158e-17
7883.464993 2.862759e-17 2.862759e-17
7888.478296 5.552842e-17 5.552842e-17
7893.491599 2.408867e-17 2.408867e-17
7898.504902 3.1492e-17 3.1492e-17
7903.518205 2.991165e-17 2.991165e-17
7908.531508 1.962625e-17 1.962625e-17
7913.544811 1.52166e-17 1.52166e-17
7918.558114 4.543058e-17 4.543058e-17
7923.571417 2.403744e-17 2.403744e-17
7928.58472 3.181493e-17 3.181493e-17
7933.598023 3.928185e-17 3.928185e-17
7938.611327 3.428152e-17 3.428152e-17
7943.62463 2.258377e-17 2.258377e-17
7948.637933 3.926182e-17 3.926182e-17
7953.651236 2.596633e-17 2.596633e-17
7958.664539 2.941798e-17 2.941798e-17
7963.677842 5.20857e-18 5.20857e-18
7968.691145 4.682488e-17 4.682488e-17
7973.704448 2.573915e-17 2.573915e-17
7978.717751 3.275327e-17 3.275327e-17
7983.731054 1.974215e-17 1.974215e-17
7988.744357 2.705462e-17 2.705462e-17
7993.75766 7.228025e-18 7.228025e-18
7998.770963 2.75759e-17 2.75759e-17
8003.784266 1.2889e-17 1.2889e-17
8008.797569 3.531908e-17 3.531908e-17
8013.810872 2.362297e-17 2.362297e-17
8018.824175 3.432843e-17 3.432843e-17
8023.837478 2.768842e-17 2.768842e-17
8028.850781 2.616638e-17 2.616638e-17
8033.864084 2.557922e-17 2.557922e-17
8038.877387 3.180665e-17 3.180665e-17
8043.89069 2.410605e-17 2.410605e-17
8048.903993 2.591867e-17 2.591867e-17
8053.917296 1.668215e-17 1.668215e-17
8058.930599 2.20476e-17 2.20476e-17
8063.943903 1.998904e-17 1.998904e-17
8068.957206 2.010953e-17 2.010953e-17
8073.970509 2.38027e-17 2.38027e-17
8078.983812 1.985093e-17 1.985093e-17
8083.997115 1.97447e-17 1.97447e-17
8089.010418 1.520129e-17 1.520129e-17
8094.023721 2.382735e-17 2.382735e-17
8099.037024 8.849748e-18 8.849748e-18
8104.050327 2.077462e-17 2.077462e-17
8109.06363 1.511818e-17 1.511818e-17
8114.076933 1.635383e-17 1.635383e-17
8119.090236 1.840364e-17 1.840364e-17
8124.103539 2.268342e-17 2.268342e-17
8129.116842 1.552185e-17 1.552185e-17
8134.130145 2.146717e-17 2.146717e-17
8139.143448 8.706555e-18 8.706555e-18
8144.156751 1.265477e-17 1.265477e-17
8149.170054 1.164255e-17 1.164255e-17
8154.183357 1.322624e-17 1.322624e-17
8159.19666 1.984645e-17 1.984645e-17
8164.209963 1.622821e-17 1.622821e-17
8169.223266 1.19712e-17 1.19712e-17
8174.236569 6.371793e-18 6.371793e-18
8179.249872 9.36481e-18 9.36481e-18
8184.263175 1.411306e-17 1.411306e-17
8189.276478 1.661946e-17 1.661946e-17
8194.289782 1.021309e-17 1.021309e-17
8199.303085 5.190225e-18 5.190225e-18
8204.316388 7.55196e-18 7.55196e-18
8209.329691 9.978148e-18 9.978148e-18
8214.342994 1.516638e-17 1.516638e-17
8219.356297 4.399964e-18 4.399964e-18
8224.3696 2.007415e-18 2.007415e-18
8229.382903 1.527248e-17 1.527248e-17
8234.396206 1.13936e-17 1.13936e-17
8239.409509 1.184716e-17 1.184716e-17
8244.422812 1.09113e-17 1.09113e-17
8249.436115 9.873257e-18 9.873257e-18
8254.449418 1.032741e-17 1.032741e-17
8259.462721 1.039577e-17 1.039577e-17
8264.476024 1.508864e-17 1.508864e-17
8269.489327 2.006836e-17 2.006836e-17
8274.50263 1.951542e-17 1.951542e-17
8279.515933 2.098978e-17 2.098978e-17
8284.529236 3.39661e-17 3.39661e-17
8289.542539 -7.4833e-19 -7.4833e-19
8294.555842 1.285748e-17 1.285748e-17
8299.569145 7.37377e-18 7.37377e-18
8304.582448 1.873653e-17 1.873653e-17
8309.595751 2.11888e-17 2.11888e-17
8314.609054 8.109628e-18 8.109628e-18
8319.622358 1.424582e-17 1.424582e-17
8324.635661 1.28018e-17 1.28018e-17
8329.648964 1.249612e-17 1.249612e-17
8334.662267 1.411079e-17 1.411079e-17
8339.67557 1.825437e-17 1.825437e-17
8344.688873 -2.276035e-17 -2.276035e-17
8349.702176 1.871345e-17 1.871345e-17
8354.715479 9.922793e-18 9.922793e-18
8359.728782 9.937447e-18 9.937447e-18
8364.742085 9.071188e-18 9.071188e-18
8369.755388 9.828208e-18 9.828208e-18
8374.768691 2.160378e-17 2.160378e-17
8379.781994 8.785648e-18 8.785648e-18
8384.795297 -3.680327e-18 -3.680327e-18
8389.8086 1.457643e-17 1.457643e-17
8394.821903 1.858107e-17 1.858107e-17
8399.835206 3.111887e-17 3.111887e-17
8404.848509 2.402603e-17 2.402603e-17
8409.861812 1.509476e-17 1.509476e-17
8414.875115 1.296138e-17 1.296138e-17
8419.888418 1.383182e-17 1.383182e-17
8424.901721 1.645025e-17 1.645025e-17
8429.915024 5.554533e-17 5.554533e-17
8434.928327 2.020223e-17 2.020223e-17
8439.94163 1.776485e-17 1.776485e-17
8444.954934 2.069842e-17 2.069842e-17
8449.968237 2.289012e-17 2.289012e-17
8454.98154 9.968463e-18 9.968463e-18
8459.994843 1.890596e-17 1.890596e-17
8465.008146 5.9985e-18 5.9985e-18
8470.021449 2.035512e-17 2.035512e-17
8475.034752 1.645835e-17 1.645835e-17
8480.048055 2.24046e-17 2.24046e-17
8485.061358 2.10915e-17 2.10915e-17
8490.074661 2.056937e-17 2.056937e-17
8495.087964 1.758223e-17 1.758223e-17
8500.101267 1.781673e-17 1.781673e-17
8505.11457 1.276122e-17 1.276122e-17
8510.127873 1.842857e-17 1.842857e-17
8515.141176 1.551216e-17 1.551216e-17
8520.154479 1.548117e-17 1.548117e-17
8525.167782 1.879438e-17 1.879438e-17
8530.181085 2.264857e-17 2.264857e-17
8535.194388 1.53616e-17 1.53616e-17
8540.207691 2.492263e-17 2.492263e-17
8545.220994 2.726e-17 2.726e-17
8550.234297 2.510375e-17 2.510375e-17
8555.2476 1.983515e-17 1.983515e-17
8560.260903 3.381117e-17 3.381117e-17
8565.274206 2.422305e-17 2.422305e-17
8570.287509 3.454297e-17 3.454297e-17
8575.300813 2.93089e-17 2.93089e-17
8580.314116 1.9427e-17 1.9427e-17
8585.327419 3.131767e-17 3.131767e-17
8590.340722 3.972018e-17 3.972018e-17
8595.354025 4.014865e-17 4.014865e-17
8600.367328 2.776835e-17 2.776835e-17
8605.380631 2.638053e-17 2.638053e-17
8610.393934 3.972865e-17 3.972865e-17
8615.407237 3.149678e-17 3.149678e-17
8620.42054 4.033398e-17 4.033398e-17
8625.433843 4.315298e-17 4.315298e-17
8630.447146 3.79818e-17 3.79818e-17
8635.460449 4.248027e-17 4.248027e-17
8640.473752 4.77418e-17 4.77418e-17
8645.487055 4.526572e-17 4.526572e-17
8650.500358 3.968702e-17 3.968702e-17
8655.513661 5.331878e-17 5.331878e-17
8660.526964 5.04248e-17 5.04248e-17
8665.540267 5.054237e-17 5.054237e-17
8670.55357 5.182973e-17 5.182973e-17
8675.566873 4.79318e-17 4.79318e-17
8680.580176 4.699625e-17 4.699625e-17
8685.593479 4.516018e-17 4.516018e-17
8690.606782 4.505353e-17 4.505353e-17
8695.620085 5.106487e-17 5.106487e-17
8700.633389 4.988e-17 4.988e-17
8705.646692 4.88631e-17 4.88631e-17
8710.659995 3.625443e-17 3.625443e-17
8715.673298 5.097883e-17 5.097883e-17
8720.686601 6.074193e-17 6.074193e-17
8725.699904 5.323415e-17 5.323415e-17
8730.713207 4.11753e-17 4.11753e-17
8735.72651 5.1253e-17 5.1253e-17
8740.739813 4.81122e-17 4.81122e-17
8745.753116 5.06619e-17 5.06619e-17
8750.766419 5.72988e-17 5.72988e-17
8755.779722 6.229657e-17 6.229657e-17
8760.793025 6.094872e-17 6.094872e-17
8765.806328 2.365745e-17 2.365745e-17
8770.819631 6.184188e-17 6.184188e-17
8775.832934 4.85412e-17 4.85412e-17
8780.846237 8.204933e-17 8.204933e-17
8785.85954 5.435275e-17 5.435275e-17
8790.872843 7.3012e-17 7.3012e-17
8795.886146 3.591975e-17 3.591975e-17
8800.899449 4.515687e-17 4.515687e-17
8805.912752 5.447723e-17 5.447723e-17
8810.926055 5.188557e-17 5.188557e-17
8815.939358 5.06011e-17 5.06011e-17
8820.952661 4.504117e-17 4.504117e-17
8825.965964 1.39491e-17 1.39491e-17
8830.979268 4.664927e-17 4.664927e-17
8835.992571 4.663362e-17 4.663362e-17
8841.005874 4.27066e-17 4.27066e-17
8846.019177 4.006382e-17 4.006382e-17
8851.03248 5.319982e-17 5.319982e-17
8856.045783 3.924145e-17 3.924145e-17
8861.059086 3.62726e-17 3.62726e-17
8866.072389 1.348125e-17 1.348125e-17
8871.085692 4.5639e-17 4.5639e-17
8876.098995 4.461e-17 4.461e-17
8881.112298 4.327537e-17 4.327537e-17
8886.125601 2.844378e-17 2.844378e-17
8891.138904 4.24395e-17 4.24395e-17
8896.152207 2.86021e-17 2.86021e-17
8901.16551 3.69907e-17 3.69907e-17
8906.178813 2.57298e-17 2.57298e-17
8911.192116 3.561802e-17 3.561802e-17
8916.205419 2.976949e-17 2.976949e-17
8921.218722 1.22914e-16 1.22914e-16
8926.232025 3.53963e-17 3.53963e-17
8931.245328 3.253642e-17 3.253642e-17
8936.258631 3.451462e-17 3.451462e-17
8941.271934 3.196942e-17 3.196942e-17
8946.285237 1.127318e-17 1.127318e-17
8951.29854 4.375428e-17 4.375428e-17
8956.311844 5.407472e-17 5.407472e-17
8961.325147 6.530285e-17 6.530285e-17
8966.33845 4.311145e-17 4.311145e-17
8971.351753 3.87865e-17 3.87865e-17
8976.365056 4.116845e-17 4.116845e-17
8981.378359 4.654803e-17 4.654803e-17
8986.391662 8.8886e-18 8.8886e-18
8991.404965 2.66934e-17 2.66934e-17
8996.418268 2.997415e-17 2.997415e-17
9001.431571 -3.366822e-18 -3.366822e-18
9006.444874 5.041372e-17 5.041372e-17
9011.458177 4.206837e-17 4.206837e-17
9016.47148 3.980137e-17 3.980137e-17
9021.484783 3.731173e-17 3.731173e-17
9026.498086 3.134065e-17 3.134065e-17
9031.511389 2.8208e-17 2.8208e-17
9036.524692 2.993292e-17 2.993292e-17
9041.537995 3.83157e-17 3.83157e-17
9046.551298 2.569093e-17 2.569093e-17
9051.564601 3.56173e-17 3.56173e-17
9056.577904 3.106565e-17 3.106565e-17
9061.591207 3.265695e-17 3.265695e-17
9066.60451 3.37355e-17 3.37355e-17
9071.617813 2.482815e-17 2.482815e-17
9076.631116 2.539618e-17 2.539618e-17
9081.64442 2.960735e-17 2.960735e-17
9086.657723 2.93016e-17 2.93016e-17
9091.671026 3.88298e-17 3.88298e-17
9096.684329 3.41401e-17 3.41401e-17
9101.697632 1.912644e-17 1.912644e-17
9106.710935 3.849952e-17 3.849952e-17
9111.724238 3.25929e-17 3.25929e-17
9116.737541 1.889585e-17 1.889585e-17
9121.750844 2.871747e-17 2.871747e-17
9126.764147 2.880855e-17 2.880855e-17
9131.77745 2.696722e-17 2.696722e-17
9136.790753 3.011888e-17 3.011888e-17
9141.804056 2.942308e-17 2.942308e-17
9146.817359 3.503155e-17 3.503155e-17
9151.830662 1.81115e-17 1.81115e-17
9156.843965 3.358305e-17 3.358305e-17
9161.857268 3.46305e-17 3.46305e-17
9166.870571 2.887055e-17 2.887055e-17
9171.883874 3.460657e-17 3.460657e-17
9176.897177 3.257675e-17 3.257675e-17
9181.91048 3.504305e-17 3.504305e-17
9186.923783 3.97468e-17 3.97468e-17
9191.937086 4.321457e-17 4.321457e-17
9196.950389 4.427555e-17 4.427555e-17
9201.963692 4.451275e-17 4.451275e-17
9206.976995 5.694723e-17 5.694723e-17
9211.990299 5.1143e-17 5.1143e-17
9217.003602 4.32365e-17 4.32365e-17
9222.016905 4.725615e-17 4.725615e-17
9227.030208 5.41441e-17 5.41441e-17
9232.043511 6.111778e-17 6.111778e-17
9237.056814 5.217155e-17 5.217155e-17
9242.070117 5.028773e-17 5.028773e-17
9247.08342 5.66547e-17 5.66547e-17
9252.096723 5.487513e-17 5.487513e-17
9257.110026 6.636447e-17 6.636447e-17
9262.123329 4.406227e-17 4.406227e-17
9267.136632 5.762342e-17 5.762342e-17
9272.149935 5.717793e-17 5.717793e-17
9277.163238 5.68167e-17 5.68167e-17
9282.176541 5.231013e-17 5.231013e-17
9287.189844 4.05514e-17 4.05514e-17
9292.203147 5.409372e-17 5.409372e-17
9297.21645 5.577622e-17 5.577622e-17
9302.229753 5.301187e-17 5.301187e-17
9307.243056 4.192747e-17 4.192747e-17
9312.256359 6.420877e-17 6.420877e-17
9317.269662 -9.05055e-18 -9.05055e-18
9322.282965 -2.936635e-17 -2.936635e-17
9327.296268 2.080367e-17 2.080367e-17
9332.309571 7.053705e-17 7.053705e-17
9337.322875 5.659192e-17 5.659192e-17
9342.336178 4.790177e-17 4.790177e-17
9347.349481 7.837757e-17 7.837757e-17
9352.362784 6.04711e-17 6.04711e-17
9357.376087 5.28702e-17 5.28702e-17
9362.38939 6.922033e-17 6.922033e-17
9367.402693 6.7344e-17 6.7344e-17
9372.415996 3.185347e-17 3.185347e-17
9377.429299 5.610575e-17 5.610575e-17
9382.442602 4.300532e-17 4.300532e-17
9387.455905 7.36779e-17 7.36779e-17
9392.469208 7.554255e-17 7.554255e-17
9397.482511 6.6674e-17 6.6674e-17
9402.495814 1.000402e-16 1.000402e-16
9407.509117 7.744115e-17 7.744115e-17
9412.52242 7.334258e-17 7.334258e-17
9417.535723 8.542585e-17 8.542585e-17
9422.549026 5.15701e-17 5.15701e-17
9427.562329 8.205058e-17 8.205058e-17
9432.575632 7.610158e-17 7.610158e-17
9437.588935 -2.55768e-17 -2.55768e-17
9442.602238 4.748115e-17 4.748115e-17
9447.615541 5.706163e-17 5.706163e-17
9452.628844 6.733982e-17 6.733982e-17
9457.642147 -6.315975e-18 -6.315975e-18
9462.65545 1.095397e-16 1.095397e-16
9467.668754 5.66889e-17 5.66889e-17
9472.682057 4.32662e-17 4.32662e-17
9477.69536 1.30259e-16 1.30259e-16
9482.708663 8.045658e-17 8.045658e-17
9487.721966 5.73244e-17 5.73244e-17
9492.735269 6.380917e-17 6.380917e-17
9497.748572 6.631935e-17 6.631935e-17
9502.761875 3.580997e-18 3.580997e-18
9507.775178 6.623925e-17 6.623925e-17
9512.788481 6.44829e-17 6.44829e-17
9517.801784 2.609689e-17 2.609689e-17
9522.815087 5.287977e-17 5.287977e-17
9527.82839 4.489545e-17 4.489545e-17
9532.841693 6.224242e-17 6.224242e-17
9537.854996 6.186463e-17 6.186463e-17
