phase 384
delta 1.17 0.04
ebv 1.33
Rv 1.8
redshift 0.004113
flux_scale 1e16
resolution 1
vSi 10.9  0.30
3905.129 9.088139298e-19
3906.443997 9.247890622e-19
3907.758994 9.407641946e-19
3909.073991 7.757030434e-19
3910.388988 6.106417888e-19
3911.703985 3.786690156e-19
3913.018982 1.466962036e-19
3914.333979 1.156585258e-19
3915.648976 8.46210161e-20
3916.963973 2.309147058e-19
3918.27897 3.772085765e-19
3919.593967 5.128247862e-19
3920.908964 6.484409443e-19
3922.223961 5.818613835e-19
3923.538958 5.152814609e-19
3924.853955 4.823735278e-19
3926.168952 4.494656981e-19
3927.483949 4.84443082e-19
3928.798946 5.19420621e-19
3930.113943 6.512819478e-19
3931.42894 7.831434813e-19
3932.743937 7.218850701e-19
3934.058934 6.606260902e-19
3935.373931 5.850761693e-19
3936.688928 5.09526145e-19
3938.003925 4.932005983e-19
3939.318922 4.768752583e-19
3940.633919 5.717341596e-19
3941.948916 6.665935262e-19
3943.263913 8.788660626e-19
3944.57891 1.091139012e-18
3945.893907 1.236873864e-18
3947.208904 1.382608302e-18
3948.523901 1.487679472e-18
3949.838898 1.592750435e-18
3951.153895 1.491421017e-18
3952.468892 1.390090564e-18
3953.783889 1.272599174e-18
3955.098886 1.155107681e-18
3956.413883 9.274972515e-19
3957.72888 6.9988615e-19
3959.043877 5.296182587e-19
3960.358874 3.593506776e-19
3961.673871 3.166048787e-19
3962.988868 2.738598811e-19
3964.303865 3.714144348e-19
3965.618862 4.689699449e-19
3966.933859 6.073140412e-19
3968.248856 7.45658396e-19
3969.563853 8.281140859e-19
3970.87885 9.105694139e-19
3972.193847 8.810907648e-19
3973.508844 8.516113402e-19
3974.823841 8.234098063e-19
3976.138838 7.952083241e-19
3977.453835 8.943002188e-19
3978.768832 9.933930441e-19
3980.083829 1.111154922e-18
3981.398826 1.228917007e-18
3982.713823 1.213151151e-18
3984.02882 1.197384158e-18
3985.343817 1.029018162e-18
3986.658814 8.606508734e-19
3987.973811 8.26677635e-19
3989.288808 7.927056375e-19
3990.603805 8.134613568e-19
3991.918802 8.342175931e-19
3993.233799 8.505496022e-19
3994.548796 8.668815596e-19
3995.863793 7.622004573e-19
3997.17879 6.575182175e-19
3998.493787 5.924847091e-19
3999.808784 5.274516142e-19
4001.123781 5.402002252e-19
4002.438778 5.529496634e-19
4003.753775 6.954209256e-19
4005.068772 8.378935838e-19
4006.383769 9.920598357e-19
4007.698766 1.146226243e-18
4009.013763 1.095268608e-18
4010.32876 1.044308596e-18
4011.643757 9.216580802e-19
4012.958754 7.990066858e-19
4014.273751 7.897997003e-19
4015.588748 7.805941106e-19
4016.903745 7.938005144e-19
4018.218742 8.070072284e-19
4019.533739 7.762978896e-19
4020.848736 7.455879822e-19
4022.163733 6.662486436e-19
4023.47873 5.869086845e-19
4024.793727 5.739371484e-19
4026.108724 5.609664911e-19
4027.423721 6.252966375e-19
4028.738718 6.896279213e-19
4030.053715 7.099083737e-19
4031.368712 7.301882057e-19
4032.683709 7.870414148e-19
4033.998706 8.438951927e-19
4035.313703 8.476256222e-19
4036.6287 8.513553278e-19
4037.943697 7.362374809e-19
4039.258694 6.211178761e-19
4040.573691 4.680330077e-19
4041.888688 3.149475707e-19
4043.203685 3.212487482e-19
4044.518682 3.275524073e-19
4045.833679 4.852193393e-19
4047.148676 6.428886495e-19
4048.463673 7.291785283e-19
4049.77867 8.154672698e-19
4051.093667 7.842977601e-19
4052.408664 7.531263376e-19
4053.723661 6.999918223e-19
4055.038658 6.468569968e-19
4056.353655 8.389657649e-19
4057.668652 1.031078669e-18
4058.983649 1.248096741e-18
4060.298646 1.465115226e-18
4061.613643 1.548285031e-18
4062.92864 1.631452561e-18
4064.243637 1.443193905e-18
4065.558634 1.25493039e-18
4066.873631 1.167068609e-18
4068.188628 1.079208587e-18
4069.503625 1.152679596e-18
4070.818622 1.226153603e-18
4072.133619 1.359197437e-18
4073.448616 1.49224251e-18
4074.763613 1.477220807e-18
4076.07861 1.462196312e-18
4077.393607 1.554702712e-18
4078.708604 1.647211179e-18
4080.023601 1.62263099e-18
4081.338598 1.598048527e-18
4082.653595 1.531111314e-18
4083.968592 1.464173377e-18
4085.283589 1.242878989e-18
4086.598586 1.021581602e-18
4087.913583 1.035493746e-18
4089.22858 1.049410749e-18
4090.543577 1.119568073e-18
4091.858574 1.189726534e-18
4093.173571 1.233792513e-18
4094.488568 1.277858079e-18
4095.803565 1.247176192e-18
4097.118562 1.216492651e-18
4098.433559 1.084807669e-18
4099.748556 9.531204118e-19
4101.063553 7.638339322e-19
4102.37855 5.745462118e-19
4103.693547 4.439934331e-19
4105.008544 3.134419727e-19
4106.323541 3.720270137e-19
4107.638538 4.306163458e-19
4108.953535 5.281398285e-19
4110.268532 6.256642159e-19
4111.583529 6.960882536e-19
4112.898526 7.665116192e-19
4114.213523 8.958161307e-19
4115.52852 1.025121935e-18
4116.843517 1.096421284e-18
4118.158514 1.16771929e-18
4119.473511 1.17668324e-18
4120.788508 1.185645742e-18
4122.103505 1.09581372e-18
4123.418502 1.005979217e-18
4124.733499 9.374051175e-19
4126.048496 8.688316379e-19
4127.363493 8.255107934e-19
4128.67849 7.821906209e-19
4129.993487 6.182853512e-19
4131.308484 4.543770313e-19
4132.623481 4.12646183e-19
4133.938478 3.709184883e-19
4135.253475 4.212080969e-19
4136.568472 4.715000836e-19
4137.883469 6.817664485e-19
4139.198466 8.920370526e-19
4140.513463 1.022584765e-18
4141.82846 1.153130513e-18
4143.143457 1.196583344e-18
4144.458454 1.240033798e-18
4145.773451 1.159092727e-18
4147.088448 1.078148244e-18
4148.403445 7.58722473e-19
4149.718442 4.392901875e-19
4151.033439 2.207888002e-19
4152.348436 2.290253696e-21
4153.663433 -1.988688242e-20
4154.97843 -4.2058512e-20
4156.293427 1.086336298e-19
4157.608424 2.593306863e-19
4158.923421 4.517288643e-19
4160.238418 6.441282313e-19
4161.553415 7.658140992e-19
4162.868412 8.87497899e-19
4164.183409 8.909214962e-19
4165.498406 8.943415778e-19
4166.813403 6.997968145e-19
4168.1284 5.052462091e-19
4169.443397 4.121860896e-19
4170.758394 3.191289945e-19
4172.073391 4.607102363e-19
4173.388388 6.022985866e-19
4174.703385 7.974263572e-19
4176.018382 9.925557305e-19
4177.333379 1.052251494e-18
4178.648376 1.111943122e-18
4179.963373 1.01597311e-18
4181.27837 9.199983423e-19
4182.593367 8.045003024e-19
4183.908364 6.890016422e-19
4185.223361 5.53614303e-19
4186.538358 4.182263176e-19
4187.853355 3.795445345e-19
4189.168352 3.408658534e-19
4190.483349 3.694567309e-19
4191.798346 3.980497798e-19
4193.113343 4.098214129e-19
4194.42834 4.215925032e-19
4195.743337 4.130183884e-19
4197.058334 4.044435757e-19
4198.373331 3.443919434e-19
4199.688328 2.843386051e-19
4201.003325 3.40104718e-19
4202.318322 3.958747083e-19
4203.633319 4.869942104e-19
4204.948316 5.781148758e-19
4206.263313 6.868688087e-19
4207.57831 7.956232586e-19
4208.893307 7.302543801e-19
4210.208304 6.648795563e-19
4211.523301 5.245025085e-19
4212.838298 3.841229017e-19
4214.153295 3.372636887e-19
4215.468292 2.904077585e-19
4216.783289 3.993692362e-19
4218.098286 5.083362457e-19
4219.413283 7.408310733e-19
4220.72828 9.733302953e-19
4222.043277 1.093050523e-18
4223.358274 1.212766719e-18
4224.673271 1.209384171e-18
4225.988268 1.205997073e-18
4227.303265 1.067224911e-18
4228.618262 9.284476821e-19
4229.933259 8.237390242e-19
4231.248256 7.190315554e-19
4232.563253 6.570454838e-19
4233.87825 5.950610148e-19
4235.193247 6.064416241e-19
4236.508244 6.178249735e-19
4237.823241 6.460152888e-19
4239.138238 6.742062245e-19
4240.453235 6.956851064e-19
4241.768232 7.171636782e-19
4243.083229 8.057968046e-19
4244.398226 8.944324643e-19
4245.713223 9.10002485e-19
4247.02822 9.255697139e-19
4248.343217 9.183419131e-19
4249.658214 9.111132851e-19
4250.973211 8.602782802e-19
4252.288208 8.094416209e-19
4253.603205 7.869208016e-19
4254.918202 7.644011196e-19
4256.233199 8.453296273e-19
4257.548196 9.262622709e-19
4258.863193 1.036600306e-18
4260.17819 1.146939583e-18
4261.493187 1.231227633e-18
4262.808184 1.315514545e-18
4264.123181 1.266941983e-18
4265.438178 1.21836394e-18
4266.753175 1.059962989e-18
4268.068172 9.015574879e-19
4269.383169 8.17530982e-19
4270.698166 7.335074747e-19
4272.013163 6.511450494e-19
4273.32816 5.687826241e-19
4274.643157 7.075920095e-19
4275.958154 8.464106489e-19
4277.273151 1.030055964e-18
4278.588148 1.213703191e-18
4279.903145 1.253676281e-18
4281.218142 1.29364327e-18
4282.533139 1.047052354e-18
4283.848136 8.004491854e-19
4285.163133 6.19253256e-19
4286.47813 4.380601183e-19
4287.793127 4.433067698e-19
4289.108124 4.485614863e-19
4290.423121 5.442505668e-19
4291.738118 6.39943628e-19
4293.053115 5.579734931e-19
4294.368112 4.759956034e-19
4295.683109 4.713294776e-19
4296.998106 4.666667122e-19
4298.313103 6.511758618e-19
4299.6281 8.356934384e-19
4300.943097 1.042837041e-18
4302.258094 1.249981678e-18
4303.573091 1.417984956e-18
4304.888088 1.585986372e-18
4306.203085 1.58754447e-18
4307.518082 1.589094917e-18
4308.833079 1.48852909e-18
4310.148076 1.38795861e-18
4311.463073 1.203072059e-18
4312.77807 1.018181579e-18
4314.093067 9.029934735e-19
4315.408064 7.878085732e-19
4316.723061 8.629003394e-19
4318.038058 9.380009977e-19
4319.353055 1.064496766e-18
4320.668052 1.190995015e-18
4321.983049 1.284232126e-18
4323.298046 1.377467582e-18
4324.613043 1.431845401e-18
4325.92804 1.486221359e-18
4327.243037 1.460948717e-18
4328.558034 1.435672249e-18
4329.873031 1.341571562e-18
4331.188028 1.247467566e-18
4332.503025 1.156106398e-18
4333.818022 1.064745437e-18
4335.133019 1.046620359e-18
4336.448016 1.028498899e-18
4337.763013 1.064444757e-18
4339.07801 1.100393199e-18
4340.393007 1.243815874e-18
4341.708004 1.387243926e-18
4343.023001 1.451778282e-18
4344.337998 1.516308813e-18
4345.652995 1.451133805e-18
4346.967992 1.385952283e-18
4348.282989 1.26309063e-18
4349.597986 1.140226185e-18
4350.912983 1.147440647e-18
4352.22798 1.154661624e-18
4353.542977 1.269726169e-18
4354.857974 1.384796092e-18
4356.172971 1.328619361e-18
4357.487968 1.272433842e-18
4358.802965 1.212681106e-18
4360.117962 1.15292806e-18
4361.432959 1.252824285e-18
4362.747956 1.352728781e-18
4364.062953 1.528884854e-18
4365.37795 1.705044753e-18
4366.692947 1.725115463e-18
4368.007944 1.745178005e-18
4369.322941 1.608083262e-18
4370.637938 1.470980246e-18
4371.952935 1.320671913e-18
4373.267932 1.170362959e-18
4374.582929 1.143580402e-18
4375.897926 1.116804462e-18
4377.212923 1.232756779e-18
4378.52792 1.348716748e-18
4379.842917 1.510216835e-18
4381.157914 1.6717193e-18
4382.472911 1.639267764e-18
4383.787908 1.606805785e-18
4385.102905 1.480592395e-18
4386.417902 1.35437394e-18
4387.732899 1.321661325e-18
4389.047896 1.288953776e-18
4390.362893 1.376064166e-18
4391.67789 1.463181174e-18
4392.992887 1.488243609e-18
4394.307884 1.513302632e-18
4395.622881 1.461611392e-18
4396.937878 1.409915912e-18
4398.252875 1.38589831e-18
4399.567872 1.361882361e-18
4400.882869 1.296576659e-18
4402.197866 1.231268682e-18
4403.512863 1.106068175e-18
4404.82786 9.808641529e-19
4406.142857 9.695321921e-19
4407.457854 9.582065386e-19
4408.772851 1.009656966e-18
4410.087848 1.061111012e-18
4411.402845 1.106493346e-18
4412.717842 1.151875369e-18
4414.032839 1.235502709e-18
4415.347836 1.319132116e-18
4416.662833 1.415726443e-18
4417.97783 1.512321389e-18
4419.292827 1.542118813e-18
4420.607824 1.571912308e-18
4421.922821 1.473653798e-18
4423.237818 1.375387739e-18
4424.552815 1.348685522e-18
4425.867812 1.321987544e-18
4427.182809 1.307605872e-18
4428.497806 1.29322482e-18
4429.812803 1.23029023e-18
4431.1278 1.167352746e-18
4432.442797 1.079588779e-18
4433.757794 9.918233655e-19
4435.072791 1.007533593e-18
4436.387788 1.023250025e-18
4437.702785 1.088482108e-18
4439.017782 1.153717087e-18
4440.332779 1.109289216e-18
4441.647776 1.064854728e-18
4442.962773 1.139984958e-18
4444.27777 1.215122426e-18
4445.592767 1.266528393e-18
4446.907764 1.317932808e-18
4448.222761 1.44982686e-18
4449.537758 1.581725875e-18
4450.852755 1.676324111e-18
4452.167752 1.770920072e-18
4453.482749 1.76487545e-18
4454.797746 1.758824417e-18
4456.112743 1.609546854e-18
4457.42774 1.460260399e-18
4458.742737 1.20227414e-18
4460.057734 9.442810564e-19
4461.372731 8.904691318e-19
4462.687728 8.366700285e-19
4464.002725 9.445715001e-19
4465.317722 1.052483105e-18
4466.632719 1.145527585e-18
4467.947716 1.238571032e-18
4469.262713 1.252714063e-18
4470.57771 1.26685213e-18
4471.892707 1.312360092e-18
4473.207704 1.357870018e-18
4474.522701 1.457583539e-18
4475.837698 1.557300576e-18
4477.152695 1.588210041e-18
4478.467692 1.619114956e-18
4479.782689 1.530377294e-18
4481.097686 1.441631775e-18
4482.412683 1.283181399e-18
4483.72768 1.124726371e-18
4485.042677 1.086670996e-18
4486.357674 1.04862348e-18
4487.672671 1.149561849e-18
4488.987668 1.250509316e-18
4490.302665 1.339063654e-18
4491.617662 1.427617061e-18
4492.932659 1.390354435e-18
4494.247656 1.353083538e-18
4495.562653 1.197452918e-18
4496.87765 1.041814439e-18
4498.192647 9.668434415e-19
4499.507644 8.91877717e-19
4500.822641 9.104902113e-19
4502.137638 9.291089096e-19
4503.452635 1.027317479e-18
4504.767632 1.125531321e-18
4506.082629 1.142979352e-18
4507.397626 1.160421799e-18
4508.712623 1.133383333e-18
4510.02762 1.106341868e-18
4511.342617 1.015904351e-18
4512.657614 9.254623872e-19
4513.972611 8.650043249e-19
4515.287608 8.045482789e-19
4516.602605 7.942764018e-19
4517.917602 7.840079884e-19
4519.232599 8.497456344e-19
4520.547596 9.154885536e-19
4521.862593 1.032063428e-18
4523.17759 1.148641817e-18
4524.492587 1.251670781e-18
4525.807584 1.354698711e-18
4527.122581 1.318035585e-18
4528.437578 1.281362636e-18
4529.752575 1.235543241e-18
4531.067572 1.189723225e-18
4532.382569 1.112825e-18
4533.697566 1.0359245e-18
4535.012563 1.003521664e-18
4536.32756 9.711220333e-19
4537.642557 8.941236157e-19
4538.957554 8.171219412e-19
4540.272551 8.510986434e-19
4541.587548 8.850833588e-19
4542.902545 8.860695649e-19
4544.217542 8.870533929e-19
4545.532539 9.139223905e-19
4546.847536 9.407931459e-19
4548.162533 9.370516012e-19
4549.47753 9.333077817e-19
4550.792527 9.158955265e-19
4552.107524 8.984823406e-19
4553.422521 9.501497994e-19
4554.737518 1.001822221e-18
4556.052515 1.035577498e-18
4557.367512 1.069331533e-18
4558.682509 1.072984776e-18
4559.997506 1.076635745e-18
4561.312503 9.931840776e-19
4562.6275 9.097258965e-19
4563.942497 8.970179207e-19
4565.257494 8.843152182e-19
4566.572491 9.548473581e-19
4567.887488 1.025385702e-18
4569.202485 1.123898053e-18
4570.517482 1.222412576e-18
4571.832479 1.310894328e-18
4573.147476 1.399375253e-18
4574.462473 1.522407202e-18
4575.77747 1.645441633e-18
4577.092467 1.706661787e-18
4578.407464 1.767877289e-18
4579.722461 1.688244094e-18
4581.037458 1.608600146e-18
4582.352455 1.545749826e-18
4583.667452 1.48290085e-18
4584.982449 1.540041142e-18
4586.297446 1.597190534e-18
4587.612443 1.800097835e-18
4588.92744 2.003016199e-18
4590.242437 2.111505072e-18
4591.557434 2.219986501e-18
4592.872431 2.200139543e-18
4594.187428 2.180282452e-18
4595.502425 2.02007349e-18
4596.817422 1.859853569e-18
4598.132419 1.759264891e-18
4599.447416 1.658680969e-18
4600.762413 1.6408879e-18
4602.07741 1.623101449e-18
4603.392407 1.680732984e-18
4604.707404 1.738370515e-18
4606.022401 1.834344766e-18
4607.337398 1.930322326e-18
4608.652395 1.962687008e-18
4609.967392 1.995046314e-18
4611.282389 1.95231499e-18
4612.597386 1.909577463e-18
4613.912383 1.917179874e-18
4615.22738 1.92478642e-18
4616.542377 2.003959185e-18
4617.857374 2.083137533e-18
4619.172371 2.207862928e-18
4620.487368 2.332591838e-18
4621.802365 2.302795345e-18
4623.117362 2.272986444e-18
4624.432359 2.242332578e-18
4625.747356 2.211678506e-18
4627.062353 2.097409915e-18
4628.37735 1.983134293e-18
4629.692347 1.908666117e-18
4631.007344 1.834201044e-18
4632.322341 1.826964661e-18
4633.637338 1.819733655e-18
4634.952335 1.94069393e-18
4636.267332 2.061664959e-18
4637.582329 2.220880683e-18
4638.897326 2.380099716e-18
4640.212323 2.339427452e-18
4641.52732 2.298738438e-18
4642.842317 2.288636908e-18
4644.157314 2.27853786e-18
4645.472311 2.304167845e-18
4646.787308 2.329800931e-18
4648.102305 2.391409757e-18
4649.417302 2.453021891e-18
4650.732299 2.436446846e-18
4652.047296 2.41986539e-18
4653.362293 2.344267906e-18
4654.67729 2.268665459e-18
4655.992287 2.209051173e-18
4657.307284 2.149438128e-18
4658.622281 2.140841653e-18
4659.937278 2.132249728e-18
4661.252275 2.178980056e-18
4662.567272 2.225714933e-18
4663.882269 2.351572118e-18
4665.197266 2.477436127e-18
4666.512263 2.524319897e-18
4667.82726 2.571196842e-18
4669.142257 2.575668167e-18
4670.457254 2.580135563e-18
4671.772251 2.522524501e-18
4673.087248 2.464908063e-18
4674.402245 2.443129845e-18
4675.717242 2.421354936e-18
4677.032239 2.406734311e-18
4678.347236 2.392114308e-18
4679.662233 2.425850042e-18
4680.97723 2.459590119e-18
4682.292227 2.478928774e-18
4683.607224 2.498266189e-18
4684.922221 2.450181353e-18
4686.237218 2.402090313e-18
4687.552215 2.318668321e-18
4688.867212 2.235243434e-18
4690.182209 2.255644603e-18
4691.497206 2.276055077e-18
4692.812203 2.356971746e-18
4694.1272 2.437893791e-18
4695.442197 2.54305409e-18
4696.757194 2.648216456e-18
4698.072191 2.640919689e-18
4699.387188 2.633612583e-18
4700.702185 2.628849883e-18
4702.017182 2.624087391e-18
4703.332179 2.595521536e-18
4704.647176 2.566953613e-18
4705.962173 2.514775266e-18
4707.27717 2.462594852e-18
4708.592167 2.426144311e-18
4709.907164 2.389695425e-18
4711.222161 2.414169838e-18
4712.537158 2.438649835e-18
4713.852155 2.572838589e-18
4715.167152 2.707037683e-18
4716.482149 2.752952204e-18
4717.797146 2.798858867e-18
4719.112143 2.697991223e-18
4720.42714 2.597110343e-18
4721.742137 2.428116723e-18
4723.057134 2.259116693e-18
4724.372131 2.18437803e-18
4725.687128 2.109648052e-18
4727.002125 2.097368142e-18
4728.317122 2.085094229e-18
4729.632119 2.081843203e-18
4730.947116 2.07859321e-18
4732.262113 2.155559264e-18
4733.57711 2.232532763e-18
4734.892107 2.396251658e-18
4736.207104 2.559978619e-18
4737.522101 2.666518448e-18
4738.837098 2.7730529e-18
4740.152095 2.718918685e-18
4741.467092 2.664769168e-18
4742.782089 2.529091488e-18
4744.097086 2.39340595e-18
4745.412083 2.258025435e-18
4746.72708 2.12264492e-18
4748.042077 2.08220344e-18
4749.357074 2.041770851e-18
4750.672071 2.112561795e-18
4751.987068 2.183363286e-18
4753.302065 2.3330137e-18
4754.617062 2.48267156e-18
4755.932059 2.66254612e-18
4757.247056 2.842423575e-18
4758.562053 2.892113762e-18
4759.87705 2.941791128e-18
4761.192047 2.872921104e-18
4762.507044 2.804039706e-18
4763.822041 2.678870115e-18
4765.137038 2.553695148e-18
4766.452035 2.577483208e-18
4767.767032 2.601285744e-18
4769.082029 2.680840666e-18
4770.397026 2.760401173e-18
4771.712023 2.761901885e-18
4773.02702 2.763394946e-18
4774.342017 2.622886325e-18
4775.657014 2.482363848e-18
4776.972011 2.339023168e-18
4778.287008 2.19568228e-18
4779.602005 2.21642342e-18
4780.917002 2.237180897e-18
4782.231999 2.394531329e-18
4783.546996 2.55189541e-18
4784.861993 2.668225335e-18
4786.17699 2.784551331e-18
4787.491987 2.647015183e-18
4788.806984 2.509453807e-18
4790.121981 2.363164227e-18
4791.436978 2.216873613e-18
4792.751975 2.198050912e-18
4794.066972 2.179240825e-18
4795.381969 2.304643887e-18
4796.696966 2.430061218e-18
4798.011963 2.496783261e-18
4799.32696 2.563499306e-18
4800.641957 2.516489185e-18
4801.956954 2.469467689e-18
4803.271951 2.475065013e-18
4804.586948 2.480667508e-18
4805.901945 2.405129167e-18
4807.216942 2.329582762e-18
4808.531939 2.22547319e-18
4809.846936 2.121360722e-18
4811.161933 2.031692276e-18
4812.47693 1.942025277e-18
4813.791927 1.959937667e-18
4815.106924 1.977861223e-18
4816.421921 2.149633135e-18
4817.736918 2.321421178e-18
4819.051915 2.543904432e-18
4820.366912 2.766392855e-18
4821.681909 2.849783414e-18
4822.996906 2.933159291e-18
4824.311903 2.810529352e-18
4825.6269 2.687877906e-18
4826.941897 2.507525442e-18
4828.256894 2.327166981e-18
4829.571891 2.184397469e-18
4830.886888 2.041632092e-18
4832.201885 2.047769358e-18
4833.516882 2.053922341e-18
4834.831879 2.0539515e-18
4836.146876 2.053980037e-18
4837.461873 2.132799596e-18
4838.77687 2.211627634e-18
4840.091867 2.200158154e-18
4841.406864 2.188679162e-18
4842.721861 2.073124305e-18
4844.036858 1.957558282e-18
4845.351855 1.842677163e-18
4846.666852 1.727796252e-18
4847.981849 1.673773293e-18
4849.296846 1.619756745e-18
4850.611843 1.695530831e-18
4851.92684 1.771318773e-18
4853.241837 1.824911805e-18
4854.556834 1.878502149e-18
4855.871831 1.936436845e-18
4857.186828 1.994371748e-18
4858.501825 1.976739359e-18
4859.816822 1.959098905e-18
4861.131819 1.896554745e-18
4862.446816 1.834005829e-18
4863.761813 1.807484971e-18
4865.07681 1.780967835e-18
4866.391807 1.794117112e-18
4867.706804 1.807270524e-18
4869.021801 1.876033428e-18
4870.336798 1.944802536e-18
4871.651795 2.025626561e-18
4872.966792 2.106452033e-18
4874.281789 2.103741362e-18
4875.596786 2.101021385e-18
4876.911783 2.165876895e-18
4878.22678 2.230739849e-18
4879.541777 2.322402834e-18
4880.856774 2.414068922e-18
4882.171771 2.489705697e-18
4883.486768 2.56534061e-18
4884.801765 2.471871476e-18
4886.116762 2.378383316e-18
4887.431759 2.256105549e-18
4888.746756 2.13382468e-18
4890.061753 2.072404451e-18
4891.37675 2.01099084e-18
4892.691747 1.974482604e-18
4894.006744 1.937977055e-18
4895.321741 1.868397311e-18
4896.636738 1.798813843e-18
4897.951735 1.799538454e-18
4899.266732 1.800270922e-18
4900.581729 1.805366355e-18
4901.896726 1.810462408e-18
4903.211723 1.775967322e-18
4904.52672 1.741467893e-18
4905.841717 1.7174932e-18
4907.156714 1.693519749e-18
4908.471711 1.708693239e-18
4909.786708 1.72387128e-18
4911.101705 1.677927291e-18
4912.416702 1.63197627e-18
4913.731699 1.655138878e-18
4915.046696 1.678309345e-18
4916.361693 1.817793089e-18
4917.67669 1.957290068e-18
4918.991687 2.110189855e-18
4920.306684 2.263091296e-18
4921.621681 2.209775163e-18
4922.936678 2.156435248e-18
4924.251675 1.976121248e-18
4925.566672 1.79579298e-18
4926.881669 1.733509692e-18
4928.196666 1.671240259e-18
4929.511663 1.747473224e-18
4930.82666 1.823722113e-18
4932.141657 1.925357588e-18
4933.456654 2.026996165e-18
4934.771651 2.009039521e-18
4936.086648 1.991069023e-18
4937.401645 1.984472671e-18
4938.716642 1.977877767e-18
4940.031639 2.102442275e-18
4941.346636 2.227022292e-18
4942.661633 2.36625416e-18
4943.97663 2.505487682e-18
4945.291627 2.464665906e-18
4946.606624 2.423822829e-18
4947.921621 2.248212178e-18
4949.236618 2.072585811e-18
4950.551615 2.026341451e-18
4951.866612 1.980112395e-18
4953.181609 1.992891922e-18
4954.496606 2.00567848e-18
4955.811603 1.959179142e-18
4957.1266 1.912672566e-18
4958.441597 1.841731489e-18
4959.756594 1.770787517e-18
4961.071591 1.720870475e-18
4962.386588 1.670956019e-18
4963.701585 1.763225845e-18
4965.016582 1.855512939e-18
4966.331579 2.012679116e-18
4967.646576 2.169853152e-18
4968.961573 2.300590288e-18
4970.27657 2.431324116e-18
4971.591567 2.509550587e-18
4972.906564 2.58777044e-18
4974.221561 2.525112542e-18
4975.536558 2.462437688e-18
4976.851555 2.355251004e-18
4978.166552 2.24805915e-18
4979.481549 2.120336052e-18
4980.796546 1.99261068e-18
4982.111543 1.947457993e-18
4983.42654 1.902315438e-18
4984.741537 1.956499284e-18
4986.056534 2.01069533e-18
4987.371531 2.069668345e-18
4988.686528 2.128641773e-18
4990.001525 1.983979878e-18
4991.316522 1.839292754e-18
4992.631519 1.763878284e-18
4993.946516 1.688472292e-18
4995.261513 1.715624599e-18
4996.57651 1.742789728e-18
4997.891507 1.918070333e-18
4999.206504 2.093369137e-18
5000.521501 2.168199204e-18
5001.836498 2.243016657e-18
5003.151495 2.161269085e-18
5004.466492 2.079502281e-18
5005.781489 1.979014519e-18
5007.096486 1.878524483e-18
5008.411483 1.777705021e-18
5009.72648 1.676885663e-18
5011.041477 1.644609593e-18
5012.356474 1.612342104e-18
5013.671471 1.636168525e-18
5014.986468 1.660001976e-18
5016.301465 1.809663558e-18
5017.616462 1.959341063e-18
5018.931459 2.075180263e-18
5020.246456 2.191015327e-18
5021.561453 2.31120922e-18
5022.87645 2.431403732e-18
5024.191447 2.500198276e-18
5025.506444 2.568986202e-18
5026.821441 2.503361828e-18
5028.136438 2.43772029e-18
5029.451435 2.202103063e-18
5030.766432 1.966464122e-18
5032.081429 1.732151978e-18
5033.396426 1.497840042e-18
5034.711423 1.483895327e-18
5036.02642 1.469978737e-18
5037.341417 1.596193264e-18
5038.656414 1.722425782e-18
5039.971411 1.830265111e-18
5041.286408 1.938102166e-18
5042.601405 1.886692064e-18
5043.916402 1.835261696e-18
5045.231399 1.695757065e-18
5046.546396 1.556241061e-18
5047.861393 1.372127407e-18
5049.17639 1.188007859e-18
5050.491387 1.163601172e-18
5051.806384 1.139215163e-18
5053.121381 1.238770486e-18
5054.436378 1.338342042e-18
5055.751375 1.498569098e-18
5057.066372 1.658804012e-18
5058.381369 1.694244359e-18
5059.696366 1.729668368e-18
5061.011363 1.730520881e-18
5062.32636 1.731368845e-18
5063.641357 1.662686074e-18
5064.956354 1.593993998e-18
5066.271351 1.534327909e-18
5067.586348 1.474662854e-18
5068.901345 1.404552784e-18
5070.216342 1.334441265e-18
5071.531339 1.355868655e-18
5072.846336 1.377308142e-18
5074.161333 1.326955694e-18
5075.47633 1.276593733e-18
5076.791327 1.227763504e-18
5078.106324 1.178933481e-18
5079.421321 1.091141701e-18
5080.736318 1.003344751e-18
5082.051315 1.042525815e-18
5083.366312 1.081723733e-18
5084.681309 1.159365593e-18
5085.996306 1.237012624e-18
5087.311303 1.339439711e-18
5088.6263 1.44187021e-18
5089.941297 1.468588454e-18
5091.256294 1.495296358e-18
5092.571291 1.486942144e-18
5093.886288 1.478583174e-18
5095.201285 1.459329614e-18
5096.516282 1.440074607e-18
5097.831279 1.494907583e-18
5099.146276 1.549750588e-18
5100.461273 1.646779805e-18
5101.77627 1.743814811e-18
5103.091267 1.744168431e-18
5104.406264 1.744509023e-18
5105.721261 1.737436008e-18
5107.036258 1.730361959e-18
5108.351255 1.661184431e-18
5109.666252 1.591998424e-18
5110.981249 1.688633799e-18
5112.296246 1.785291715e-18
5113.611243 1.887112065e-18
5114.92624 1.988933035e-18
5116.241237 2.053624556e-18
5117.556234 2.118311114e-18
5118.871231 1.986379736e-18
5120.186228 1.854421267e-18
5121.501225 1.706095479e-18
5122.816222 1.557767519e-18
5124.131219 1.536102005e-18
5125.446216 1.514453964e-18
5126.761213 1.524415597e-18
5128.07621 1.534381572e-18
5129.391207 1.548164056e-18
5130.706204 1.561947056e-18
5132.021201 1.559792768e-18
5133.336198 1.557636308e-18
5134.651195 1.577788185e-18
5135.966192 1.597943165e-18
5137.281189 1.632160731e-18
5138.596186 1.666380159e-18
5139.911183 1.720788378e-18
5141.22618 1.775199285e-18
5142.541177 1.834618149e-18
5143.856174 1.894037635e-18
5145.171171 1.867855714e-18
5146.486168 1.841661592e-18
5147.801165 1.754565264e-18
5149.116162 1.66746025e-18
5150.431159 1.602319674e-18
5151.746156 1.537182199e-18
5153.061153 1.627144708e-18
5154.37615 1.717129241e-18
5155.691147 1.768368634e-18
5157.006144 1.819602753e-18
5158.321141 1.864245691e-18
5159.636138 1.908887595e-18
5160.951135 2.024246617e-18
5162.266132 2.139615565e-18
5163.581129 2.235720303e-18
5164.896126 2.331822354e-18
5166.211123 2.370505041e-18
5167.52612 2.409179457e-18
5168.841117 2.416452029e-18
5170.156114 2.423720052e-18
5171.471111 2.417226891e-18
5172.786108 2.410731869e-18
5174.101105 2.367102227e-18
5175.416102 2.323467209e-18
5176.731099 2.25546924e-18
5178.046096 2.187467756e-18
5179.361093 2.151697158e-18
5180.67609 2.115931109e-18
5181.991087 2.084360106e-18
5183.306084 2.052789518e-18
5184.621081 2.007522059e-18
5185.936078 1.962252532e-18
5187.251075 2.047532992e-18
5188.566072 2.132832477e-18
5189.881069 2.330538156e-18
5191.196066 2.528260171e-18
5192.511063 2.635269425e-18
5193.82606 2.742265444e-18
5195.141057 2.717647515e-18
5196.456054 2.693010561e-18
5197.771051 2.614953042e-18
5199.086048 2.536887458e-18
5200.401045 2.419317176e-18
5201.716042 2.30174131e-18
5203.031039 2.269874591e-18
5204.346036 2.238020693e-18
5205.661033 2.228153462e-18
5206.97603 2.21828954e-18
5208.291027 2.264877179e-18
5209.606024 2.31147309e-18
5210.921021 2.343756295e-18
5212.236018 2.376037225e-18
5213.551015 2.465261682e-18
5214.866012 2.554494825e-18
5216.181009 2.619854708e-18
5217.496006 2.685211282e-18
5218.811003 2.704059626e-18
5220.126 2.722901146e-18
5221.440997 2.736508474e-18
5222.755994 2.750114975e-18
5224.070991 2.807648488e-18
5225.385988 2.865188413e-18
5226.700985 2.927487727e-18
5228.015982 2.989787662e-18
5229.330979 3.080029965e-18
5230.645976 3.170276404e-18
5231.960973 3.239355704e-18
5233.27597 3.308431489e-18
5234.590967 3.240060876e-18
5235.905964 3.171669376e-18
5237.220961 3.004043913e-18
5238.535958 2.836403354e-18
5239.850955 2.729266715e-18
5241.165952 2.622139174e-18
5242.480949 2.680780076e-18
5243.795946 2.739445999e-18
5245.110943 2.892698785e-18
5246.42594 3.045965634e-18
5247.740937 3.064990167e-18
5249.055934 3.083994021e-18
5250.370931 3.073512195e-18
5251.685928 3.063025613e-18
5253.000925 3.044486841e-18
5254.315922 3.025946829e-18
5255.630919 2.992828999e-18
5256.945916 2.9597091e-18
5258.260913 2.965892482e-18
5259.57591 2.972082068e-18
5260.890907 2.959164402e-18
5262.205904 2.946244048e-18
5263.520901 3.024601833e-18
5264.835898 3.102973887e-18
5266.150895 3.174489028e-18
5267.465892 3.246002928e-18
5268.780889 3.289778773e-18
5270.095886 3.333550276e-18
5271.410883 3.338622134e-18
5272.72588 3.343688202e-18
5274.040877 3.282650544e-18
5275.355874 3.221602547e-18
5276.670871 3.177752255e-18
5277.985868 3.133904859e-18
5279.300865 3.07869717e-18
5280.615862 3.023487621e-18
5281.930859 3.078056519e-18
5283.245856 3.132642374e-18
5284.560853 3.22338781e-18
5285.87585 3.314138829e-18
5287.190847 3.352811384e-18
5288.505844 3.391475873e-18
5289.820841 3.362072705e-18
5291.135838 3.332658576e-18
5292.450835 3.168684908e-18
5293.765832 3.004689941e-18
5295.080829 2.942197894e-18
5296.395826 2.879721769e-18
5297.710823 2.843447211e-18
5299.02582 2.807176789e-18
5300.340817 2.833482786e-18
5301.655814 2.859798917e-18
5302.970811 2.901585807e-18
5304.285808 2.943375385e-18
5305.600805 2.959918791e-18
5306.915802 2.976458267e-18
5308.230799 3.010084193e-18
5309.545796 3.0437126e-18
5310.860793 3.045782206e-18
5312.17579 3.047846642e-18
5313.490787 3.024329277e-18
5314.805784 3.000807776e-18
5316.120781 2.902955205e-18
5317.435778 2.805090639e-18
5318.750775 2.740439443e-18
5320.065772 2.675793417e-18
5321.380769 2.716874929e-18
5322.695766 2.757973397e-18
5324.010763 2.840690632e-18
5325.32576 2.92341469e-18
5326.640757 3.010847887e-18
5327.955754 3.098281912e-18
5329.270751 3.086445371e-18
5330.585748 3.074592907e-18
5331.900745 3.092818591e-18
5333.215742 3.111049031e-18
5334.530739 3.024677106e-18
5335.845736 2.938288018e-18
5337.160733 2.929464896e-18
5338.47573 2.920654388e-18
5339.790727 2.919622687e-18
5341.105724 2.918592227e-18
5342.420721 2.881079173e-18
5343.735718 2.843560121e-18
5345.050715 2.780776699e-18
5346.365712 2.717989348e-18
5347.680709 2.652291355e-18
5348.995706 2.586592741e-18
5350.310703 2.620443454e-18
5351.6257 2.654310503e-18
5352.940697 2.615259926e-18
5354.255694 2.576197356e-18
5355.570691 2.484520515e-18
5356.885688 2.392835196e-18
5358.200685 2.438676511e-18
5359.515682 2.484540367e-18
5360.830679 2.563496411e-18
5362.145676 2.642458039e-18
5363.460673 2.71533141e-18
5364.77567 2.788203954e-18
5366.090667 2.793516108e-18
5367.405664 2.798817095e-18
5368.720661 2.655712367e-18
5370.035658 2.512582824e-18
5371.350655 2.535687219e-18
5372.665652 2.558819118e-18
5373.980649 2.520817407e-18
5375.295646 2.482805356e-18
5376.610643 2.542200646e-18
5377.92564 2.601612067e-18
5379.240637 2.540604188e-18
5380.555634 2.47957625e-18
5381.870631 2.32520739e-18
5383.185628 2.170822814e-18
5384.500625 2.077856606e-18
5385.815622 1.98490053e-18
5387.130619 1.965832776e-18
5388.445616 1.946777223e-18
5389.760613 2.160191062e-18
5391.07561 2.373643985e-18
5392.390607 2.501445458e-18
5393.705604 2.629232454e-18
5395.020601 2.650649401e-18
5396.335598 2.672048357e-18
5397.650595 2.52110051e-18
5398.965592 2.370123504e-18
5400.280589 2.24158977e-18
5401.595586 2.113059758e-18
5402.910583 2.031168464e-18
5404.22558 1.949285028e-18
5405.540577 1.930004275e-18
5406.855574 1.910734275e-18
5408.170571 1.916017685e-18
5409.485568 1.921305023e-18
5410.800565 1.915627876e-18
5412.115562 1.909949074e-18
5413.430559 1.935305676e-18
5414.745556 1.960667654e-18
5416.060553 2.02847992e-18
5417.37555 2.096299425e-18
5418.690547 2.138688709e-18
5420.005544 2.18107365e-18
5421.320541 2.090102187e-18
5422.635538 1.999107564e-18
5423.950535 1.92968002e-18
5425.265532 1.860255992e-18
5426.580529 1.81607214e-18
5427.895526 1.77189263e-18
5429.210523 1.782796525e-18
5430.52552 1.793710139e-18
5431.840517 1.79054059e-18
5433.155514 1.787368559e-18
5434.470511 1.732193544e-18
5435.785508 1.677009534e-18
5437.100505 1.619315547e-18
5438.415502 1.561621044e-18
5439.730499 1.468295218e-18
5441.045496 1.374963292e-18
5442.360493 1.304015391e-18
5443.67549 1.233071418e-18
5444.990487 1.175250149e-18
5446.305484 1.117431155e-18
5447.620481 1.143851407e-18
5448.935478 1.170286342e-18
5450.250475 1.252395081e-18
5451.565472 1.33451354e-18
5452.880469 1.462977894e-18
5454.195466 1.591450417e-18
5455.510463 1.627886586e-18
5456.82546 1.664306624e-18
5458.140457 1.686402066e-18
5459.455454 1.70849513e-18
5460.770451 1.68282999e-18
5462.085448 1.657156579e-18
5463.400445 1.548694175e-18
5464.715442 1.440217193e-18
5466.030439 1.328995728e-18
5467.345436 1.217773747e-18
5468.660433 1.128012966e-18
5469.97543 1.038255908e-18
5471.290427 1.053106385e-18
5472.605424 1.06797537e-18
5473.920421 1.1087957e-18
5475.235418 1.149620682e-18
5476.550415 1.209475781e-18
5477.865412 1.269334293e-18
5479.180409 1.400144118e-18
5480.495406 1.530966661e-18
5481.810403 1.568904679e-18
5483.1254 1.606826257e-18
5484.440397 1.543677325e-18
5485.755394 1.480510298e-18
5487.070391 1.306943196e-18
5488.385388 1.13335614e-18
5489.700385 1.039470623e-18
5491.015382 9.455992721e-19
5492.330379 1.070159748e-18
5493.645376 1.194759514e-18
5494.960373 1.33973336e-18
5496.27537 1.484710824e-18
5497.590367 1.538644758e-18
5498.905364 1.592562251e-18
5500.220361 1.479774417e-18
5501.535358 1.366956391e-18
5502.850355 1.298725364e-18
5504.165352 1.230502402e-18
5505.480349 1.259966162e-18
5506.795346 1.289447603e-18
5508.110343 1.29259792e-18
5509.42534 1.295743378e-18
5510.740337 1.305168274e-18
5512.055334 1.314594307e-18
5513.370331 1.359906227e-18
5514.685328 1.405224764e-18
5516.000325 1.451681502e-18
5517.315322 1.49813855e-18
5518.630319 1.454506014e-18
5519.945316 1.410857037e-18
5521.260313 1.301654514e-18
5522.57531 1.192439996e-18
5523.890307 1.159796037e-18
5525.205304 1.127166037e-18
5526.520301 1.15091615e-18
5527.835298 1.174676603e-18
5529.150295 1.147921446e-18
5530.465292 1.121156983e-18
5531.780289 1.079581645e-18
5533.095286 1.038003722e-18
5534.410283 1.041188367e-18
5535.72528 1.044381388e-18
5537.040277 1.100552638e-18
5538.355274 1.156733608e-18
5539.670271 1.211299404e-18
5540.985268 1.26586489e-18
5542.300265 1.273328644e-18
5543.615262 1.28078361e-18
5544.930259 1.209837156e-18
5546.245256 1.138876226e-18
5547.560253 1.0629001e-18
5548.87525 9.869230441e-19
5550.190247 9.572414256e-19
5551.505244 9.275684925e-19
5552.820241 1.012703575e-18
5554.135238 1.097860062e-18
5555.450235 1.23345461e-18
5556.765232 1.369058567e-18
5558.080229 1.383757256e-18
5559.395226 1.398433198e-18
5560.710223 1.394776232e-18
5562.02522 1.391115648e-18
5563.340217 1.378623877e-18
5564.655214 1.366130347e-18
5565.970211 1.430388839e-18
5567.285208 1.49466191e-18
5568.600205 1.510755433e-18
5569.915202 1.52683996e-18
5571.230199 1.461858305e-18
5572.545196 1.396861348e-18
5573.860193 1.424017894e-18
5575.17519 1.451191811e-18
5576.490187 1.420242849e-18
5577.805184 1.389282926e-18
5579.120181 1.269973186e-18
5580.435178 1.150646696e-18
5581.750175 9.941550842e-19
5583.065172 8.376564931e-19
5584.380169 8.529470301e-19
5585.695166 8.682702925e-19
5587.010163 1.013472853e-18
5588.32516 1.15870023e-18
5589.640157 1.295089905e-18
5590.955154 1.431477926e-18
5592.270151 1.489014438e-18
5593.585148 1.546535958e-18
5594.900145 1.5500218e-18
5596.215142 1.553497303e-18
5597.530139 1.484164782e-18
5598.845136 1.414818302e-18
5600.160133 1.349593042e-18
5601.47513 1.284368507e-18
5602.790127 1.280204273e-18
5604.105124 1.276051826e-18
5605.420121 1.286269575e-18
5606.735118 1.296490012e-18
5608.050115 1.301954987e-18
5609.365112 1.307418929e-18
5610.680109 1.266919339e-18
5611.995106 1.226410857e-18
5613.310103 1.184861574e-18
5614.6251 1.143312085e-18
5615.940097 1.133363481e-18
5617.255094 1.123420977e-18
5618.570091 1.148292126e-18
5619.885088 1.173170204e-18
5621.200085 1.170368026e-18
5622.515082 1.167560575e-18
5623.830079 1.10495572e-18
5625.145076 1.042339182e-18
5626.460073 9.447240116e-19
5627.77507 8.471018617e-19
5629.090067 8.540968112e-19
5630.405064 8.611122334e-19
5631.720061 9.07323764e-19
5633.035058 9.535429977e-19
5634.350055 9.857387283e-19
5635.665052 1.017931667e-18
5636.980049 1.044105833e-18
5638.295046 1.070278862e-18
5639.610043 1.143126694e-18
5640.92504 1.215983625e-18
5642.240037 1.280737287e-18
5643.555034 1.345489193e-18
5644.870031 1.339392251e-18
5646.185028 1.333281248e-18
5647.500025 1.107406243e-18
5648.815022 8.814878115e-19
5650.130019 7.059733721e-19
5651.445016 5.304688589e-19
5652.760013 5.197989011e-19
5654.07501 5.091616169e-19
5655.390007 6.603970645e-19
5656.705004 8.116646171e-19
5658.020001 8.527170222e-19
5659.334998 8.937475588e-19
5660.649995 7.868311042e-19
5661.964992 6.79885233e-19
5663.279989 5.633896133e-19
5664.594986 4.468920808e-19
5665.909983 5.222107529e-19
5667.22498 5.975677339e-19
5668.539977 7.320338007e-19
5669.854974 8.665116548e-19
5671.169971 9.332679737e-19
5672.484968 1.000010592e-18
5673.799965 9.28730371e-19
5675.114962 8.574224391e-19
5676.429959 7.587809443e-19
5677.744956 6.601339177e-19
5679.059953 6.448805521e-19
5680.37495 6.296439886e-19
5681.689947 7.13304829e-19
5683.004944 7.969856251e-19
5684.319941 8.957454067e-19
5685.634938 9.945081869e-19
5686.949935 1.067686788e-18
5688.264932 1.140860219e-18
5689.579929 1.075934192e-18
5690.894926 1.010980145e-18
5692.209923 9.603618611e-19
5693.52492 9.097463692e-19
5694.839917 9.168467842e-19
5696.154914 9.239589865e-19
5697.469911 9.643884729e-19
5698.784908 1.004824784e-18
5700.099905 9.721649012e-19
5701.414902 9.394901296e-19
5702.729899 9.324818419e-19
5704.044896 9.25478724e-19
5705.359893 9.461956693e-19
5706.67489 9.669183014e-19
5707.989887 9.106406548e-19
5709.304884 8.543473435e-19
5710.619881 6.832160825e-19
5711.934878 5.120612985e-19
5713.249875 4.125870654e-19
5714.564872 3.131275148e-19
5715.879869 2.950089765e-19
5717.194866 2.769071111e-19
5718.509863 3.472109233e-19
5719.82486 4.175329334e-19
5721.139857 5.33198193e-19
5722.454854 6.488728359e-19
5723.769851 6.964772353e-19
5725.084848 7.440675726e-19
5726.399845 7.611241402e-19
5727.714842 7.781743489e-19
5729.029839 7.481333721e-19
5730.344836 7.180826242e-19
5731.659833 8.288452618e-19
5732.97483 9.396370576e-19
5734.289827 9.827350287e-19
5735.604824 1.025819041e-18
5736.919821 1.039491199e-18
5738.234818 1.053157154e-18
5739.549815 9.800039885e-19
5740.864812 9.068327289e-19
5742.179809 8.815580185e-19
5743.494806 8.562932859e-19
5744.809803 8.459662462e-19
5746.1248 8.3564236e-19
5747.439797 9.044540676e-19
5748.754794 9.732824222e-19
5750.069791 1.026855705e-18
5751.384788 1.080425783e-18
5752.699785 1.097658436e-18
5754.014782 1.114883335e-18
5755.329779 1.060966772e-18
5756.644776 1.00703532e-18
5757.959773 1.046790655e-18
5759.27477 1.086565634e-18
5760.589767 1.126798562e-18
5761.904764 1.16703149e-18
5763.219761 1.205231931e-18
5764.534758 1.243431959e-18
5765.849755 1.168438317e-18
5767.164752 1.093420894e-18
5768.479749 1.006564138e-18
5769.794746 9.197050034e-19
5771.109743 7.939489933e-19
5772.42474 6.681847632e-19
5773.739737 6.49113804e-19
5775.054734 6.300654371e-19
5776.369731 7.043015367e-19
5777.684728 7.785574369e-19
5778.999725 8.254216647e-19
5780.314722 8.722801539e-19
5781.629719 7.703142719e-19
5782.944716 6.683167502e-19
5784.259713 5.258725264e-19
5785.57471 3.834196948e-19
5786.889707 4.859962687e-19
5788.204704 5.886251877e-19
5789.519701 8.483085115e-19
5790.834698 1.108025388e-18
5792.149695 1.196728514e-18
5793.464692 1.285395038e-18
5794.779689 1.104412366e-18
5796.094686 9.233717916e-19
5797.409683 6.975914993e-19
5798.72468 4.718014875e-19
5800.039677 3.382608032e-19
5801.354674 2.047399324e-19
5802.669671 2.318733048e-19
5803.984668 2.590412506e-19
5805.299665 3.695041904e-19
5806.614662 4.799850438e-19
5807.929659 7.47001789e-19
5809.244656 1.014052293e-18
5810.559653 1.234712338e-18
5811.87465 1.455362249e-18
5813.189647 1.451660306e-18
5814.504644 1.447909766e-18
5815.819641 1.300845428e-18
5817.134638 1.153749864e-18
5818.449635 1.030796394e-18
5819.764632 9.078480931e-19
5821.079629 9.176393266e-19
5822.394626 9.27459408e-19
5823.709623 9.235342292e-19
5825.02462 9.196061553e-19
5826.339617 8.70493754e-19
5827.654614 8.213714265e-19
5828.969611 7.183278832e-19
5830.284608 6.152726043e-19
5831.599605 6.875396005e-19
5832.914602 7.598449054e-19
5834.229599 9.30284023e-19
5835.544596 1.100744647e-18
5836.859593 1.203184556e-18
5838.17459 1.305609575e-18
5839.489587 1.182186576e-18
5840.804584 1.058714153e-18
5842.119581 9.305939056e-19
5843.434578 8.02472676e-19
5844.749575 7.980905833e-19
5846.064572 7.937356841e-19
5847.379569 8.956167801e-19
5848.694566 9.975212957e-19
5850.009563 1.044333101e-18
5851.32456 1.091132705e-18
5852.639557 1.130536281e-18
5853.954554 1.169938306e-18
5855.269551 1.127005047e-18
5856.584548 1.084053487e-18
5857.899545 9.918981219e-19
5859.214542 8.997317969e-19
5860.529539 8.161281871e-19
5861.844536 7.325264385e-19
5863.159533 7.408847367e-19
5864.47453 7.492634559e-19
5865.789527 9.367599166e-19
5867.104524 1.124296237e-18
5868.419521 1.374716172e-18
5869.734518 1.625150169e-18
5871.049515 1.74323868e-18
5872.364512 1.861297619e-18
5873.679509 1.748248293e-18
5874.994506 1.635147267e-18
5876.309503 1.525227578e-18
5877.6245 1.415308613e-18
5878.939497 1.42866696e-18
5880.254494 1.442053017e-18
5881.569491 1.439487102e-18
5882.884488 1.436917569e-18
5884.199485 1.322151326e-18
5885.514482 1.20735975e-18
5886.829479 9.398184169e-19
5888.144476 6.722427045e-19
5889.459473 4.323229745e-19
5890.77447 1.924094483e-19
5892.089467 1.47805246e-19
5893.404464 1.032450522e-19
5894.719461 3.515217492e-19
5896.034458 5.998645043e-19
5897.349455 8.493664238e-19
5898.664452 1.098868602e-18
5899.979449 1.052741495e-18
5901.294446 1.006547491e-18
5902.609443 9.191919446e-19
5903.92444 8.318270928e-19
5905.239437 8.602928593e-19
5906.554434 8.887848887e-19
5907.869431 1.002653331e-18
5909.184428 1.116541109e-18
5910.499425 1.10999201e-18
5911.814422 1.10341551e-18
5913.129419 9.950690154e-19
5914.444416 8.866992562e-19
5915.759413 9.094887024e-19
5917.07441 9.323080306e-19
5918.389407 1.05330098e-18
5919.704404 1.174316366e-18
5921.019401 1.362552481e-18
5922.334398 1.550803899e-18
5923.649395 1.574089654e-18
5924.964392 1.597337668e-18
5926.279389 1.396333607e-18
5927.594386 1.195278156e-18
5928.909383 9.152563226e-19
5930.22438 6.352163425e-19
5931.539377 4.866273558e-19
5932.854374 3.380685871e-19
5934.169371 4.333993432e-19
5935.484368 5.287862184e-19
5936.799365 6.894728766e-19
5938.114362 8.501745275e-19
5939.429359 1.032225762e-18
5940.744356 1.214281907e-18
5942.059353 1.285766442e-18
5943.37435 1.357225438e-18
5944.689347 1.330816663e-18
5946.004344 1.30438514e-18
5947.319341 1.22279039e-18
5948.634338 1.141182923e-18
5949.949335 1.074939404e-18
5951.264332 1.008699401e-18
5952.579329 1.02012535e-18
5953.894326 1.03156929e-18
5955.209323 1.091687537e-18
5956.52432 1.151817053e-18
5957.839317 1.222893995e-18
5959.154314 1.293973418e-18
5960.469311 1.340917055e-18
5961.784308 1.387855005e-18
5963.099305 1.259310001e-18
5964.414302 1.130724051e-18
5965.729299 9.589973232e-19
5967.044296 7.87260566e-19
5968.359293 7.891088494e-19
5969.67429 7.90997768e-19
5970.989287 8.965258516e-19
5972.304284 1.002078234e-18
5973.619281 1.141364282e-18
5974.934278 1.280658292e-18
5976.249275 1.198037941e-18
5977.564272 1.115365478e-18
5978.879269 9.785802039e-19
5980.194266 8.417823149e-19
5981.509263 8.056891161e-19
5982.82426 7.696195953e-19
5984.139257 8.918092678e-19
5985.454254 1.014036163e-18
5986.769251 9.839508808e-19
5988.084248 9.538297192e-19
5989.399245 7.906849903e-19
5990.714242 6.275088287e-19
5992.029239 5.14140417e-19
5993.344236 4.007838702e-19
5994.659233 5.591822108e-19
5995.97423 7.176449939e-19
5997.289227 8.03364325e-19
5998.604224 8.890663369e-19
5999.919221 8.220529199e-19
6001.234218 7.550032621e-19
6002.549215 7.698661468e-19
6003.864212 7.847485736e-19
6005.179209 8.907523378e-19
6006.494206 9.967778671e-19
6007.809203 1.149639604e-18
6009.1242 1.302512507e-18
6010.439197 1.27107954e-18
6011.754194 1.239602526e-18
6013.069191 1.079739843e-18
6014.384188 9.198464513e-19
6015.699185 8.741260074e-19
6017.014182 8.28432964e-19
6018.329179 8.887187142e-19
6019.644176 9.490299003e-19
6020.959173 1.089296571e-18
6022.27417 1.229582267e-18
6023.589167 1.236007496e-18
6024.904164 1.242400465e-18
6026.219161 1.2333752e-18
6027.534158 1.224346214e-18
6028.849155 1.245881344e-18
6030.164152 1.267423816e-18
6031.479149 1.25446965e-18
6032.794146 1.24150711e-18
6034.109143 1.179373024e-18
6035.42414 1.117227048e-18
6036.739137 1.066340345e-18
6038.054134 1.015456329e-18
6039.369131 9.516466861e-19
6040.684128 8.878339412e-19
6041.999125 7.783970155e-19
6043.314122 6.689490264e-19
6044.629119 6.391939956e-19
6045.944116 6.094583001e-19
6047.259113 6.457312557e-19
6048.57411 6.820202895e-19
6049.889107 6.940389653e-19
6051.204104 7.060517992e-19
6052.519101 7.194082845e-19
6053.834098 7.327651318e-19
6055.149095 7.863589391e-19
6056.464092 8.399625176e-19
6057.779089 9.830553544e-19
6059.094086 1.126170008e-18
6060.409083 1.222484437e-18
6061.72408 1.318787389e-18
6063.039077 1.302673911e-18
6064.354074 1.286532928e-18
6065.669071 1.314270156e-18
6066.984068 1.342018239e-18
6068.299065 1.299063577e-18
6069.614062 1.256091545e-18
6070.929059 1.209963818e-18
6072.244056 1.163835367e-18
6073.559053 1.158828753e-18
6074.87405 1.153832272e-18
6076.189047 1.13543898e-18
6077.504044 1.117042484e-18
6078.819041 1.043059656e-18
6080.134038 9.690631807e-19
6081.449035 8.503423935e-19
6082.764032 7.316105427e-19
6084.079029 6.991964364e-19
6085.394026 6.668037335e-19
6086.709023 6.791356522e-19
6088.02402 6.914786345e-19
6089.339017 6.355935886e-19
6090.654014 5.796916371e-19
6091.969011 5.831090304e-19
6093.284008 5.865411579e-19
6094.599005 5.389129254e-19
6095.914002 4.912720267e-19
6097.228999 4.165177502e-19
6098.543996 3.417567011e-19
6099.858993 3.032171415e-19
6101.17399 2.646866032e-19
6102.488987 3.927363076e-19
6103.803984 5.208275519e-19
6105.118981 6.4985046e-19
6106.433978 7.78873575e-19
6107.748975 8.276136933e-19
6109.063972 8.763337525e-19
6110.378969 8.430849693e-19
6111.693966 8.098157134e-19
6113.008963 8.263230848e-19
6114.32396 8.428428639e-19
6115.638957 8.096599449e-19
6116.953954 7.764645148e-19
6118.268951 7.757820908e-19
6119.583948 7.751077835e-19
6120.898945 7.848227613e-19
6122.213942 7.945403758e-19
6123.528939 7.331845123e-19
6124.843936 6.718107611e-19
6126.158933 5.78235489e-19
6127.47393 4.846521002e-19
6128.788927 4.021099183e-19
6130.103924 3.19570528e-19
6131.418921 4.267199115e-19
6132.733918 5.339172198e-19
6134.048915 7.314589102e-19
6135.363912 9.290233998e-19
6136.678909 1.062839303e-18
6137.993906 1.196639075e-18
6139.308903 1.253169632e-18
6140.6239 1.309680647e-18
6141.938897 1.256462535e-18
6143.253894 1.203216505e-18
6144.568891 1.094929361e-18
6145.883888 9.866282576e-19
6147.198885 9.403702498e-19
6148.513882 8.941279584e-19
6149.828879 8.948736618e-19
6151.143876 8.956313592e-19
6152.458873 9.909734374e-19
6153.77387 1.086339711e-18
6155.088867 1.112991677e-18
6156.403864 1.139626169e-18
6157.718861 1.162886591e-18
6159.033858 1.186146083e-18
6160.348855 1.135071609e-18
6161.663852 1.08397811e-18
6162.978849 1.036622847e-18
6164.293846 9.892686181e-19
6165.608843 9.757737868e-19
6166.92384 9.622875375e-19
6168.238837 1.052030534e-18
6169.553834 1.141799896e-18
6170.868831 1.193004857e-18
6172.183828 1.244199789e-18
6173.498825 1.208526178e-18
6174.813822 1.172830232e-18
6176.128819 1.129576648e-18
6177.443816 1.086321202e-18
6178.758813 1.08039952e-18
6180.07381 1.074487557e-18
6181.388807 1.120349138e-18
6182.703804 1.166224161e-18
6184.018801 1.15299744e-18
6185.333798 1.139755416e-18
6186.648795 1.109060397e-18
6187.963792 1.078360933e-18
6189.278789 1.126752964e-18
6190.593786 1.175165467e-18
6191.908783 1.212802185e-18
6193.22378 1.250436214e-18
6194.538777 1.189342412e-18
6195.853774 1.128222864e-18
6197.168771 1.040765161e-18
6198.483768 9.533006338e-19
6199.798765 9.927181681e-19
6201.113762 1.032168686e-18
6202.428759 1.125871086e-18
6203.743756 1.219587547e-18
6205.058753 1.227901333e-18
6206.37375 1.236192784e-18
6207.688747 1.158240421e-18
6209.003744 1.080265413e-18
6210.318741 1.069030956e-18
6211.633738 1.057813974e-18
6212.948735 1.073259504e-18
6214.263732 1.088711961e-18
6215.578729 1.061002238e-18
6216.893726 1.033281244e-18
6218.208723 1.031741447e-18
6219.52372 1.030208372e-18
6220.838717 1.083171092e-18
6222.153714 1.136148081e-18
6223.468711 1.164086106e-18
6224.783708 1.192017617e-18
6226.098705 1.058929013e-18
6227.413702 9.257981192e-19
6228.728699 8.689462025e-19
6230.043696 8.121145e-19
6231.358693 9.458574558e-19
6232.67369 1.079650715e-18
6233.988687 1.247373164e-18
6235.303684 1.41510461e-18
6236.618681 1.469382133e-18
6237.933678 1.523629672e-18
6239.248675 1.441999146e-18
6240.563672 1.360332639e-18
6241.878669 1.355043439e-18
6243.193666 1.349774402e-18
6244.508663 1.400233557e-18
6245.82366 1.450707601e-18
6247.138657 1.487795691e-18
6248.453654 1.524880162e-18
6249.768651 1.39318908e-18
6251.083648 1.261453019e-18
6252.398645 9.928339734e-19
6253.713642 7.241783766e-19
6255.028639 5.309846577e-19
6256.343636 3.378110237e-19
6257.658633 3.977051039e-19
6258.97363 4.576666769e-19
6260.288627 7.027951374e-19
6261.603624 9.479730736e-19
6262.918621 1.070066173e-18
6264.233618 1.192126288e-18
6265.548615 1.144198306e-18
6266.863612 1.096224829e-18
6268.178609 9.67376973e-19
6269.493606 8.385074552e-19
6270.808603 7.62412991e-19
6272.1236 6.863326405e-19
6273.438597 6.009665157e-19
6274.753594 5.155979609e-19
6276.068591 4.260041935e-19
6277.383588 3.364093145e-19
6278.698585 3.86732579e-19
6280.013582 4.37093506e-19
6281.328579 6.288981302e-19
6282.643576 8.207408564e-19
6283.958573 8.848716006e-19
6285.27357 9.489678617e-19
6286.588567 8.996978825e-19
6287.903564 8.503972459e-19
6289.218561 9.760429307e-19
6290.533558 1.101736023e-18
6291.848555 1.184733982e-18
6293.163552 1.267720567e-18
6294.478549 1.337369588e-18
6295.793546 1.407015093e-18
6297.108543 1.346614365e-18
6298.42354 1.286178378e-18
6299.738537 1.299764303e-18
6301.053534 1.313370286e-18
6302.368531 1.232680472e-18
6303.683528 1.151965015e-18
6304.998525 9.198027141e-19
6306.313522 6.875991575e-19
6307.628519 5.307096718e-19
6308.943516 3.738406848e-19
6310.258513 4.244816125e-19
6311.57351 4.751791762e-19
6312.888507 5.50473188e-19
6314.203504 6.257739207e-19
6315.518501 7.372573946e-19
6316.833498 8.487507946e-19
6318.148495 1.016392698e-18
6319.463492 1.18405011e-18
6320.778489 1.259395821e-18
6322.093486 1.334716303e-18
6323.408483 1.350827093e-18
6324.72348 1.366921546e-18
6326.038477 1.316226955e-18
6327.353474 1.265513959e-18
6328.668471 1.160750811e-18
6329.983468 1.055972876e-18
6331.298465 1.023333157e-18
6332.613462 9.907133925e-19
6333.928459 9.785056542e-19
6335.243456 9.663036028e-19
6336.558453 1.10638695e-18
6337.87345 1.246512276e-18
6339.188447 1.195534065e-18
6340.503444 1.144503122e-18
6341.818441 9.371847773e-19
6343.133438 7.298233673e-19
6344.448435 6.241473734e-19
6345.763432 5.184995554e-19
6347.078429 5.911006291e-19
6348.393426 6.637510751e-19
6349.708423 7.118221077e-19
6351.02342 7.598863678e-19
6352.338417 7.868138368e-19
6353.653414 8.137354121e-19
6354.968411 8.195106837e-19
6356.283408 8.252801134e-19
6357.598405 8.283999802e-19
6358.913402 8.315191232e-19
6360.228399 8.43985769e-19
6361.543396 8.564549997e-19
6362.858393 8.692319934e-19
6364.17339 8.820091421e-19
6365.488387 9.068686078e-19
6366.803384 9.317314857e-19
6368.118381 9.503534926e-19
6369.433378 9.689737418e-19
6370.748375 9.762545856e-19
6372.063372 9.835323274e-19
6373.378369 9.996252296e-19
6374.693366 1.01572051e-18
6376.008363 8.971621603e-19
6377.32336 7.78566174e-19
6378.638357 6.437928613e-19
6379.953354 5.090150508e-19
6381.268351 4.424426762e-19
6382.583348 3.758895078e-19
6383.898345 5.053030778e-19
6385.213342 6.347717846e-19
6386.528339 8.667242919e-19
6387.843336 1.098705647e-18
6389.158333 1.242798855e-18
6390.47333 1.386867352e-18
6391.788327 1.296259538e-18
6393.103324 1.205585551e-18
6394.418321 1.023716968e-18
6395.733318 8.418224849e-19
6397.048315 8.402664547e-19
6398.363312 8.387614513e-19
6399.678309 9.60535569e-19
6400.993306 1.082344532e-18
6402.308303 1.119678398e-18
6403.6233 1.15698838e-18
6404.938297 1.09932686e-18
6406.253294 1.041638353e-18
6407.568291 1.035818621e-18
6408.883288 1.030013674e-18
6410.198285 1.138846551e-18
6411.513282 1.247711998e-18
6412.828279 1.295073982e-18
6414.143276 1.342418491e-18
6415.458273 1.301722136e-18
6416.77327 1.261000655e-18
6418.088267 1.215926859e-18
6419.403264 1.170851823e-18
6420.718261 1.125057037e-18
6422.033258 1.079262043e-18
6423.348255 1.076537724e-18
6424.663252 1.073825812e-18
6425.978249 1.064276736e-18
6427.293246 1.054725695e-18
6428.608243 1.059175203e-18
6429.92324 1.063628743e-18
6431.238237 1.011047456e-18
6432.553234 9.584498331e-19
6433.868231 8.947903233e-19
6435.183228 8.311276599e-19
6436.498225 8.52386667e-19
6437.813222 8.736701275e-19
6439.128219 9.685163109e-19
6440.443216 1.063383691e-18
6441.758213 1.178334913e-18
6443.07321 1.293291925e-18
6444.388207 1.298774891e-18
6445.703204 1.304226425e-18
6447.018201 1.247384848e-18
6448.333198 1.190525383e-18
6449.648195 1.084521878e-18
6450.963192 9.785041032e-19
6452.278189 9.883070207e-19
6453.593186 9.981433355e-19
6454.908183 1.118331334e-18
6456.22318 1.23855118e-18
6457.538177 1.357637477e-18
6458.853174 1.476723465e-18
6460.168171 1.530435404e-18
6461.483168 1.584128421e-18
6462.798165 1.55398079e-18
6464.113162 1.523808757e-18
6465.428159 1.523102241e-18
6466.743156 1.522404204e-18
6468.058153 1.627110587e-18
6469.37315 1.731847576e-18
6470.688147 1.799082884e-18
6472.003144 1.866307439e-18
6473.318141 1.925620631e-18
6474.633138 1.984931756e-18
6475.948135 1.832563433e-18
6477.263132 1.680133485e-18
6478.578129 1.590526146e-18
6479.893126 1.500937213e-18
6481.208123 1.383941717e-18
6482.52312 1.266938261e-18
6483.838117 1.193785406e-18
6485.153114 1.120645372e-18
6486.468111 1.09682195e-18
6487.783108 1.073013004e-18
6489.098105 1.122422983e-18
6490.413102 1.171854469e-18
6491.728099 1.146807337e-18
6493.043096 1.121738388e-18
6494.358093 1.103251935e-18
6495.67309 1.084767447e-18
6496.988087 1.105861276e-18
6498.303084 1.12696679e-18
6499.618081 1.247510993e-18
6500.933078 1.368084458e-18
6502.248075 1.396362661e-18
6503.563072 1.424613671e-18
6504.878069 1.454539205e-18
6506.193066 1.484465152e-18
6507.508063 1.470678532e-18
6508.82306 1.456879092e-18
6510.138057 1.382177548e-18
6511.453054 1.307458116e-18
6512.768051 1.279624213e-18
6514.083048 1.251804267e-18
6515.398045 1.461346901e-18
6516.713042 1.670959845e-18
6518.028039 1.894540767e-18
6519.343036 2.118125619e-18
6520.658033 2.139516096e-18
6521.97303 2.160846603e-18
6523.288027 2.027191793e-18
6524.603024 1.893490662e-18
6525.918021 1.818243282e-18
6527.233018 1.74301348e-18
6528.548015 1.674571832e-18
6529.863012 1.606132356e-18
6531.178009 1.598033948e-18
6532.493006 1.589953427e-18
6533.808003 1.58633658e-18
6535.123 1.582721077e-18
6536.437997 1.600025282e-18
6537.752994 1.617335794e-18
6539.067991 1.618895546e-18
6540.382988 1.620450542e-18
6541.697985 1.574216833e-18
6543.012982 1.527968855e-18
6544.327979 1.554765474e-18
6545.642976 1.581584014e-18
6546.957973 1.573976744e-18
6548.27297 1.566359237e-18
6549.587967 1.609885481e-18
6550.902964 1.653426925e-18
6552.217961 1.66491605e-18
6553.532958 1.676395559e-18
6554.847955 1.595220913e-18
6556.162952 1.514018454e-18
6557.477949 1.479478907e-18
6558.792946 1.444953422e-18
6560.107943 1.502296167e-18
6561.42294 1.559666726e-18
6562.737937 1.710558015e-18
6564.052934 1.861477531e-18
6565.367931 1.959550339e-18
6566.682928 2.057607431e-18
6567.997925 2.029078592e-18
6569.312922 2.000511703e-18
6570.627919 1.898170436e-18
6571.942916 1.795807042e-18
6573.257913 1.674591685e-18
6574.57291 1.553370744e-18
6575.887907 1.526560166e-18
6577.202904 1.499778126e-18
6578.517901 1.651637423e-18
6579.832898 1.8035509e-18
6581.147895 2.137117686e-18
6582.462892 2.470739686e-18
6583.777889 3.114058521e-18
6585.092886 3.757471241e-18
6586.407883 4.610718383e-18
6587.72288 5.464029217e-18
6589.037877 5.728091739e-18
6590.352874 5.991974762e-18
6591.667871 5.298694838e-18
6592.982868 4.605123333e-18
6594.297865 3.584442014e-18
6595.612862 2.563660607e-18
6596.927859 2.112080376e-18
6598.242856 1.660673957e-18
6599.557853 1.850050445e-18
6600.87285 2.039623077e-18
6602.187847 2.309143956e-18
6603.502844 2.578689444e-18
6604.817841 2.897864321e-18
6606.132838 3.217054088e-18
6607.447835 3.322405672e-18
6608.762832 3.427691702e-18
6610.077829 3.305048734e-18
6611.392826 3.182335663e-18
6612.707823 2.80005952e-18
6614.02282 2.417703553e-18
6615.337817 2.186585154e-18
6616.652814 1.955513078e-18
6617.967811 1.787091867e-18
6619.282808 1.618689888e-18
6620.597805 1.581138577e-18
6621.912802 1.54362759e-18
6623.227799 1.530695966e-18
6624.542796 1.517771992e-18
6625.857793 1.56374576e-18
6627.17279 1.60973783e-18
6628.487787 1.483296035e-18
6629.802784 1.356801094e-18
6631.117781 1.302440335e-18
6632.432778 1.248101807e-18
6633.747775 1.180808286e-18
6635.062772 1.113510836e-18
6636.377769 1.272294255e-18
6637.692766 1.431147778e-18
6639.007763 1.503863984e-18
6640.32276 1.576553411e-18
6641.637757 1.581399966e-18
6642.952754 1.586225531e-18
6644.267751 1.545041759e-18
6645.582748 1.503843822e-18
6646.897745 1.491877724e-18
6648.212742 1.479920725e-18
6649.527739 1.626023465e-18
6650.842736 1.772175526e-18
6652.157733 1.832858116e-18
6653.47273 1.893514029e-18
6654.787727 1.850161494e-18
6656.102724 1.806776491e-18
6657.417721 1.747698011e-18
6658.732718 1.688614464e-18
6660.047715 1.645780881e-18
6661.362712 1.602952364e-18
6662.677709 1.579384851e-18
6663.992706 1.555823335e-18
6665.307703 1.468580285e-18
6666.6227 1.381317384e-18
6667.937697 1.272004225e-18
6669.252694 1.162684242e-18
6670.567691 1.213340059e-18
6671.882688 1.264046127e-18
6673.197685 1.364283046e-18
6674.512682 1.464535475e-18
6675.827679 1.588163098e-18
6677.142676 1.711798165e-18
6678.457673 1.688111435e-18
6679.77267 1.664378486e-18
6681.087667 1.590804182e-18
6682.402664 1.517214163e-18
6683.717661 1.495897718e-18
6685.032658 1.474597714e-18
6686.347655 1.430409415e-18
6687.662652 1.386213983e-18
6688.977649 1.407746218e-18
6690.292646 1.429299236e-18
6691.607643 1.408430606e-18
6692.92264 1.387548638e-18
6694.237637 1.36191214e-18
6695.552634 1.33627409e-18
6696.867631 1.350697949e-18
6698.182628 1.365134422e-18
6699.497625 1.374101163e-18
6700.812622 1.383066147e-18
6702.127619 1.375832762e-18
6703.442616 1.368594312e-18
6704.757613 1.409472027e-18
6706.07261 1.450365044e-18
6707.387607 1.548561309e-18
6708.702604 1.646775772e-18
6710.017601 1.730921754e-18
6711.332598 1.815063186e-18
6712.647595 1.796166038e-18
6713.962592 1.77723601e-18
6715.277589 1.706154622e-18
6716.592586 1.635056691e-18
6717.907583 1.6509459e-18
6719.22258 1.666862923e-18
6720.537577 1.667550827e-18
6721.852574 1.668233768e-18
6723.167571 1.638216624e-18
6724.482568 1.608189554e-18
6725.797565 1.658157467e-18
6727.112562 1.708151023e-18
6728.427559 1.761040641e-18
6729.742556 1.813930983e-18
6731.057553 1.802514649e-18
6732.37255 1.791077637e-18
6733.687547 1.821073894e-18
6735.002544 1.851083386e-18
6736.317541 1.849442467e-18
6737.632538 1.847791621e-18
6738.947535 1.935259353e-18
6740.262532 2.02275583e-18
6741.577529 2.031202792e-18
6742.892526 2.039624318e-18
6744.207523 1.940512364e-18
6745.52252 1.841365875e-18
6746.837517 1.666559347e-18
6748.152514 1.491728418e-18
6749.467511 1.405242859e-18
6750.782508 1.318785941e-18
6752.097505 1.408713399e-18
6753.412502 1.498697931e-18
6754.727499 1.619977809e-18
6756.042496 1.741267715e-18
6757.357493 1.789214412e-18
6758.67249 1.837137535e-18
6759.987487 1.864788115e-18
6761.302484 1.892432077e-18
6762.617481 1.932770367e-18
6763.932478 1.973112999e-18
6765.247475 1.901521758e-18
6766.562472 1.829894328e-18
6767.877469 1.698389257e-18
6769.192466 1.566864748e-18
6770.507463 1.430061483e-18
6771.82246 1.293256459e-18
6773.137457 1.193549969e-18
6774.452454 1.093855474e-18
6775.767451 1.030907649e-18
6777.082448 9.679718193e-19
6778.397445 8.37233597e-19
6779.712442 7.064732477e-19
6781.027439 7.519041783e-19
6782.342436 7.973925462e-19
6783.657433 1.000511347e-18
6784.97243 1.203681588e-18
6786.287427 1.388662541e-18
6787.602424 1.573637496e-18
6788.917421 1.650540374e-18
6790.232418 1.727407787e-18
6791.547415 1.576720398e-18
6792.862412 1.425958357e-18
6794.177409 1.331088599e-18
6795.492406 1.236237142e-18
6796.807403 1.122335923e-18
6798.1224 1.008428396e-18
6799.437397 9.431550567e-19
6800.752394 8.778977442e-19
6802.067391 8.839712145e-19
6803.382388 8.90068156e-19
6804.697385 9.295448337e-19
6806.012382 9.690324716e-19
6807.327379 1.043870087e-18
6808.642376 1.118719385e-18
6809.957373 1.224809021e-18
6811.27237 1.330908997e-18
6812.587367 1.446021002e-18
6813.902364 1.561136006e-18
6815.217361 1.534673257e-18
6816.532358 1.508163773e-18
6817.847355 1.454530209e-18
6819.162352 1.400887753e-18
6820.477349 1.421985512e-18
6821.792346 1.443107982e-18
6823.107343 1.571524463e-18
6824.42234 1.69997641e-18
6825.737337 1.794295783e-18
6827.052334 1.888603679e-18
6828.367331 1.793744467e-18
6829.682328 1.698822493e-18
6830.997325 1.551358937e-18
6832.312322 1.403878011e-18
6833.627319 1.357216029e-18
6834.942316 1.310587547e-18
6836.257313 1.318372868e-18
6837.57231 1.326176386e-18
6838.887307 1.294472105e-18
6840.202304 1.262754588e-18
6841.517301 1.155111403e-18
6842.832298 1.047442886e-18
6844.147295 9.630718081e-19
6845.462292 8.787084846e-19
6846.777289 9.07100115e-19
6848.092286 9.355294855e-19
6849.407283 9.937055115e-19
6850.72228 1.051891567e-18
6852.037277 1.061529772e-18
6853.352274 1.071151744e-18
6854.667271 1.03741632e-18
6855.982268 1.003666317e-18
6857.297265 1.024458536e-18
6858.612262 1.045269056e-18
6859.927259 1.159578179e-18
6861.242256 1.273918631e-18
6862.557253 1.452958462e-18
6863.87225 1.632019904e-18
6865.187247 1.53569286e-18
6866.502244 1.43927338e-18
6867.817241 1.341107514e-18
6869.132238 1.242941027e-18
6870.447235 1.186862318e-18
6871.762232 1.130797877e-18
6873.077229 1.279669294e-18
6874.392226 1.428609781e-18
6875.707223 1.46239711e-18
6877.02222 1.496145666e-18
6878.337217 1.413700367e-18
6879.652214 1.331215881e-18
6880.967211 1.190229149e-18
6882.282208 1.049222669e-18
6883.597205 9.700541431e-19
6884.912202 8.909065035e-19
6886.227199 8.931034953e-19
6887.542196 8.953280941e-19
6888.857193 1.005664579e-18
6890.17219 1.116037666e-18
6891.487187 1.227781185e-18
6892.802184 1.339525117e-18
6894.117181 1.409718733e-18
6895.432178 1.479898184e-18
6896.747175 1.387917768e-18
6898.062172 1.295882241e-18
6899.377169 1.158750584e-18
6900.692166 1.021603625e-18
6902.007163 9.257278088e-19
6903.32216 8.298660027e-19
6904.637157 9.066045304e-19
6905.952154 9.834017362e-19
6907.267151 1.021606934e-18
6908.582148 1.059799e-18
6909.897145 1.001134938e-18
6911.212142 9.424378912e-19
6912.527139 9.343290396e-19
6913.842136 9.262374555e-19
6915.157133 1.049844605e-18
6916.47213 1.173496733e-18
6917.787127 1.372749343e-18
6919.102124 1.572027803e-18
6920.417121 1.626431368e-18
6921.732118 1.680785406e-18
6923.047115 1.69021723e-18
6924.362112 1.699633751e-18
6925.677109 1.561524884e-18
6926.992106 1.423365352e-18
6928.307103 1.223775459e-18
6929.6221 1.024164473e-18
6930.937097 8.018109315e-19
6932.252094 5.794495834e-19
6933.567091 5.043633489e-19
6934.882088 4.293277018e-19
6936.197085 5.81532786e-19
6937.512082 7.33816013e-19
6938.827079 9.109752494e-19
6940.142076 1.088142964e-18
6941.457073 1.183887052e-18
6942.77207 1.279603016e-18
6944.087067 1.28373954e-18
6945.402064 1.28784463e-18
6946.717061 1.300054333e-18
6948.032058 1.312266828e-18
6949.347055 1.394309186e-18
6950.662052 1.476375635e-18
6951.977049 1.442637626e-18
6953.292046 1.408859706e-18
6954.607043 1.371466903e-18
6955.92204 1.334072963e-18
6957.237037 1.38814731e-18
6958.552034 1.442253298e-18
6959.867031 1.462178114e-18
6961.182028 1.482091143e-18
6962.497025 1.421306603e-18
6963.812022 1.360494146e-18
6965.127019 1.255996832e-18
6966.442016 1.15148432e-18
6967.757013 1.178081278e-18
6969.07201 1.204723732e-18
6970.387007 1.270112773e-18
6971.702004 1.335515256e-18
6973.017001 1.28883125e-18
6974.331998 1.242108263e-18
6975.646995 1.072229147e-18
6976.961992 9.023070169e-19
6978.276989 7.531306803e-19
6979.591986 6.039615299e-19
6980.906983 5.798144734e-19
6982.22198 5.557109991e-19
6983.536977 7.100973327e-19
6984.851974 8.645460152e-19
6986.166971 1.186150012e-18
6987.481968 1.507812531e-18
6988.796965 1.629361449e-18
6990.111962 1.75084047e-18
6991.426959 1.760920079e-18
6992.741956 1.770960397e-18
6994.056953 1.592653965e-18
6995.37195 1.414281565e-18
6996.686947 1.291965437e-18
6998.001944 1.169668955e-18
6999.316941 1.124312367e-18
7000.631938 1.07898287e-18
7001.946935 1.030395004e-18
7003.261932 9.81805898e-19
7004.576929 9.964032577e-19
7005.891926 1.011022848e-18
7007.206923 1.07552784e-18
7008.52192 1.140050306e-18
7009.836917 1.398143064e-18
7011.151914 1.656304066e-18
7012.466911 1.821396288e-18
7013.781908 1.986455836e-18
7015.096905 1.982322001e-18
7016.411902 1.978128402e-18
7017.726899 1.746308347e-18
7019.041896 1.514407952e-18
7020.356893 1.368826439e-18
7021.67189 1.223275428e-18
7022.986887 1.207417135e-18
7024.301884 1.191604647e-18
7025.616881 1.390640019e-18
7026.931878 1.589751492e-18
7028.246875 1.756344943e-18
7029.561872 1.922926918e-18
7030.876869 1.952331534e-18
7032.191866 1.981687554e-18
7033.506863 1.903749769e-18
7034.82186 1.825773728e-18
7036.136857 1.875397326e-18
7037.451854 1.92506642e-18
7038.766851 2.100843955e-18
7040.081848 2.276666364e-18
7041.396845 2.393659895e-18
7042.711842 2.510632332e-18
7044.026839 2.383786667e-18
7045.341836 2.256854147e-18
7046.656833 2.065673683e-18
7047.97183 1.874470264e-18
7049.286827 1.808439951e-18
7050.601824 1.742454513e-18
7051.916821 1.925084825e-18
7053.231818 2.107803646e-18
7054.546815 2.310271197e-18
7055.861812 2.512745572e-18
7057.176809 2.574316968e-18
7058.491806 2.635837905e-18
7059.806803 2.629338334e-18
7061.1218 2.62281436e-18
7062.436797 2.534022725e-18
7063.751794 2.445201932e-18
7065.066791 2.403154481e-18
7066.381788 2.361123986e-18
7067.696785 2.400362332e-18
7069.011782 2.439629837e-18
7070.326779 2.486827522e-18
7071.641776 2.534028102e-18
7072.956773 2.577760727e-18
7074.27177 2.621492319e-18
7075.586767 2.60878455e-18
7076.901764 2.596056515e-18
7078.216761 2.539455854e-18
7079.531758 2.482839477e-18
7080.846755 2.413285995e-18
7082.161752 2.343728171e-18
7083.476749 2.373085845e-18
7084.791746 2.402479294e-18
7086.106743 2.632730808e-18
7087.42174 2.863054907e-18
7088.736737 3.102911435e-18
7090.051734 3.342771272e-18
7091.366731 3.329607313e-18
7092.681728 3.316351744e-18
7093.996725 3.163326846e-18
7095.311722 3.01025149e-18
7096.626719 2.837882353e-18
7097.941716 2.665506392e-18
7099.256713 2.603335084e-18
7100.57171 2.54120348e-18
7101.886707 2.605258692e-18
7103.201704 2.669359813e-18
7104.516701 2.723268414e-18
7105.831698 2.7771735e-18
7107.146695 2.922667539e-18
7108.461692 3.068195078e-18
7109.776689 3.221275397e-18
7111.091686 3.374358405e-18
7112.406683 3.457247899e-18
7113.72168 3.540111751e-18
7115.036677 3.501392254e-18
7116.351674 3.462628089e-18
7117.666671 3.389653595e-18
7118.981668 3.316666693e-18
7120.296665 3.456531354e-18
7121.611662 3.59647377e-18
7122.926659 3.800127291e-18
7124.241656 4.00380356e-18
7125.556653 3.957900412e-18
7126.87165 3.911905862e-18
7128.186647 3.713013592e-18
7129.501644 3.514065901e-18
7130.816641 3.6348169e-18
7132.131638 3.755684945e-18
7133.446635 3.971548065e-18
7134.761632 4.187445928e-18
7136.076629 4.216108977e-18
7137.391626 4.24470337e-18
7138.706623 3.875484686e-18
7140.02162 3.506119591e-18
7141.336617 3.272554185e-18
7142.651614 3.039038823e-18
7143.966611 3.070636295e-18
7145.281608 3.102331375e-18
7146.596605 3.229267203e-18
7147.911602 3.356238186e-18
7149.226599 3.453126265e-18
7150.541596 3.550003177e-18
7151.856593 3.560233333e-18
7153.17159 3.570431229e-18
7154.486587 3.566758547e-18
7155.801584 3.563080489e-18
7157.116581 3.565313049e-18
7158.431578 3.567548091e-18
7159.746575 3.50867806e-18
7161.061572 3.449785696e-18
7162.376569 3.396895561e-18
7163.691566 3.344007494e-18
7165.006563 3.316733074e-18
7166.32156 3.289468167e-18
7167.636557 3.324121658e-18
7168.951554 3.358798103e-18
7170.266551 3.383476417e-18
7171.581548 3.408150801e-18
7172.896545 3.378520984e-18
7174.211542 3.348870902e-18
7175.526539 3.34742499e-18
7176.841536 3.345989625e-18
7178.156533 3.28076023e-18
7179.47153 3.21550726e-18
7180.786527 3.183649846e-18
7182.101524 3.15180484e-18
7183.416521 3.224752451e-18
7184.731518 3.297738939e-18
7186.046515 3.412900058e-18
7187.361512 3.5280771e-18
7188.676509 3.595044402e-18
7189.991506 3.661993919e-18
7191.306503 3.556349306e-18
7192.6215 3.45064038e-18
7193.936497 3.456048901e-18
7195.251494 3.461498987e-18
7196.566491 3.476040409e-18
7197.881488 3.490585553e-18
7199.196485 3.581736307e-18
7200.511482 3.672916012e-18
7201.826479 3.671067263e-18
7203.141476 3.669183773e-18
7204.456473 3.543934566e-18
7205.77147 3.41863883e-18
7207.086467 3.385405402e-18
7208.401464 3.352206508e-18
7209.716461 3.459509824e-18
7211.031458 3.566865667e-18
7212.346455 3.715445917e-18
7213.661452 3.864041055e-18
7214.976449 3.791107714e-18
7216.291446 3.71809124e-18
7217.606443 3.440871171e-18
7218.92144 3.163574173e-18
7220.236437 3.06989266e-18
7221.551434 2.976280216e-18
7222.866431 2.969865844e-18
7224.181428 2.963484353e-18
7225.496425 2.969038457e-18
7226.811422 2.974596904e-18
7228.126419 3.02150735e-18
7229.441416 3.068433307e-18
7230.756413 3.345613465e-18
7232.07141 3.62288027e-18
7233.386407 3.854684816e-18
7234.701404 4.086472404e-18
7236.016401 3.998625823e-18
7237.331398 3.91065806e-18
7238.646395 3.575581256e-18
7239.961392 3.240410773e-18
7241.276389 2.991938952e-18
7242.591386 2.743500011e-18
7243.906383 2.753469606e-18
7245.22138 2.763537221e-18
7246.536377 2.935227449e-18
7247.851374 3.106978889e-18
7249.166371 3.340487427e-18
7250.481368 3.574019539e-18
7251.796365 3.688009163e-18
7253.111362 3.801953706e-18
7254.426359 3.782857414e-18
7255.741356 3.763710251e-18
7257.056353 3.690472507e-18
7258.37135 3.617213669e-18
7259.686347 3.660930992e-18
7261.001344 3.704692155e-18
7262.316341 3.803498466e-18
7263.631338 3.902325456e-18
7264.946335 3.902550449e-18
7266.261332 3.902737805e-18
7267.576329 3.754871826e-18
7268.891326 3.606949599e-18
7270.206323 3.487042324e-18
7271.52132 3.367145803e-18
7272.836317 3.281831636e-18
7274.151314 3.196530703e-18
7275.466311 3.254048914e-18
7276.781308 3.311621925e-18
7278.096305 3.437015475e-18
7279.411302 3.562434874e-18
7280.726299 3.650239269e-18
7282.041296 3.738029188e-18
7283.356293 3.742524915e-18
7284.67129 3.746988381e-18
7285.986287 3.602330209e-18
7287.301284 3.457614547e-18
7288.616281 3.416688132e-18
7289.931278 3.375801628e-18
7291.246275 3.407440873e-18
7292.561272 3.439107828e-18
7293.876269 3.491382955e-18
7295.191266 3.543665732e-18
7296.506263 3.675302842e-18
7297.82126 3.806970143e-18
7299.136257 3.851609772e-18
7300.451254 3.8962159e-18
7301.766251 3.841582275e-18
7303.081248 3.786910186e-18
7304.396245 3.607209333e-18
7305.711242 3.427460298e-18
7307.026239 3.25288383e-18
7308.341236 3.078309429e-18
7309.656233 3.142691171e-18
7310.97123 3.207165144e-18
7312.286227 3.385082801e-18
7313.601224 3.563044093e-18
7314.916221 3.717424119e-18
7316.231218 3.87179546e-18
7317.546215 3.824146548e-18
7318.861212 3.776419468e-18
7320.176209 3.797919546e-18
7321.491206 3.819446508e-18
7322.806203 3.883397495e-18
7324.1212 3.947365027e-18
7325.436197 4.0100161e-18
7326.751194 4.072666759e-18
7328.066191 3.92534217e-18
7329.381188 3.777936103e-18
7330.696185 3.670455563e-18
7332.011182 3.562990739e-18
7333.326179 3.477427591e-18
7334.641176 3.391873334e-18
7335.956173 3.403033655e-18
7337.27117 3.414231612e-18
7338.586167 3.517018523e-18
7339.901164 3.619840795e-18
7341.216161 3.72470579e-18
7342.531158 3.829571199e-18
7343.846155 3.733810567e-18
7345.161152 3.637971353e-18
7346.476149 3.494260302e-18
7347.791146 3.350530226e-18
7349.106143 3.419267694e-18
7350.42114 3.488088294e-18
7351.736137 3.65048701e-18
7353.051134 3.812922534e-18
7354.366131 3.853061474e-18
7355.681128 3.893152436e-18
7356.996125 3.755623733e-18
7358.311122 3.618025961e-18
7359.626119 3.549539956e-18
7360.941116 3.481080834e-18
7362.256113 3.670263244e-18
7363.57111 3.85954657e-18
7364.886107 3.920194625e-18
7366.201104 3.980792222e-18
7367.516101 3.908547508e-18
7368.831098 3.836250268e-18
7370.146095 3.623295928e-18
7371.461092 3.410285754e-18
7372.776089 3.338790672e-18
7374.091086 3.267351219e-18
7375.406083 3.390334571e-18
7376.72108 3.513394644e-18
7378.036077 3.631370038e-18
7379.351074 3.749343365e-18
7380.666071 3.884295814e-18
7381.981068 4.01925488e-18
7383.296065 4.043456117e-18
7384.611062 4.067613513e-18
7385.926059 3.979410003e-18
7387.241056 3.891161826e-18
7388.556053 3.757912542e-18
7389.87105 3.624645887e-18
7391.186047 3.502889451e-18
7392.501044 3.381138184e-18
7393.816041 3.413035302e-18
7395.131038 3.444993425e-18
7396.446035 3.536224829e-18
7397.761032 3.627479808e-18
7399.076029 3.643301292e-18
7400.391026 3.659092583e-18
7401.706023 3.610343521e-18
7403.02102 3.561568402e-18
7404.336017 3.534585357e-18
7405.651014 3.507610584e-18
7406.966011 3.562527518e-18
7408.281008 3.617477126e-18
7409.596005 3.580418608e-18
7410.911002 3.543323693e-18
7412.225999 3.476821267e-18
7413.540996 3.410307467e-18
7414.855993 3.400121565e-18
7416.17099 3.389957997e-18
7417.485987 3.440952648e-18
7418.800984 3.491971494e-18
7420.115981 3.652830412e-18
7421.430978 3.813732758e-18
7422.745975 3.848974374e-18
7424.060972 3.884165946e-18
7425.375969 3.944068712e-18
7426.690966 4.00398099e-18
7428.005963 3.858236316e-18
7429.32096 3.712409337e-18
7430.635957 3.610102811e-18
7431.950954 3.50781407e-18
7433.265951 3.417938415e-18
7434.580948 3.32806793e-18
7435.895945 3.407432601e-18
7437.210942 3.486865308e-18
7438.525939 3.514314469e-18
7439.840936 3.541742951e-18
7441.155933 3.458668789e-18
7442.47093 3.375550372e-18
7443.785927 3.235832535e-18
7445.100924 3.096092158e-18
7446.415921 3.125530689e-18
7447.730918 3.155037049e-18
7449.045915 3.345413907e-18
7450.360912 3.535855493e-18
7451.675909 3.620459113e-18
7452.990906 3.705020132e-18
7454.305903 3.730353366e-18
7455.6209 3.755662611e-18
7456.935897 3.724885288e-18
7458.250894 3.694085218e-18
7459.565891 3.760231957e-18
7460.880888 3.826417159e-18
7462.195885 3.83985843e-18
7463.510882 3.853278609e-18
7464.825879 3.77421379e-18
7466.140876 3.695112163e-18
7467.455873 3.591764217e-18
7468.77087 3.488406759e-18
7470.085867 3.399767945e-18
7471.400864 3.311134922e-18
7472.715861 3.327403497e-18
7474.030858 3.343714465e-18
7475.345855 3.375611997e-18
7476.660852 3.407516146e-18
7477.975849 3.473550595e-18
7479.290846 3.539599313e-18
7480.605843 3.595029926e-18
7481.92084 3.650456404e-18
7483.235837 3.635451761e-18
7484.550834 3.620418167e-18
7485.865831 3.713465233e-18
7487.180828 3.806556139e-18
7488.495825 3.941719519e-18
7489.810822 4.076899856e-18
7491.125819 4.139561683e-18
7492.440816 4.202193317e-18
7493.755813 4.144561989e-18
7495.07081 4.086881445e-18
7496.385807 3.913736412e-18
7497.700804 3.740544644e-18
7499.015801 3.621752409e-18
7500.330798 3.502982508e-18
7501.645795 3.367297798e-18
7502.960792 3.23160647e-18
7504.275789 3.302076674e-18
7505.590786 3.372631252e-18
7506.905783 3.512547611e-18
7508.22078 3.652492923e-18
7509.535777 3.604004836e-18
7510.850774 3.555439821e-18
7512.165771 3.407506634e-18
7513.480768 3.259532501e-18
7514.795765 3.039472679e-18
7516.110762 2.819383079e-18
7517.425759 2.706028523e-18
7518.740756 2.592717394e-18
7520.055753 2.538396236e-18
7521.37075 2.484099273e-18
7522.685747 2.560229255e-18
7524.000744 2.636412796e-18
7525.315741 2.683957897e-18
7526.630738 2.731491417e-18
7527.945735 2.599107364e-18
7529.260732 2.466649485e-18
7530.575729 2.33974571e-18
7531.890726 2.21284421e-18
7533.205723 2.249448399e-18
7534.52072 2.286119798e-18
7535.835717 2.367172124e-18
7537.150714 2.448242648e-18
7538.465711 2.623457286e-18
7539.780708 2.798710802e-18
7541.095705 2.868144963e-18
7542.410702 2.937535283e-18
7543.725699 2.937022225e-18
7545.040696 2.936480214e-18
7546.355693 2.771861553e-18
7547.67069 2.607175063e-18
7548.985687 2.624071054e-18
7550.300684 2.641041905e-18
7551.615681 2.776806232e-18
7552.930678 2.912619776e-18
7554.245675 2.901205718e-18
7555.560672 2.889730655e-18
7556.875669 2.791773652e-18
7558.190666 2.693780666e-18
7559.505663 2.595483279e-18
7560.82066 2.497185684e-18
7562.135657 2.438549332e-18
7563.450654 2.379929317e-18
7564.765651 2.297573147e-18
7566.080648 2.215207258e-18
7567.395645 2.142845498e-18
7568.710642 2.070488081e-18
7570.025639 2.100528592e-18
7571.340636 2.130611497e-18
7572.655633 2.20955658e-18
7573.97063 2.288522137e-18
7575.285627 2.313834898e-18
7576.600624 2.339125531e-18
7577.915621 2.363698172e-18
7579.230618 2.388270813e-18
7580.545615 2.363890698e-18
7581.860612 2.339490111e-18
7583.175609 2.232202718e-18
7584.490606 2.124880789e-18
7585.805603 2.016315402e-18
7587.1206 1.907749394e-18
7588.435597 1.685577884e-18
7589.750594 1.463358914e-18
7591.065591 1.250888889e-18
7592.380588 1.038422895e-18
7593.695585 9.667012699e-19
7595.010582 8.950385809e-19
7596.325579 1.072163593e-18
7597.640576 1.249392726e-18
7598.955573 1.362725982e-18
7600.27057 1.476032459e-18
7601.585567 1.439147545e-18
7602.900564 1.402199455e-18
7604.215561 1.273093725e-18
7605.530558 1.143949221e-18
7606.845555 1.1798014e-18
7608.160552 1.215722959e-18
7609.475549 1.282041648e-18
7610.790546 1.348373158e-18
7612.105543 1.421009955e-18
7613.42054 1.493649441e-18
7614.735537 1.422474479e-18
7616.050534 1.351239028e-18
7617.365531 1.402428894e-18
7618.680528 1.453670458e-18
7619.995525 1.555044751e-18
7621.310522 1.65644024e-18
7622.625519 1.837834434e-18
7623.940516 2.01926244e-18
7625.255513 1.985844136e-18
7626.57051 1.95233505e-18
7627.885507 1.821900041e-18
7629.200504 1.691424086e-18
7630.515501 1.642637594e-18
7631.830498 1.593885637e-18
7633.145495 1.573271262e-18
7634.460492 1.552668675e-18
7635.775489 1.426910752e-18
7637.090486 1.301108264e-18
7638.405483 1.199757443e-18
7639.72048 1.098416961e-18
7641.035477 1.217095666e-18
7642.350474 1.335867635e-18
7643.665471 1.607127454e-18
7644.980468 1.878451898e-18
7646.295465 2.073458693e-18
7647.610462 2.268433228e-18
7648.925459 2.337385143e-18
7650.240456 2.406283705e-18
7651.555453 2.303160339e-18
7652.87045 2.199963974e-18
7654.185447 1.929951335e-18
7655.500444 1.659867973e-18
7656.815441 1.399569848e-18
7658.130438 1.139275858e-18
7659.445435 1.094918401e-18
7660.760432 1.050652864e-18
7662.075429 1.128073971e-18
7663.390426 1.205546983e-18
7664.705423 1.212625478e-18
7666.02042 1.219673987e-18
7667.335417 1.193160367e-18
7668.650414 1.166632375e-18
7669.965411 1.180007782e-18
7671.280408 1.19340025e-18
7672.595405 1.253497816e-18
7673.910402 1.313615339e-18
7675.225399 1.292391642e-18
7676.540396 1.2711331e-18
7677.855393 1.212089775e-18
7679.17039 1.15303032e-18
7680.485387 1.175395423e-18
7681.800384 1.19779537e-18
7683.115381 1.210367068e-18
7684.430378 1.22293463e-18
7685.745375 1.311688938e-18
7687.060372 1.40047592e-18
7688.375369 1.43596931e-18
7689.690366 1.471439745e-18
7691.005363 1.46723136e-18
7692.32036 1.463005812e-18
7693.635357 1.426512671e-18
7694.950354 1.390005675e-18
7696.265351 1.411608738e-18
7697.580348 1.433236719e-18
7698.895345 1.391394511e-18
7700.210342 1.349525007e-18
7701.525339 1.294650672e-18
7702.840336 1.239770651e-18
7704.155333 1.176268822e-18
7705.47033 1.112763375e-18
7706.785327 1.231806659e-18
7708.100324 1.350928629e-18
7709.415321 1.415693045e-18
7710.730318 1.480434094e-18
7712.045315 1.39323323e-18
7713.360312 1.30596671e-18
7714.675309 1.289087262e-18
7715.990306 1.272238317e-18
7717.305303 1.298728052e-18
7718.6203 1.325236503e-18
7719.935297 1.375670118e-18
7721.250294 1.426114177e-18
7722.565291 1.551025377e-18
7723.880288 1.675968837e-18
7725.195285 1.730105533e-18
7726.510282 1.784211624e-18
7727.825279 1.713016913e-18
7729.140276 1.641767917e-18
7730.455273 1.451030821e-18
7731.77027 1.26024182e-18
7733.085267 1.172184204e-18
7734.400264 1.084171257e-18
7735.715261 1.165636553e-18
7737.030258 1.247175572e-18
7738.345255 1.343431167e-18
7739.660252 1.43969307e-18
7740.975249 1.459104104e-18
7742.290246 1.478481534e-18
7743.605243 1.392001662e-18
7744.92024 1.305475675e-18
7746.235237 1.049972612e-18
7747.550234 7.94395826e-19
7748.865231 8.143578655e-19
7750.180228 8.34440053e-19
7751.495225 1.049328134e-18
7752.810222 1.264301105e-18
7754.125219 1.381904165e-18
7755.440216 1.499464624e-18
7756.755213 1.361565861e-18
7758.07021 1.223555326e-18
7759.385207 1.096077384e-18
7760.700204 9.686040955e-19
7762.015201 1.10965938e-18
7763.330198 1.250832227e-18
7764.645195 1.348197382e-18
7765.960192 1.445543409e-18
7767.275189 1.419919731e-18
7768.590186 1.394242287e-18
7769.905183 1.404271646e-18
7771.22018 1.414316617e-18
7772.535177 1.538034712e-18
7773.850174 1.661802645e-18
7775.165171 1.739312467e-18
7776.480168 1.81680192e-18
7777.795165 1.724437071e-18
7779.110162 1.631997673e-18
7780.425159 1.486282571e-18
7781.740156 1.3405441e-18
7783.055153 1.203609209e-18
7784.37015 1.066678248e-18
7785.685147 1.06148924e-18
7787.000144 1.056358239e-18
7788.315141 1.06756209e-18
7789.630138 1.078773076e-18
7790.945135 1.112597112e-18
7792.260132 1.146431073e-18
7793.575129 1.145334956e-18
7794.890126 1.144223535e-18
7796.205123 1.270847103e-18
7797.52012 1.397527022e-18
7798.835117 1.364889473e-18
7800.150114 1.332181408e-18
7801.465111 1.205196672e-18
7802.780108 1.078170165e-18
7804.095105 9.275731454e-19
7805.410102 7.769657346e-19
7806.725099 8.665997495e-19
7808.040096 9.563401089e-19
7809.355093 1.05411658e-18
7810.67009 1.151896669e-18
7811.985087 1.022038205e-18
7813.300084 8.920787219e-19
7814.615081 9.129845745e-19
7815.930078 9.339574287e-19
7817.245075 9.610620694e-19
7818.560072 9.881696053e-19
7819.875069 1.134866158e-18
7821.190066 1.281615753e-18
7822.505063 1.209589105e-18
7823.82006 1.137465056e-18
7825.135057 1.100778769e-18
7826.450054 1.064108301e-18
7827.765051 1.065471908e-18
7829.080048 1.066852369e-18
7830.395045 1.134457841e-18
7831.710042 1.202092884e-18
7833.025039 1.233373029e-18
7834.340036 1.264637044e-18
7835.655033 1.252171019e-18
7836.97003 1.239685554e-18
7838.285027 1.308975579e-18
7839.600024 1.378302103e-18
7840.915021 1.555834191e-18
7842.230018 1.733414669e-18
7843.545015 1.907904077e-18
7844.860012 2.082392037e-18
7846.175009 2.056786041e-18
7847.490006 2.031090502e-18
7848.805003 1.914756648e-18
7850.12 1.798382055e-18
7851.434997 1.691437838e-18
7852.749994 1.584497861e-18
7854.064991 1.482630155e-18
7855.379988 1.38076462e-18
7856.694985 1.24647526e-18
7858.009982 1.112171217e-18
7859.324979 9.725508844e-19
7860.639976 8.329280702e-19
7861.954973 8.081563373e-19
7863.26997 7.834361998e-19
7864.584967 7.887106653e-19
7865.899964 7.939986242e-19
7867.214961 8.732032875e-19
7868.529958 9.524412965e-19
7869.844955 1.093601943e-18
7871.159952 1.234790506e-18
7872.474949 1.60317167e-18
7873.789946 1.971655094e-18
7875.104943 2.230186051e-18
7876.41994 2.488667585e-18
7877.734937 2.481248809e-18
7879.049934 2.473710298e-18
7880.364931 2.217060763e-18
7881.679928 1.960298938e-18
7882.994925 1.785480933e-18
7884.309922 1.610699944e-18
7885.624919 1.529216243e-18
7886.939916 1.447774832e-18
7888.254913 1.42622719e-18
7889.56991 1.404706743e-18
7890.884907 1.334365371e-18
7892.199904 1.264001873e-18
7893.514901 1.278958229e-18
7894.829898 1.293953256e-18
7896.144895 1.30002228e-18
7897.459892 1.306087271e-18
7898.774889 1.386806864e-18
7900.089886 1.467560372e-18
7901.404883 1.474464848e-18
7902.71988 1.481335927e-18
7904.034877 1.37627365e-18
7905.349874 1.271160707e-18
7906.664871 1.10149945e-18
7907.979868 9.318089305e-19
7909.294865 8.00476534e-19
7910.609862 6.691615601e-19
7911.924859 7.502360652e-19
7913.239856 8.314070919e-19
7914.554853 1.07647796e-18
7915.86985 1.321623481e-18
7917.184847 1.542193569e-18
7918.499844 1.762752491e-18
7919.814841 1.863407757e-18
7921.129838 1.964008222e-18
7922.444835 1.88063855e-18
7923.759832 1.797185125e-18
7925.074829 1.695738764e-18
7926.389826 1.594284338e-18
7927.704823 1.571120592e-18
7929.01982 1.547992519e-18
7930.334817 1.474326192e-18
7931.649814 1.400636704e-18
7932.964811 1.289326834e-18
7934.279808 1.177999904e-18
7935.594805 1.033283829e-18
7936.909802 8.885525543e-19
7938.224799 8.487188447e-19
7939.539796 8.08933215e-19
7940.854793 9.807662354e-19
7942.16979 1.152696243e-18
7943.484787 1.347464707e-18
7944.799784 1.542243717e-18
7946.114781 1.645586183e-18
7947.429778 1.748886669e-18
7948.744775 1.666852686e-18
7950.059772 1.584733711e-18
7951.374769 1.351221761e-18
7952.689766 1.117640225e-18
7954.004763 9.740855112e-19
7955.31976 8.305720531e-19
7956.634757 8.697742102e-19
7957.949754 9.090603263e-19
7959.264751 1.206288447e-18
7960.579748 1.503635166e-18
7961.894745 1.892997248e-18
7963.209742 2.282401621e-18
7964.524739 2.390315397e-18
7965.839736 2.498099305e-18
7967.154733 2.315293837e-18
7968.46973 2.132354366e-18
7969.784727 1.876526014e-18
7971.099724 1.620664058e-18
7972.414721 1.339090434e-18
7973.729718 1.057505022e-18
7975.044715 9.263094202e-19
7976.359712 7.951832502e-19
7977.674709 7.146839975e-19
7978.989706 6.342081127e-19
7980.304703 6.351143925e-19
7981.6197 6.360583607e-19
7982.934697 6.9991567e-19
7984.249694 7.638021374e-19
7985.564691 9.787353002e-19
7986.879688 1.193738463e-18
7988.194685 1.5339868e-18
7989.509682 1.874293247e-18
7990.824679 1.968380906e-18
7992.139676 2.062354414e-18
7993.454673 1.922777818e-18
7994.76967 1.783092862e-18
7996.084667 1.594437573e-18
7997.399664 1.40575964e-18
7998.714661 1.377093282e-18
8000.029658 1.348501267e-18
8001.344655 1.297244297e-18
8002.659652 1.245976883e-18
8003.974649 1.229506683e-18
8005.289646 1.213052613e-18
8006.604643 1.310497178e-18
8007.91964 1.407994579e-18
8009.234637 1.451451236e-18
8010.549634 1.494882768e-18
8011.864631 1.37693953e-18
8013.179628 1.258921019e-18
8014.494625 1.152068826e-18
8015.809622 1.045221803e-18
8017.124619 1.139072164e-18
8018.439616 1.233016204e-18
8019.754613 1.423121231e-18
8021.06961 1.613271235e-18
8022.384607 1.762298989e-18
8023.699604 1.911307305e-18
8025.014601 1.81930807e-18
8026.329598 1.727196029e-18
8027.644595 1.427256306e-18
8028.959592 1.12721939e-18
8030.274589 9.065628612e-19
8031.589586 6.859436072e-19
8032.904583 7.746980706e-19
8034.21958 8.635974458e-19
8035.534577 1.174670709e-18
8036.849574 1.485848094e-18
8038.164571 1.611874437e-18
8039.479568 1.737813823e-18
8040.794565 1.70933844e-18
8042.109562 1.680790369e-18
8043.424559 1.659041723e-18
8044.739556 1.637296179e-18
8046.054553 1.563997947e-18
8047.36955 1.490675417e-18
8048.684547 1.356863443e-18
8049.999544 1.223022932e-18
