phase 303
delta 0.95 0.01
ebv 0
Rv 3.1
redshift 0.000
flux_scale 1e16
resolution 2
vSi 10.00 0.10
3812.77 2.157e-18
3814.83 2.434e-18
3816.89 -2.839e-18
3818.95 3.392e-18
3821.01 1.096e-18
3823.07 6.518e-18
3825.13 7.456e-18
3827.19 1.029e-17
3829.25 3.350e-18
3831.31 7.994e-18
3833.37 7.207e-18
3835.43 4.255e-18
3837.49 9.462e-18
3839.55 6.044e-18
3841.61 5.772e-18
3843.67 5.318e-18
3845.73 8.689e-18
3847.80 4.884e-18
3849.86 8.308e-18
3851.92 6.676e-18
3853.98 -5.151e-18
3856.04 7.120e-19
3858.10 4.155e-18
3860.16 1.659e-18
3862.22 2.071e-18
3864.28 4.718e-20
3866.34 4.860e-18
3868.40 1.467e-19
3870.46 -6.730e-19
3872.52 2.526e-18
3874.58 1.784e-18
3876.64 7.337e-18
3878.70 5.384e-18
3880.76 6.026e-18
3882.82 4.310e-18
3884.88 3.194e-18
3886.94 8.223e-18
3889.01 3.214e-18
3891.07 1.295e-17
3893.13 1.995e-17
3895.19 1.696e-17
3897.25 1.799e-17
3899.31 1.769e-17
3901.37 2.120e-17
3903.43 2.358e-17
3905.49 1.500e-17
3907.55 8.827e-18
3909.61 1.385e-17
3911.67 1.568e-17
3913.73 1.104e-17
3915.79 1.902e-17
3917.85 1.810e-17
3919.91 1.513e-17
3921.97 1.464e-17
3924.03 1.389e-17
3926.09 1.367e-17
3928.16 8.961e-18
3930.22 7.177e-18
3932.28 9.626e-18
3934.34 1.611e-17
3936.40 1.298e-17
3938.46 1.878e-17
3940.52 1.611e-17
3942.58 1.477e-17
3944.64 1.287e-17
3946.70 1.394e-17
3948.76 9.639e-18
3950.82 1.267e-17
3952.88 1.653e-17
3954.94 1.808e-17
3957.00 2.149e-17
3959.06 1.712e-17
3961.12 1.750e-17
3963.18 1.717e-17
3965.24 1.426e-17
3967.30 1.455e-17
3969.37 1.673e-17
3971.43 1.400e-17
3973.49 1.090e-17
3975.55 1.345e-17
3977.61 1.316e-17
3979.67 1.339e-17
3981.73 1.509e-17
3983.79 2.276e-17
3985.85 2.487e-17
3987.91 1.568e-17
3989.97 1.179e-17
3992.03 8.165e-18
3994.09 1.496e-17
3996.15 7.845e-18
3998.21 6.787e-18
4000.27 1.022e-17
4002.33 1.320e-17
4004.39 1.561e-17
4006.45 1.895e-17
4008.52 1.651e-17
4010.58 2.025e-17
4012.64 2.685e-17
4014.70 1.494e-17
4016.76 1.360e-17
4018.82 1.898e-17
4020.88 1.997e-17
4022.94 1.717e-17
4025.00 1.592e-17
4027.06 1.752e-17
4029.12 2.021e-17
4031.18 1.917e-17
4033.24 1.830e-17
4035.30 1.953e-17
4037.36 2.211e-17
4039.42 1.963e-17
4041.48 2.070e-17
4043.54 1.746e-17
4045.60 1.789e-17
4047.66 1.649e-17
4049.73 1.619e-17
4051.79 1.495e-17
4053.85 1.791e-17
4055.91 2.028e-17
4057.97 1.156e-17
4060.03 1.579e-17
4062.09 2.017e-17
4064.15 1.628e-17
4066.21 1.322e-17
4068.27 1.156e-17
4070.33 1.506e-17
4072.39 1.498e-17
4074.45 1.190e-17
4076.51 1.442e-17
4078.57 1.603e-17
4080.63 9.377e-18
4082.69 9.584e-18
4084.75 1.017e-17
4086.81 1.075e-17
4088.88 1.147e-17
4090.94 1.138e-17
4093.00 1.240e-17
4095.06 1.062e-17
4097.12 8.532e-18
4099.18 8.070e-18
4101.24 8.873e-18
4103.30 1.040e-17
4105.36 1.125e-17
4107.42 1.290e-17
4109.48 1.150e-17
4111.54 1.104e-17
4113.60 1.173e-17
4115.66 1.044e-17
4117.72 9.509e-18
4119.78 1.143e-17
4121.84 1.190e-17
4123.90 1.169e-17
4125.96 1.301e-17
4128.02 1.507e-17
4130.09 1.072e-17
4132.15 1.122e-17
4134.21 1.355e-17
4136.27 1.226e-17
4138.33 1.711e-17
4140.39 2.035e-17
4142.45 1.549e-17
4144.51 1.514e-17
4146.57 1.622e-17
4148.63 1.770e-17
4150.69 1.632e-17
4152.75 1.763e-17
4154.81 1.647e-17
4156.87 1.641e-17
4158.93 2.001e-17
4160.99 2.101e-17
4163.05 2.241e-17
4165.11 2.467e-17
4167.17 2.337e-17
4169.24 2.434e-17
4171.30 2.239e-17
4173.36 2.381e-17
4175.42 2.448e-17
4177.48 2.656e-17
4179.54 2.470e-17
4181.60 3.076e-17
4183.66 3.135e-17
4185.72 2.732e-17
4187.78 2.648e-17
4189.84 2.591e-17
4191.90 2.952e-17
4193.96 2.919e-17
4196.02 2.947e-17
4198.08 3.146e-17
4200.14 2.915e-17
4202.20 3.074e-17
4204.26 3.607e-17
4206.32 3.605e-17
4208.38 3.663e-17
4210.45 3.419e-17
4212.51 3.530e-17
4214.57 3.670e-17
4216.63 3.622e-17
4218.69 3.504e-17
4220.75 3.881e-17
4222.81 3.792e-17
4224.87 3.930e-17
4226.93 4.111e-17
4228.99 4.119e-17
4231.05 4.100e-17
4233.11 3.845e-17
4235.17 3.941e-17
4237.23 4.330e-17
4239.29 4.337e-17
4241.35 4.330e-17
4243.41 4.255e-17
4245.47 3.996e-17
4247.53 4.201e-17
4249.60 4.214e-17
4251.66 4.024e-17
4253.72 4.202e-17
4255.78 4.376e-17
4257.84 4.584e-17
4259.90 4.817e-17
4261.96 4.425e-17
4264.02 4.108e-17
4266.08 4.459e-17
4268.14 4.297e-17
4270.20 4.688e-17
4272.26 4.522e-17
4274.32 4.802e-17
4276.38 4.597e-17
4278.44 4.433e-17
4280.50 4.334e-17
4282.56 4.690e-17
4284.62 4.786e-17
4286.68 4.737e-17
4288.74 4.591e-17
4290.81 4.588e-17
4292.87 4.570e-17
4294.93 4.500e-17
4296.99 4.598e-17
4299.05 4.506e-17
4301.11 4.690e-17
4303.17 4.989e-17
4305.23 4.759e-17
4307.29 4.469e-17
4309.35 4.470e-17
4311.41 4.775e-17
4313.47 4.759e-17
4315.53 4.817e-17
4317.59 5.057e-17
4319.65 5.115e-17
4321.71 4.620e-17
4323.77 4.619e-17
4325.83 4.529e-17
4327.89 4.623e-17
4329.96 4.769e-17
4332.02 4.842e-17
4334.08 4.916e-17
4336.14 5.143e-17
4338.20 4.893e-17
4340.26 4.750e-17
4342.32 4.849e-17
4344.38 5.057e-17
4346.44 5.243e-17
4348.50 4.993e-17
4350.56 4.883e-17
4352.62 4.929e-17
4354.68 5.081e-17
4356.74 4.872e-17
4358.80 4.907e-17
4360.86 5.439e-17
4362.92 5.066e-17
4364.98 4.947e-17
4367.04 4.916e-17
4369.10 4.955e-17
4371.17 5.162e-17
4373.23 4.994e-17
4375.29 5.008e-17
4377.35 5.186e-17
4379.41 4.895e-17
4381.47 4.921e-17
4383.53 5.061e-17
4385.59 4.976e-17
4387.65 4.888e-17
4389.71 4.960e-17
4391.77 5.226e-17
4393.83 5.074e-17
4395.89 5.188e-17
4397.95 4.897e-17
4400.01 4.614e-17
4402.07 4.574e-17
4404.13 4.768e-17
4406.19 4.745e-17
4408.25 4.555e-17
4410.32 4.324e-17
4412.38 4.505e-17
4414.44 4.341e-17
4416.50 4.395e-17
4418.56 4.307e-17
4420.62 4.116e-17
4422.68 4.179e-17
4424.74 4.018e-17
4426.80 3.902e-17
4428.86 3.772e-17
4430.92 3.867e-17
4432.98 3.921e-17
4435.04 3.933e-17
4437.10 3.926e-17
4439.16 3.888e-17
4441.22 3.639e-17
4443.28 3.758e-17
4445.34 3.752e-17
4447.40 3.773e-17
4449.46 3.838e-17
4451.53 3.575e-17
4453.59 3.624e-17
4455.65 3.714e-17
4457.71 3.676e-17
4459.77 3.607e-17
4461.83 3.685e-17
4463.89 3.464e-17
4465.95 3.477e-17
4468.01 3.571e-17
4470.07 3.576e-17
4472.13 3.616e-17
4474.19 3.525e-17
4476.25 3.453e-17
4478.31 3.614e-17
4480.37 3.742e-17
4482.43 3.695e-17
4484.49 3.496e-17
4486.55 3.560e-17
4488.61 3.534e-17
4490.68 3.307e-17
4492.74 3.186e-17
4494.80 3.199e-17
4496.86 3.490e-17
4498.92 3.333e-17
4500.98 3.291e-17
4503.04 3.097e-17
4505.10 3.237e-17
4507.16 3.352e-17
4509.22 3.381e-17
4511.28 3.446e-17
4513.34 3.567e-17
4515.40 3.319e-17
4517.46 3.134e-17
4519.52 3.349e-17
4521.58 3.494e-17
4523.64 3.669e-17
4525.70 3.559e-17
4527.76 3.512e-17
4529.82 3.597e-17
4531.89 3.804e-17
4533.95 4.021e-17
4536.01 4.115e-17
4538.07 4.138e-17
4540.13 4.265e-17
4542.19 4.300e-17
4544.25 4.611e-17
4546.31 4.640e-17
4548.37 4.578e-17
4550.43 4.914e-17
4552.49 5.035e-17
4554.55 5.100e-17
4556.61 5.331e-17
4558.67 5.401e-17
4560.73 5.504e-17
4562.79 5.553e-17
4564.85 5.693e-17
4566.91 5.892e-17
4568.97 5.827e-17
4571.04 5.968e-17
4573.10 6.189e-17
4575.16 6.212e-17
4577.22 6.234e-17
4579.28 6.636e-17
4581.34 6.948e-17
4583.40 7.179e-17
4585.46 7.306e-17
4587.52 6.895e-17
4589.58 7.008e-17
4591.64 7.435e-17
4593.70 7.610e-17
4595.76 7.514e-17
4597.82 7.835e-17
4599.88 8.297e-17
4601.94 8.115e-17
4604.00 8.144e-17
4606.06 8.456e-17
4608.12 8.608e-17
4610.18 8.526e-17
4612.25 8.779e-17
4614.31 8.895e-17
4616.37 9.261e-17
4618.43 9.478e-17
4620.49 9.469e-17
4622.55 9.651e-17
4624.61 9.768e-17
4626.67 9.906e-17
4628.73 9.865e-17
4630.79 9.981e-17
4632.85 1.033e-16
4634.91 1.056e-16
4636.97 1.049e-16
4639.03 1.052e-16
4641.09 1.104e-16
4643.15 1.100e-16
4645.21 1.088e-16
4647.27 1.112e-16
4649.33 1.110e-16
4651.40 1.130e-16
4653.46 1.161e-16
4655.52 1.168e-16
4657.58 1.170e-16
4659.64 1.163e-16
4661.70 1.192e-16
4663.76 1.191e-16
4665.82 1.185e-16
4667.88 1.212e-16
4669.94 1.219e-16
4672.00 1.244e-16
4674.06 1.264e-16
4676.12 1.221e-16
4678.18 1.209e-16
4680.24 1.275e-16
4682.30 1.268e-16
4684.36 1.232e-16
4686.42 1.246e-16
4688.48 1.270e-16
4690.54 1.282e-16
4692.61 1.269e-16
4694.67 1.299e-16
4696.73 1.276e-16
4698.79 1.262e-16
4700.85 1.286e-16
4702.91 1.266e-16
4704.97 1.242e-16
4707.03 1.264e-16
4709.09 1.269e-16
4711.15 1.239e-16
4713.21 1.264e-16
4715.27 1.248e-16
4717.33 1.252e-16
4719.39 1.257e-16
4721.45 1.249e-16
4723.51 1.230e-16
4725.57 1.212e-16
4727.63 1.206e-16
4729.69 1.185e-16
4731.76 1.191e-16
4733.82 1.180e-16
4735.88 1.160e-16
4737.94 1.129e-16
4740.00 1.144e-16
4742.06 1.113e-16
4744.12 1.092e-16
4746.18 1.091e-16
4748.24 1.079e-16
4750.30 1.073e-16
4752.36 1.084e-16
4754.42 1.054e-16
4756.48 1.043e-16
4758.54 1.012e-16
4760.60 1.003e-16
4762.66 1.001e-16
4764.72 9.794e-17
4766.78 9.525e-17
4768.84 9.314e-17
4770.90 9.209e-17
4772.97 9.206e-17
4775.03 9.214e-17
4777.09 9.022e-17
4779.15 8.676e-17
4781.21 8.508e-17
4783.27 8.081e-17
4785.33 8.077e-17
4787.39 8.290e-17
4789.45 8.328e-17
4791.51 7.884e-17
4793.57 7.680e-17
4795.63 7.575e-17
4797.69 7.638e-17
4799.75 7.490e-17
4801.81 7.221e-17
4803.87 7.229e-17
4805.93 6.963e-17
4807.99 6.951e-17
4810.05 6.829e-17
4812.12 6.618e-17
4814.18 6.720e-17
4816.24 6.476e-17
4818.30 6.401e-17
4820.36 6.358e-17
4822.42 6.356e-17
4824.48 6.186e-17
4826.54 5.926e-17
4828.60 5.789e-17
4830.66 5.713e-17
4832.72 5.617e-17
4834.78 5.642e-17
4836.84 5.433e-17
4838.90 5.382e-17
4840.96 5.240e-17
4843.02 5.134e-17
4845.08 5.255e-17
4847.14 5.294e-17
4849.20 4.928e-17
4851.26 4.902e-17
4853.33 5.133e-17
4855.39 5.151e-17
4857.45 4.935e-17
4859.51 4.844e-17
4861.57 4.909e-17
4863.63 4.626e-17
4865.69 4.518e-17
4867.75 4.864e-17
4869.81 4.912e-17
4871.87 4.648e-17
4873.93 4.679e-17
4875.99 5.079e-17
4878.05 4.583e-17
4880.11 4.535e-17
4882.17 4.764e-17
4884.23 4.873e-17
4886.29 4.889e-17
4888.35 4.786e-17
4890.41 4.762e-17
4892.48 4.938e-17
4894.54 4.895e-17
4896.60 4.697e-17
4898.66 4.724e-17
4900.72 4.849e-17
4902.78 4.631e-17
4904.84 4.733e-17
4906.90 4.845e-17
4908.96 4.688e-17
4911.02 4.571e-17
4913.08 4.535e-17
4915.14 4.879e-17
4917.20 4.951e-17
4919.26 4.905e-17
4921.32 4.769e-17
4923.38 4.894e-17
4925.44 4.980e-17
4927.50 4.863e-17
4929.56 4.725e-17
4931.62 4.758e-17
4933.69 4.862e-17
4935.75 4.698e-17
4937.81 4.929e-17
4939.87 5.072e-17
4941.93 4.808e-17
4943.99 4.726e-17
4946.05 4.597e-17
4948.11 4.688e-17
4950.17 5.056e-17
4952.23 4.912e-17
4954.29 5.027e-17
4956.35 5.023e-17
4958.41 4.695e-17
4960.47 4.829e-17
4962.53 4.935e-17
4964.59 5.013e-17
4966.65 4.915e-17
4968.71 4.775e-17
4970.77 4.972e-17
4972.84 4.990e-17
4974.90 4.962e-17
4976.96 4.940e-17
4979.02 4.994e-17
4981.08 4.981e-17
4983.14 4.916e-17
4985.20 4.821e-17
4987.26 4.790e-17
4989.32 4.753e-17
4991.38 4.862e-17
4993.44 4.772e-17
4995.50 4.763e-17
4997.56 4.588e-17
4999.62 4.543e-17
5001.68 4.666e-17
5003.74 4.641e-17
5005.80 4.618e-17
5007.86 4.548e-17
5009.92 4.348e-17
5011.98 4.471e-17
5014.05 4.530e-17
5016.11 4.451e-17
5018.17 4.437e-17
5020.23 4.317e-17
5022.29 4.057e-17
5024.35 4.048e-17
5026.41 4.212e-17
5028.47 4.341e-17
5030.53 4.203e-17
5032.59 4.152e-17
5034.65 4.238e-17
5036.71 4.283e-17
5038.77 4.012e-17
5040.83 3.962e-17
5042.89 4.042e-17
5044.95 3.873e-17
5047.01 3.799e-17
5049.07 3.897e-17
5051.13 3.852e-17
5053.20 3.728e-17
5055.26 3.775e-17
5057.32 3.663e-17
5059.38 3.587e-17
5061.44 3.664e-17
5063.50 3.745e-17
5065.56 3.659e-17
5067.62 3.627e-17
5069.68 3.734e-17
5071.74 3.728e-17
5073.80 3.571e-17
5075.86 3.638e-17
5077.92 3.717e-17
5079.98 3.825e-17
5082.04 3.877e-17
5084.10 3.786e-17
5086.16 3.735e-17
5088.22 3.903e-17
5090.28 3.854e-17
5092.34 3.807e-17
5094.41 3.832e-17
5096.47 3.775e-17
5098.53 3.697e-17
5100.59 3.686e-17
5102.65 3.846e-17
5104.71 3.986e-17
5106.77 3.704e-17
5108.83 3.683e-17
5110.89 3.850e-17
5112.95 3.818e-17
5115.01 3.903e-17
5117.07 3.958e-17
5119.13 3.912e-17
5121.19 4.060e-17
5123.25 4.198e-17
5125.31 4.059e-17
5127.37 4.243e-17
5129.43 4.419e-17
5131.49 4.396e-17
5133.56 4.564e-17
5135.62 4.688e-17
5137.68 4.724e-17
5139.74 4.802e-17
5141.80 4.919e-17
5143.86 5.119e-17
5145.92 5.187e-17
5147.98 5.180e-17
5150.04 5.366e-17
5152.10 5.516e-17
5154.16 5.505e-17
5156.22 5.386e-17
5158.28 5.605e-17
5160.34 5.663e-17
5162.40 5.684e-17
5164.46 5.934e-17
5166.52 5.995e-17
5168.58 5.899e-17
5170.64 6.015e-17
5172.70 6.208e-17
5174.77 6.246e-17
5176.83 6.053e-17
5178.89 6.051e-17
5180.95 6.293e-17
5183.01 6.274e-17
5185.07 6.301e-17
5187.13 6.411e-17
5189.19 6.520e-17
5191.25 6.633e-17
5193.31 6.753e-17
5195.37 6.947e-17
5197.43 7.101e-17
5199.49 6.993e-17
5201.55 6.869e-17
5203.61 7.055e-17
5205.67 7.156e-17
5207.73 7.130e-17
5209.79 7.136e-17
5211.85 7.218e-17
5213.92 7.456e-17
5215.98 7.426e-17
5218.04 7.289e-17
5220.10 7.273e-17
5222.16 7.125e-17
5224.22 7.195e-17
5226.28 7.459e-17
5228.34 7.436e-17
5230.40 7.500e-17
5232.46 7.286e-17
5234.52 7.407e-17
5236.58 7.451e-17
5238.64 7.215e-17
5240.70 7.298e-17
5242.76 7.416e-17
5244.82 7.411e-17
5246.88 7.236e-17
5248.94 7.213e-17
5251.00 7.368e-17
5253.06 7.382e-17
5255.13 7.247e-17
5257.19 7.103e-17
5259.25 7.124e-17
5261.31 7.285e-17
5263.37 7.094e-17
5265.43 6.973e-17
5267.49 7.046e-17
5269.55 6.868e-17
5271.61 6.842e-17
5273.67 6.862e-17
5275.73 6.928e-17
5277.79 6.875e-17
5279.85 6.804e-17
5281.91 6.692e-17
5283.97 6.940e-17
5286.03 6.722e-17
5288.09 6.682e-17
5290.15 6.685e-17
5292.21 6.744e-17
5294.28 6.438e-17
5296.34 6.494e-17
5298.40 6.483e-17
5300.46 6.421e-17
5302.52 6.365e-17
5304.58 6.247e-17
5306.64 6.090e-17
5308.70 6.183e-17
5310.76 6.247e-17
5312.82 6.076e-17
5314.88 6.043e-17
5316.94 5.959e-17
5319.00 5.784e-17
5321.06 5.821e-17
5323.12 5.893e-17
5325.18 5.682e-17
5327.24 5.612e-17
5329.30 5.545e-17
5331.36 5.278e-17
5333.42 5.344e-17
5335.49 5.486e-17
5337.55 5.236e-17
5339.61 5.183e-17
5341.67 5.176e-17
5343.73 4.925e-17
5345.79 4.925e-17
5347.85 4.826e-17
5349.91 4.610e-17
5351.97 4.631e-17
5354.03 4.705e-17
5356.09 4.501e-17
5358.15 4.271e-17
5360.21 4.303e-17
5362.27 4.286e-17
5364.33 4.138e-17
5366.39 3.988e-17
5368.45 3.882e-17
5370.51 3.825e-17
5372.57 3.848e-17
5374.64 3.759e-17
5376.70 3.534e-17
5378.76 3.588e-17
5380.82 3.599e-17
5382.88 3.352e-17
5384.94 3.316e-17
5387.00 3.313e-17
5389.06 3.211e-17
5391.12 3.212e-17
5393.18 3.102e-17
5395.24 2.993e-17
5397.30 3.006e-17
5399.36 2.811e-17
5401.42 2.780e-17
5403.48 2.726e-17
5405.54 2.666e-17
5407.60 2.500e-17
5409.66 2.524e-17
5411.72 2.551e-17
5413.78 2.548e-17
5415.85 2.510e-17
5417.91 2.482e-17
5419.97 2.373e-17
5422.03 2.311e-17
5424.09 2.145e-17
5426.15 2.119e-17
5428.21 2.212e-17
5430.27 2.179e-17
5432.33 2.200e-17
5434.39 2.251e-17
5436.45 2.251e-17
5438.51 2.088e-17
5440.57 2.048e-17
5442.63 2.055e-17
5444.69 1.979e-17
5446.75 2.010e-17
5448.81 2.051e-17
5450.87 2.012e-17
5452.93 1.971e-17
5455.00 1.971e-17
5457.06 1.895e-17
5459.12 1.815e-17
5461.18 1.909e-17
5463.24 1.946e-17
5465.30 1.876e-17
5467.36 1.811e-17
5469.42 1.798e-17
5471.48 1.846e-17
5473.54 1.878e-17
5475.60 1.822e-17
5477.66 1.798e-17
5479.72 1.878e-17
5481.78 1.851e-17
5483.84 1.714e-17
5485.90 1.687e-17
5487.96 1.728e-17
5490.02 1.676e-17
5492.08 1.700e-17
5494.14 1.682e-17
5496.21 1.560e-17
5498.27 1.564e-17
5500.33 1.537e-17
5502.39 1.635e-17
5504.45 1.674e-17
5506.51 1.610e-17
5508.57 1.504e-17
5510.63 1.478e-17
5512.69 1.440e-17
5514.75 1.456e-17
5516.81 1.417e-17
5518.87 1.334e-17
5520.93 1.343e-17
5522.99 1.404e-17
5525.05 1.389e-17
5527.11 1.318e-17
5529.17 1.413e-17
5531.23 1.424e-17
5533.29 1.257e-17
5535.36 1.130e-17
5537.42 1.127e-17
5539.48 1.197e-17
5541.54 1.273e-17
5543.60 1.240e-17
5545.66 8.037e-18
5547.72 3.444e-18
5549.78 9.087e-18
5551.84 1.104e-17
5553.90 1.483e-17
5555.96 1.361e-17
5558.02 9.728e-18
5560.08 9.447e-18
5562.14 9.972e-18
5564.20 9.103e-18
5566.26 1.077e-17
5568.32 1.184e-17
5570.38 1.127e-17
5572.44 9.705e-18
5574.50 8.960e-18
5576.57 9.482e-18
5578.63 9.558e-18
5580.69 8.981e-18
5582.75 8.519e-18
5584.81 8.962e-18
5586.87 8.640e-18
5588.93 7.490e-18
5590.99 7.404e-18
5593.05 7.933e-18
5595.11 8.035e-18
5597.17 6.540e-18
5599.23 7.291e-18
5601.29 7.738e-18
5603.35 6.868e-18
5605.41 7.461e-18
5607.47 7.760e-18
5609.53 7.568e-18
5611.59 7.571e-18
5613.65 6.883e-18
5615.72 6.417e-18
5617.78 5.992e-18
5619.84 6.033e-18
5621.90 6.103e-18
5623.96 5.360e-18
5626.02 5.681e-18
5628.08 7.009e-18
5630.14 7.044e-18
5632.20 7.074e-18
5634.26 7.178e-18
5636.32 5.747e-18
5638.38 5.235e-18
5640.44 5.370e-18
5642.50 4.533e-18
5644.56 4.320e-18
5646.62 4.831e-18
5648.68 5.101e-18
5650.74 5.662e-18
5652.80 4.563e-18
5654.86 3.107e-18
5656.93 3.903e-18
5658.99 4.958e-18
5661.05 5.219e-18
5663.11 4.600e-18
5665.17 4.029e-18
5667.23 4.144e-18
5669.29 3.681e-18
5671.35 3.641e-18
5673.41 3.628e-18
5675.47 3.644e-18
5677.53 3.938e-18
5679.59 3.334e-18
5681.65 3.373e-18
5683.71 3.461e-18
5685.77 2.577e-18
5687.83 3.477e-18
5689.89 4.433e-18
5691.95 3.810e-18
5694.01 3.706e-18
5696.08 4.546e-18
5698.14 3.996e-18
5700.20 2.451e-18
5702.26 2.954e-18
5704.32 3.806e-18
5706.38 4.326e-18
5708.44 4.781e-18
5710.50 4.375e-18
5712.56 4.175e-18
5714.62 4.356e-18
5716.68 3.932e-18
5718.74 3.934e-18
5720.80 4.652e-18
5722.86 4.964e-18
5724.92 5.294e-18
5726.98 5.588e-18
5729.04 4.676e-18
5731.10 3.864e-18
5733.16 4.676e-18
5735.22 4.541e-18
5737.29 4.792e-18
5739.35 5.165e-18
5741.41 5.872e-18
5743.47 6.360e-18
5745.53 6.484e-18
5747.59 6.202e-18
5749.65 5.615e-18
5751.71 5.774e-18
5753.77 6.201e-18
5755.83 5.895e-18
5757.89 6.175e-18
5759.95 6.571e-18
5762.01 6.105e-18
5764.07 6.284e-18
5766.13 6.446e-18
5768.19 6.463e-18
5770.25 7.409e-18
5772.31 7.492e-18
5774.37 7.091e-18
5776.44 6.463e-18
5778.50 7.580e-18
5780.56 7.175e-18
5782.62 8.292e-18
5784.68 8.512e-18
5786.74 7.390e-18
5788.80 7.655e-18
5790.86 8.039e-18
5792.92 7.977e-18
5794.98 8.170e-18
5797.04 7.870e-18
5799.10 8.208e-18
5801.16 9.486e-18
5803.22 9.876e-18
5805.28 9.317e-18
5807.34 8.665e-18
5809.40 9.868e-18
5811.46 8.849e-18
5813.52 9.846e-18
5815.58 1.038e-17
5817.65 1.008e-17
5819.71 1.050e-17
5821.77 9.779e-18
5823.83 1.056e-17
5825.89 1.117e-17
5827.95 1.096e-17
5830.01 1.068e-17
5832.07 1.050e-17
5834.13 1.070e-17
5836.19 1.029e-17
5838.25 1.057e-17
5840.31 1.223e-17
5842.37 1.241e-17
5844.43 1.142e-17
5846.49 1.013e-17
5848.55 1.113e-17
5850.61 1.324e-17
5852.67 1.194e-17
5854.73 1.072e-17
5856.80 1.009e-17
5858.86 1.004e-17
5860.92 1.087e-17
5862.98 1.091e-17
5865.04 9.936e-18
5867.10 9.388e-18
5869.16 1.101e-17
5871.22 1.314e-17
5873.28 1.294e-17
5875.34 1.271e-17
5877.40 1.289e-17
5879.46 1.308e-17
5881.52 1.287e-17
5883.58 1.274e-17
5885.64 1.230e-17
5887.70 1.221e-17
5889.76 1.093e-17
5891.82 1.008e-17
5893.88 1.044e-17
5895.94 1.101e-17
5898.01 1.224e-17
5900.07 1.253e-17
5902.13 1.096e-17
5904.19 9.979e-18
5906.25 1.071e-17
5908.31 1.105e-17
5910.37 9.921e-18
5912.43 1.133e-17
5914.49 1.036e-17
5916.55 1.048e-17
5918.61 1.034e-17
5920.67 8.826e-18
5922.73 9.757e-18
5924.79 1.140e-17
5926.85 1.092e-17
5928.91 1.028e-17
5930.97 1.100e-17
5933.03 1.054e-17
5935.09 9.891e-18
5937.16 1.128e-17
5939.22 1.108e-17
5941.28 9.957e-18
5943.34 1.037e-17
5945.40 1.059e-17
5947.46 1.022e-17
5949.52 1.076e-17
5951.58 9.287e-18
5953.64 8.240e-18
5955.70 9.795e-18
5957.76 1.033e-17
5959.82 9.391e-18
5961.88 8.913e-18
5963.94 8.792e-18
5966.00 8.228e-18
5968.06 7.738e-18
5970.12 8.355e-18
5972.18 8.456e-18
5974.24 7.755e-18
5976.30 7.448e-18
5978.37 8.197e-18
5980.43 8.152e-18
5982.49 7.540e-18
5984.55 6.937e-18
5986.61 7.253e-18
5988.67 8.304e-18
5990.73 7.592e-18
5992.79 6.894e-18
5994.85 7.049e-18
5996.91 6.480e-18
5998.97 6.720e-18
6001.03 6.628e-18
6003.09 7.069e-18
6005.15 6.944e-18
6007.21 5.904e-18
6009.27 6.458e-18
6011.33 6.197e-18
6013.39 6.512e-18
6015.45 6.530e-18
6017.52 6.013e-18
6019.58 5.590e-18
6021.64 5.695e-18
6023.70 6.683e-18
6025.76 7.154e-18
6027.82 6.841e-18
6029.88 6.779e-18
6031.94 5.954e-18
6034.00 5.255e-18
6036.06 5.098e-18
6038.12 6.215e-18
6040.18 5.834e-18
6042.24 4.680e-18
6044.30 4.979e-18
6046.36 5.883e-18
6048.42 6.396e-18
6050.48 6.445e-18
6052.54 6.040e-18
6054.60 5.712e-18
6056.66 5.577e-18
6058.73 5.677e-18
6060.79 6.585e-18
6062.85 6.836e-18
6064.91 5.264e-18
6066.97 5.133e-18
6069.03 5.355e-18
6071.09 4.042e-18
6073.15 4.279e-18
6075.21 5.177e-18
6077.27 5.016e-18
6079.33 5.375e-18
6081.39 6.423e-18
6083.45 7.016e-18
6085.51 6.682e-18
6087.57 6.125e-18
6089.63 5.939e-18
6091.69 5.870e-18
6093.75 6.235e-18
6095.81 6.302e-18
6097.88 5.776e-18
6099.94 5.857e-18
6102.00 5.860e-18
6104.06 5.584e-18
6106.12 6.289e-18
6108.18 7.048e-18
6110.24 6.782e-18
6112.30 6.612e-18
6114.36 6.594e-18
6116.42 6.833e-18
6118.48 6.817e-18
6120.54 5.966e-18
6122.60 6.134e-18
6124.66 6.779e-18
6126.72 6.929e-18
6128.78 6.737e-18
6130.84 6.734e-18
6132.90 6.800e-18
6134.96 6.114e-18
6137.02 5.535e-18
6139.09 6.072e-18
6141.15 6.119e-18
6143.21 6.373e-18
6145.27 6.019e-18
6147.33 5.806e-18
6149.39 5.766e-18
6151.45 6.253e-18
6153.51 6.279e-18
6155.57 5.920e-18
6157.63 6.381e-18
6159.69 6.897e-18
6161.75 6.646e-18
6163.81 6.594e-18
6165.87 6.976e-18
6167.93 6.817e-18
6169.99 5.740e-18
6172.05 6.286e-18
6174.11 6.953e-18
6176.17 6.646e-18
6178.24 6.560e-18
6180.30 6.590e-18
6182.36 6.085e-18
6184.42 5.523e-18
6186.48 5.400e-18
6188.54 5.472e-18
6190.60 5.634e-18
6192.66 5.670e-18
6194.72 4.978e-18
6196.78 6.425e-18
6198.84 5.857e-18
6200.90 5.255e-18
6202.96 5.993e-18
6205.02 7.606e-18
6207.08 7.623e-18
6209.14 7.240e-18
6211.20 7.459e-18
6213.26 5.477e-18
6215.32 5.411e-18
6217.38 6.449e-18
6219.45 6.593e-18
6221.51 6.491e-18
6223.57 6.473e-18
6225.63 5.639e-18
6227.69 5.204e-18
6229.75 5.149e-18
6231.81 4.839e-18
6233.87 5.042e-18
6235.93 5.104e-18
6237.99 4.094e-18
6240.05 4.000e-18
6242.11 5.312e-18
6244.17 5.927e-18
6246.23 5.444e-18
6248.29 5.554e-18
6250.35 5.177e-18
6252.41 5.043e-18
6254.47 5.419e-18
6256.53 5.206e-18
6258.60 5.223e-18
6260.66 5.972e-18
6262.72 6.067e-18
6264.78 4.779e-18
6266.84 2.769e-18
6268.90 3.906e-18
6270.96 4.319e-18
6273.02 2.286e-18
6275.08 4.148e-18
6277.14 5.653e-18
6279.20 4.264e-18
6281.26 4.505e-18
6283.32 5.388e-18
6285.38 4.725e-18
6287.44 4.232e-18
6289.50 4.546e-18
6291.56 4.568e-18
6293.62 4.950e-18
6295.68 4.588e-18
6297.74 3.438e-18
6299.81 2.803e-18
6301.87 4.158e-18
6303.93 5.197e-18
6305.99 4.221e-18
6308.05 3.556e-18
6310.11 3.636e-18
6312.17 4.034e-18
6314.23 3.987e-18
6316.29 5.168e-18
6318.35 5.220e-18
6320.41 4.448e-18
6322.47 4.564e-18
6324.53 5.578e-18
6326.59 6.052e-18
6328.65 6.099e-18
6330.71 4.684e-18
6332.77 3.162e-18
6334.83 6.752e-18
6336.89 5.960e-18
6338.96 5.756e-18
6341.02 6.180e-18
6343.08 6.021e-18
6345.14 4.566e-18
6347.20 3.517e-18
6349.26 3.950e-18
6351.32 4.675e-18
6353.38 4.996e-18
6355.44 5.250e-18
6357.50 5.951e-18
6359.56 5.193e-18
6361.62 5.149e-18
6363.68 5.706e-18
6365.74 6.208e-18
6367.80 7.093e-18
6369.86 7.706e-18
6371.92 6.906e-18
6373.98 5.888e-18
6376.04 6.000e-18
6378.10 5.881e-18
6380.17 5.556e-18
6382.23 5.979e-18
6384.29 5.504e-18
6386.35 5.870e-18
6388.41 6.355e-18
6390.47 6.714e-18
6392.53 7.248e-18
6394.59 6.914e-18
6396.65 6.068e-18
6398.71 6.690e-18
6400.77 7.926e-18
6402.83 7.265e-18
6404.89 7.065e-18
6406.95 8.042e-18
6409.01 7.973e-18
6411.07 7.672e-18
6413.13 7.777e-18
6415.19 7.978e-18
6417.25 8.507e-18
6419.32 8.676e-18
6421.38 7.831e-18
6423.44 7.297e-18
6425.50 7.483e-18
6427.56 8.117e-18
6429.62 9.462e-18
6431.68 7.821e-18
6433.74 7.578e-18
6435.80 8.734e-18
6437.86 8.603e-18
6439.92 8.496e-18
6441.98 8.961e-18
6444.04 1.027e-17
6446.10 9.268e-18
6448.16 7.435e-18
6450.22 8.853e-18
6452.28 9.740e-18
6454.34 9.850e-18
6456.40 9.818e-18
6458.46 9.350e-18
6460.53 9.012e-18
6462.59 8.993e-18
6464.65 9.143e-18
6466.71 9.325e-18
6468.77 1.020e-17
6470.83 1.016e-17
6472.89 1.072e-17
6474.95 1.070e-17
6477.01 1.006e-17
6479.07 1.048e-17
6481.13 1.094e-17
6483.19 1.014e-17
6485.25 9.713e-18
6487.31 1.051e-17
6489.37 1.084e-17
6491.43 1.035e-17
6493.49 1.099e-17
6495.55 1.129e-17
6497.61 1.075e-17
6499.68 9.935e-18
6501.74 9.490e-18
6503.80 1.005e-17
6505.86 1.117e-17
6507.92 1.167e-17
6509.98 1.063e-17
6512.04 1.050e-17
6514.10 1.059e-17
6516.16 1.042e-17
6518.22 1.071e-17
6520.28 1.171e-17
6522.34 1.127e-17
6524.40 9.948e-18
6526.46 1.032e-17
6528.52 1.011e-17
6530.58 1.083e-17
6532.64 1.176e-17
6534.70 1.049e-17
6536.76 8.880e-18
6538.82 1.018e-17
6540.89 1.110e-17
6542.95 1.003e-17
6545.01 1.001e-17
6547.07 1.039e-17
6549.13 1.040e-17
6551.19 1.093e-17
6553.25 1.126e-17
6555.31 1.056e-17
6557.37 1.054e-17
6559.43 1.101e-17
6561.49 1.104e-17
6563.55 1.085e-17
6565.61 1.025e-17
6567.67 9.379e-18
6569.73 9.316e-18
6571.79 9.770e-18
6573.85 1.054e-17
6575.91 1.113e-17
6577.97 1.076e-17
6580.04 1.086e-17
6582.10 1.060e-17
6584.16 9.733e-18
6586.22 1.016e-17
6588.28 1.034e-17
6590.34 1.006e-17
6592.40 9.743e-18
6594.46 9.599e-18
6596.52 1.038e-17
6598.58 9.936e-18
6600.64 9.093e-18
6602.70 9.424e-18
6604.76 9.754e-18
6606.82 9.305e-18
6608.88 8.905e-18
6610.94 9.842e-18
6613.00 8.903e-18
6615.06 7.869e-18
6617.12 8.696e-18
6619.18 9.984e-18
6621.25 1.016e-17
6623.31 9.731e-18
6625.37 8.952e-18
6627.43 8.409e-18
6629.49 9.517e-18
6631.55 8.805e-18
6633.61 8.831e-18
6635.67 8.497e-18
6637.73 7.795e-18
6639.79 8.247e-18
6641.85 9.043e-18
6643.91 8.683e-18
6645.97 7.982e-18
6648.03 8.175e-18
6650.09 8.320e-18
6652.15 8.524e-18
6654.21 7.962e-18
6656.27 7.317e-18
6658.33 7.318e-18
6660.40 7.684e-18
6662.46 7.601e-18
6664.52 7.326e-18
6666.58 7.867e-18
6668.64 7.781e-18
6670.70 6.747e-18
6672.76 7.188e-18
6674.82 7.988e-18
6676.88 7.408e-18
6678.94 6.758e-18
6681.00 7.211e-18
6683.06 7.454e-18
6685.12 7.002e-18
6687.18 6.930e-18
6689.24 6.538e-18
6691.30 6.906e-18
6693.36 6.778e-18
6695.42 6.246e-18
6697.48 5.947e-18
6699.54 5.327e-18
6701.61 5.424e-18
6703.67 6.271e-18
6705.73 5.354e-18
6707.79 5.409e-18
6709.85 5.681e-18
6711.91 5.345e-18
6713.97 5.765e-18
6716.03 5.347e-18
6718.09 4.717e-18
6720.15 5.284e-18
6722.21 5.364e-18
6724.27 5.364e-18
6726.33 5.258e-18
6728.39 4.773e-18
6730.45 5.235e-18
6732.51 5.696e-18
6734.57 5.519e-18
6736.63 5.909e-18
6738.69 6.533e-18
6740.76 6.113e-18
6742.82 5.491e-18
6744.88 5.294e-18
6746.94 5.469e-18
6749.00 5.181e-18
6751.06 5.008e-18
6753.12 4.853e-18
6755.18 4.970e-18
6757.24 5.274e-18
6759.30 5.011e-18
6761.36 4.946e-18
6763.42 5.194e-18
6765.48 5.125e-18
6767.54 4.719e-18
6769.60 4.675e-18
6771.66 4.892e-18
6773.72 5.627e-18
6775.78 6.011e-18
6777.84 5.597e-18
6779.90 5.915e-18
6781.97 5.499e-18
6784.03 5.550e-18
6786.09 5.792e-18
6788.15 5.537e-18
6790.21 4.826e-18
6792.27 4.798e-18
6794.33 6.285e-18
6796.39 7.444e-18
6798.45 7.090e-18
6800.51 7.702e-18
6802.57 7.335e-18
6804.63 6.274e-18
6806.69 6.650e-18
6808.75 6.835e-18
6810.81 6.326e-18
6812.87 6.320e-18
6814.93 6.247e-18
6816.99 6.348e-18
6819.05 6.556e-18
6821.12 6.407e-18
6823.18 5.828e-18
6825.24 6.330e-18
6827.30 6.494e-18
6829.36 6.007e-18
6831.42 6.273e-18
6833.48 6.322e-18
6835.54 6.260e-18
6837.60 6.599e-18
6839.66 6.806e-18
6841.72 7.120e-18
6843.78 6.951e-18
6845.84 6.203e-18
6847.90 6.821e-18
6849.96 7.662e-18
6852.02 6.565e-18
6854.08 7.139e-18
6856.14 8.263e-18
6858.20 7.689e-18
6860.26 6.297e-18
6862.33 5.968e-18
6864.39 7.143e-18
6866.45 7.823e-18
6868.51 6.823e-18
6870.57 6.400e-18
6872.63 7.084e-18
6874.69 7.885e-18
6876.75 7.437e-18
6878.81 6.884e-18
6880.87 6.636e-18
6882.93 6.905e-18
6884.99 7.743e-18
6887.05 7.652e-18
6889.11 6.528e-18
6891.17 6.136e-18
6893.23 7.484e-18
6895.29 7.417e-18
6897.35 6.325e-18
6899.41 6.684e-18
6901.48 7.261e-18
6903.54 6.666e-18
6905.60 6.826e-18
6907.66 7.448e-18
6909.72 6.892e-18
6911.78 5.377e-18
6913.84 5.779e-18
6915.90 7.726e-18
6917.96 7.911e-18
6920.02 7.098e-18
6922.08 7.638e-18
6924.14 7.486e-18
6926.20 7.517e-18
6928.26 8.084e-18
6930.32 7.622e-18
6932.38 7.264e-18
6934.44 7.651e-18
6936.50 7.629e-18
6938.56 7.737e-18
6940.62 8.490e-18
6942.69 8.162e-18
6944.75 8.322e-18
6946.81 8.248e-18
6948.87 7.921e-18
6950.93 7.653e-18
6952.99 7.567e-18
6955.05 7.591e-18
6957.11 7.705e-18
6959.17 8.224e-18
6961.23 7.977e-18
6963.29 8.399e-18
6965.35 8.674e-18
6967.41 7.623e-18
6969.47 6.613e-18
6971.53 7.108e-18
6973.59 8.008e-18
6975.65 8.146e-18
6977.71 8.584e-18
6979.77 8.708e-18
6981.84 8.631e-18
6983.90 8.413e-18
6985.96 8.715e-18
6988.02 9.319e-18
6990.08 9.506e-18
6992.14 9.679e-18
6994.20 9.598e-18
6996.26 1.021e-17
6998.32 1.105e-17
7000.38 1.197e-17
7002.44 1.224e-17
7004.50 1.218e-17
7006.56 1.228e-17
7008.62 1.187e-17
7010.68 1.200e-17
7012.74 1.301e-17
7014.80 1.409e-17
7016.86 1.422e-17
7018.92 1.427e-17
7020.98 1.515e-17
7023.05 1.595e-17
7025.11 1.646e-17
7027.17 1.732e-17
7029.23 1.712e-17
7031.29 1.732e-17
7033.35 1.748e-17
7035.41 1.790e-17
7037.47 1.864e-17
7039.53 1.863e-17
7041.59 1.862e-17
7043.65 1.957e-17
7045.71 2.008e-17
7047.77 2.141e-17
7049.83 2.081e-17
7051.89 2.051e-17
7053.95 2.157e-17
7056.01 2.266e-17
7058.07 2.349e-17
7060.13 2.342e-17
7062.20 2.417e-17
7064.26 2.468e-17
7066.32 2.452e-17
7068.38 2.520e-17
7070.44 2.674e-17
7072.50 2.758e-17
7074.56 2.771e-17
7076.62 2.817e-17
7078.68 2.827e-17
7080.74 2.841e-17
7082.80 2.958e-17
7084.86 2.997e-17
7086.92 2.962e-17
7088.98 3.016e-17
7091.04 3.100e-17
7093.10 3.107e-17
7095.16 3.092e-17
7097.22 3.076e-17
7099.28 3.081e-17
7101.34 3.187e-17
7103.41 3.224e-17
7105.47 3.157e-17
7107.53 3.108e-17
7109.59 3.083e-17
7111.65 3.209e-17
7113.71 3.252e-17
7115.77 3.121e-17
7117.83 3.120e-17
7119.89 3.230e-17
7121.95 3.225e-17
7124.01 3.101e-17
7126.07 3.032e-17
7128.13 3.163e-17
7130.19 3.256e-17
7132.25 3.230e-17
7134.31 3.181e-17
7136.37 3.102e-17
7138.43 3.008e-17
7140.49 2.965e-17
7142.56 2.979e-17
7144.62 3.059e-17
7146.68 2.993e-17
7148.74 2.894e-17
7150.80 2.901e-17
7152.86 2.935e-17
7154.92 2.851e-17
7156.98 2.742e-17
7159.04 2.778e-17
7161.10 2.763e-17
7163.16 2.726e-17
7165.22 2.715e-17
7167.28 2.656e-17
7169.34 2.564e-17
7171.40 2.483e-17
7173.46 2.452e-17
7175.52 2.485e-17
7177.58 2.399e-17
7179.64 2.334e-17
7181.70 2.349e-17
7183.77 2.322e-17
7185.83 2.238e-17
7187.89 2.205e-17
7189.95 2.153e-17
7192.01 1.964e-17
7194.07 1.917e-17
7196.13 2.063e-17
7198.19 2.032e-17
7200.25 1.934e-17
7202.31 1.972e-17
7204.37 2.018e-17
7206.43 1.995e-17
7208.49 1.942e-17
7210.55 1.826e-17
7212.61 1.768e-17
7214.67 1.805e-17
7216.73 1.789e-17
7218.79 1.741e-17
7220.85 1.711e-17
7222.92 1.650e-17
7224.98 1.654e-17
7227.04 1.610e-17
7229.10 1.624e-17
7231.16 1.615e-17
7233.22 1.605e-17
7235.28 1.644e-17
7237.34 1.643e-17
7239.40 1.632e-17
7241.46 1.659e-17
7243.52 1.688e-17
7245.58 1.588e-17
7247.64 1.663e-17
7249.70 1.765e-17
7251.76 1.732e-17
7253.82 1.739e-17
7255.88 1.657e-17
7257.94 1.661e-17
7260.00 1.634e-17
7262.06 1.659e-17
7264.13 1.623e-17
7266.19 1.623e-17
7268.25 1.776e-17
7270.31 1.767e-17
7272.37 1.618e-17
7274.43 1.681e-17
7276.49 1.639e-17
7278.55 1.566e-17
7280.61 1.693e-17
7282.67 1.784e-17
7284.73 1.675e-17
7286.79 1.674e-17
7288.85 1.760e-17
7290.91 1.814e-17
7292.97 1.853e-17
7295.03 1.856e-17
7297.09 1.819e-17
7299.15 1.826e-17
7301.21 1.852e-17
7303.28 1.837e-17
7305.34 1.917e-17
7307.40 1.924e-17
7309.46 1.891e-17
7311.52 1.921e-17
7313.58 1.944e-17
7315.64 1.936e-17
7317.70 1.928e-17
7319.76 1.847e-17
7321.82 1.833e-17
7323.88 1.867e-17
7325.94 1.900e-17
7328.00 1.959e-17
7330.06 2.007e-17
7332.12 2.030e-17
7334.18 2.027e-17
7336.24 1.907e-17
7338.30 1.994e-17
7340.36 2.055e-17
7342.42 2.064e-17
7344.49 2.070e-17
7346.55 1.983e-17
7348.61 1.925e-17
7350.67 1.965e-17
7352.73 1.967e-17
7354.79 1.925e-17
7356.85 1.961e-17
7358.91 2.045e-17
7360.97 2.000e-17
7363.03 1.862e-17
7365.09 1.827e-17
7367.15 1.764e-17
7369.21 1.689e-17
7371.27 1.804e-17
7373.33 1.868e-17
7375.39 1.818e-17
7377.45 1.852e-17
7379.51 1.874e-17
7381.57 1.824e-17
7383.64 1.758e-17
7385.70 1.788e-17
7387.76 1.809e-17
7389.82 1.756e-17
7391.88 1.716e-17
7393.94 1.741e-17
7396.00 1.749e-17
7398.06 1.630e-17
7400.12 1.515e-17
7402.18 1.585e-17
7404.24 1.637e-17
7406.30 1.533e-17
7408.36 1.450e-17
7410.42 1.481e-17
7412.48 1.526e-17
7414.54 1.441e-17
7416.60 1.397e-17
7418.66 1.411e-17
7420.72 1.468e-17
7422.78 1.514e-17
7424.85 1.425e-17
7426.91 1.337e-17
7428.97 1.337e-17
7431.03 1.269e-17
7433.09 1.192e-17
7435.15 1.209e-17
7437.21 1.232e-17
7439.27 1.200e-17
7441.33 1.182e-17
7443.39 1.144e-17
7445.45 1.139e-17
7447.51 1.157e-17
7449.57 1.136e-17
7451.63 1.104e-17
7453.69 1.105e-17
7455.75 1.118e-17
7457.81 1.117e-17
7459.87 1.019e-17
7461.93 9.951e-18
7464.00 1.018e-17
7466.06 9.866e-18
7468.12 9.508e-18
7470.18 9.462e-18
7472.24 9.176e-18
7474.30 8.780e-18
7476.36 8.534e-18
7478.42 9.145e-18
7480.48 8.929e-18
7482.54 7.828e-18
7484.60 7.683e-18
7486.66 7.936e-18
7488.72 9.034e-18
7490.78 9.376e-18
7492.84 8.604e-18
7494.90 7.437e-18
7496.96 7.304e-18
7499.02 7.781e-18
7501.08 7.244e-18
7503.14 7.507e-18
7505.21 7.495e-18
7507.27 7.461e-18
7509.33 7.014e-18
7511.39 6.682e-18
7513.45 6.948e-18
7515.51 6.763e-18
7517.57 6.664e-18
7519.63 6.321e-18
7521.69 6.205e-18
7523.75 6.289e-18
7525.81 6.529e-18
7527.87 6.873e-18
7529.93 6.650e-18
7531.99 6.223e-18
7534.05 6.978e-18
7536.11 7.368e-18
7538.17 8.049e-18
7540.23 8.016e-18
7542.29 6.753e-18
7544.36 6.245e-18
7546.42 6.322e-18
7548.48 6.701e-18
7550.54 7.134e-18
7552.60 8.166e-18
7554.66 8.103e-18
7556.72 6.732e-18
7558.78 5.933e-18
7560.84 5.331e-18
7562.90 6.201e-18
7564.96 7.496e-18
7567.02 8.497e-18
7569.08 9.421e-18
7571.14 8.779e-18
7573.20 7.597e-18
7575.26 9.105e-18
7577.32 9.565e-18
7579.38 8.403e-18
7581.44 7.637e-18
7583.50 7.122e-18
7585.57 6.918e-18
7587.63 7.448e-18
7589.69 7.357e-18
7591.75 5.713e-18
7593.81 7.117e-18
7595.87 8.920e-18
7597.93 7.911e-18
7599.99 6.255e-18
7602.05 6.060e-18
7604.11 6.664e-18
7606.17 6.888e-18
7608.23 5.601e-18
7610.29 5.355e-18
7612.35 5.700e-18
7614.41 5.758e-18
7616.47 5.823e-18
7618.53 5.646e-18
7620.59 5.672e-18
7622.65 5.687e-18
7624.72 5.496e-18
7626.78 5.481e-18
7628.84 5.274e-18
7630.90 5.267e-18
7632.96 5.876e-18
7635.02 5.405e-18
7637.08 4.974e-18
7639.14 5.571e-18
7641.20 5.943e-18
7643.26 5.432e-18
7645.32 4.706e-18
7647.38 4.663e-18
7649.44 5.469e-18
7651.50 5.452e-18
7653.56 5.487e-18
7655.62 5.406e-18
7657.68 5.385e-18
7659.74 5.460e-18
7661.80 4.907e-18
7663.86 5.019e-18
7665.93 5.563e-18
7667.99 5.115e-18
7670.05 4.195e-18
7672.11 3.121e-18
7674.17 3.245e-18
7676.23 5.652e-18
7678.29 6.731e-18
7680.35 5.848e-18
7682.41 5.411e-18
7684.47 5.286e-18
7686.53 5.045e-18
7688.59 4.551e-18
7690.65 3.934e-18
7692.71 4.459e-18
7694.77 3.862e-18
7696.83 3.891e-18
7698.89 4.220e-18
7700.95 3.743e-18
7703.01 3.747e-18
7705.08 4.452e-18
7707.14 3.817e-18
7709.20 2.809e-18
7711.26 2.969e-18
7713.32 2.982e-18
7715.38 2.565e-18
7717.44 2.865e-18
7719.50 3.028e-18
7721.56 2.890e-18
7723.62 4.990e-18
7725.68 5.271e-18
7727.74 3.826e-18
7729.80 3.027e-18
7731.86 2.741e-18
7733.92 3.240e-18
7735.98 4.602e-18
7738.04 4.905e-18
7740.10 3.995e-18
7742.16 3.387e-18
7744.22 3.192e-18
7746.29 3.311e-18
7748.35 4.306e-18
7750.41 4.685e-18
7752.47 4.613e-18
7754.53 4.721e-18
7756.59 5.207e-18
7758.65 4.283e-18
7760.71 3.494e-18
7762.77 5.552e-18
7764.83 4.235e-18
7766.89 3.373e-18
7768.95 3.872e-18
7771.01 4.879e-18
7773.07 5.033e-18
7775.13 4.183e-18
7777.19 4.809e-18
7779.25 4.220e-18
7781.31 2.675e-18
7783.37 3.039e-18
7785.44 4.595e-18
7787.50 4.912e-18
7789.56 4.238e-18
7791.62 3.960e-18
7793.68 3.885e-18
7795.74 3.614e-18
7797.80 3.596e-18
7799.86 3.722e-18
7801.92 3.433e-18
7803.98 2.996e-18
7806.04 3.458e-18
7808.10 4.916e-18
7810.16 4.764e-18
7812.22 4.190e-18
7814.28 4.279e-18
7816.34 3.845e-18
7818.40 3.663e-18
7820.46 4.620e-18
7822.52 3.782e-18
7824.58 4.893e-18
7826.65 4.561e-18
7828.71 3.097e-18
7830.77 4.525e-18
