phase 368
delta 0.95 0.01
ebv 0
Rv 3.1
redshift 0.000
flux_scale 1e16
resolution 2
vSi 10.00 0.10
3832.68 1.422e-17
3834.74 2.116e-18
3836.79 1.164e-17
3838.85 1.713e-17
3840.91 2.085e-17
3842.97 4.023e-18
3845.03 4.218e-18
3847.09 1.385e-17
3849.15 8.311e-18
3851.21 -9.150e-19
3853.27 1.071e-17
3855.33 8.066e-18
3857.39 1.325e-17
3859.44 4.798e-18
3861.50 4.418e-18
3863.56 1.226e-17
3865.62 1.228e-17
3867.68 1.106e-17
3869.74 8.381e-18
3871.80 -5.542e-19
3873.86 -9.060e-20
3875.92 1.320e-17
3877.98 1.134e-17
3880.04 -1.425e-18
3882.09 1.765e-18
3884.15 -1.435e-18
3886.21 -1.113e-18
3888.27 3.028e-18
3890.33 8.521e-18
3892.39 1.033e-17
3894.45 5.836e-18
3896.51 1.077e-17
3898.57 1.069e-17
3900.63 2.781e-18
3902.68 -3.992e-18
3904.74 6.879e-18
3906.80 1.600e-17
3908.86 9.675e-18
3910.92 1.791e-17
3912.98 3.974e-18
3915.04 1.201e-19
3917.10 1.331e-17
3919.16 1.482e-17
3921.22 1.717e-17
3923.28 1.678e-17
3925.33 8.462e-18
3927.39 8.654e-18
3929.45 8.090e-18
3931.51 1.909e-18
3933.57 1.308e-18
3935.63 1.095e-17
3937.69 9.544e-18
3939.75 1.111e-17
3941.81 2.991e-18
3943.87 8.473e-18
3945.93 1.290e-17
3947.98 6.735e-18
3950.04 1.296e-17
3952.10 9.246e-18
3954.16 2.092e-19
3956.22 -3.453e-21
3958.28 8.697e-18
3960.34 1.817e-17
3962.40 1.384e-17
3964.46 5.032e-18
3966.52 8.169e-18
3968.58 7.666e-18
3970.63 1.011e-17
3972.69 2.390e-17
3974.75 2.107e-17
3976.81 1.034e-17
3978.87 1.492e-17
3980.93 8.753e-18
3982.99 5.423e-18
3985.05 8.828e-18
3987.11 8.346e-18
3989.17 9.921e-18
3991.23 8.362e-18
3993.28 6.390e-18
3995.34 1.287e-17
3997.40 1.312e-17
3999.46 1.507e-17
4001.52 6.433e-18
4003.58 4.272e-18
4005.64 8.296e-18
4007.70 8.651e-18
4009.76 8.325e-18
4011.82 1.240e-17
4013.88 1.111e-17
4015.93 1.080e-17
4017.99 1.691e-17
4020.05 8.207e-18
4022.11 1.537e-17
4024.17 1.759e-17
4026.23 1.867e-17
4028.29 1.407e-17
4030.35 1.121e-17
4032.41 1.204e-17
4034.47 1.135e-17
4036.52 9.099e-18
4038.58 6.959e-18
4040.64 1.527e-17
4042.70 1.964e-17
4044.76 1.899e-17
4046.82 1.037e-17
4048.88 4.717e-18
4050.94 5.164e-18
4053.00 7.760e-18
4055.06 1.682e-17
4057.12 5.462e-18
4059.17 3.170e-18
4061.23 3.505e-18
4063.29 1.278e-17
4065.35 1.146e-17
4067.41 1.290e-17
4069.47 1.347e-17
4071.53 1.414e-17
4073.59 3.324e-18
4075.65 1.719e-17
4077.71 1.513e-17
4079.77 8.040e-18
4081.82 4.995e-18
4083.88 7.139e-18
4085.94 4.512e-18
4088.00 9.271e-18
4090.06 1.095e-17
4092.12 4.378e-18
4094.18 2.912e-18
4096.24 5.161e-18
4098.30 4.803e-18
4100.36 6.125e-18
4102.42 1.157e-17
4104.47 9.232e-18
4106.53 8.508e-18
4108.59 3.659e-18
4110.65 9.376e-18
4112.71 9.496e-18
4114.77 5.436e-18
4116.83 5.997e-18
4118.89 7.954e-18
4120.95 1.673e-17
4123.01 2.186e-17
4125.07 7.982e-18
4127.12 9.819e-18
4129.18 5.865e-18
4131.24 7.594e-18
4133.30 1.468e-17
4135.36 8.649e-18
4137.42 9.014e-18
4139.48 1.265e-17
4141.54 1.688e-17
4143.60 2.215e-17
4145.66 2.673e-17
4147.72 9.087e-18
4149.77 5.307e-18
4151.83 1.108e-17
4153.89 6.926e-18
4155.95 4.724e-18
4158.01 9.874e-18
4160.07 1.499e-17
4162.13 1.581e-17
4164.19 1.446e-17
4166.25 1.468e-17
4168.31 2.188e-17
4170.36 2.073e-17
4172.42 1.958e-17
4174.48 1.507e-17
4176.54 1.551e-17
4178.60 1.316e-17
4180.66 1.298e-17
4182.72 1.599e-17
4184.78 1.711e-17
4186.84 1.627e-17
4188.90 1.730e-17
4190.96 1.325e-17
4193.01 1.576e-17
4195.07 1.316e-17
4197.13 2.138e-17
4199.19 1.921e-17
4201.25 2.065e-17
4203.31 1.896e-17
4205.37 2.335e-17
4207.43 1.765e-17
4209.49 1.066e-17
4211.55 1.968e-17
4213.61 2.434e-17
4215.66 2.224e-17
4217.72 2.492e-17
4219.78 2.181e-17
4221.84 2.192e-17
4223.90 2.437e-17
4225.96 2.269e-17
4228.02 2.876e-17
4230.08 3.009e-17
4232.14 2.368e-17
4234.20 2.064e-17
4236.26 2.242e-17
4238.31 1.742e-17
4240.37 2.647e-17
4242.43 2.532e-17
4244.49 2.083e-17
4246.55 1.791e-17
4248.61 1.881e-17
4250.67 1.884e-17
4252.73 2.549e-17
4254.79 2.195e-17
4256.85 2.256e-17
4258.91 2.955e-17
4260.96 3.107e-17
4263.02 2.776e-17
4265.08 3.162e-17
4267.14 3.393e-17
4269.20 2.889e-17
4271.26 2.786e-17
4273.32 3.043e-17
4275.38 2.884e-17
4277.44 2.688e-17
4279.50 3.297e-17
4281.56 3.505e-17
4283.61 3.104e-17
4285.67 3.172e-17
4287.73 3.126e-17
4289.79 3.159e-17
4291.85 2.813e-17
4293.91 2.583e-17
4295.97 1.914e-17
4298.03 2.870e-17
4300.09 2.937e-17
4302.15 2.541e-17
4304.21 2.679e-17
4306.26 2.529e-17
4308.32 2.860e-17
4310.38 2.649e-17
4312.44 2.734e-17
4314.50 2.952e-17
4316.56 2.652e-17
4318.62 2.768e-17
4320.68 2.903e-17
4322.74 2.541e-17
4324.80 2.609e-17
4326.85 2.913e-17
4328.91 2.521e-17
4330.97 1.750e-17
4333.03 2.315e-17
4335.09 2.714e-17
4337.15 2.609e-17
4339.21 2.347e-17
4341.27 3.048e-17
4343.33 3.391e-17
4345.39 3.081e-17
4347.45 2.974e-17
4349.50 2.985e-17
4351.56 2.907e-17
4353.62 3.063e-17
4355.68 3.171e-17
4357.74 3.263e-17
4359.80 3.432e-17
4361.86 3.271e-17
4363.92 3.010e-17
4365.98 3.089e-17
4368.04 3.195e-17
4370.10 3.176e-17
4372.15 3.411e-17
4374.21 2.951e-17
4376.27 3.076e-17
4378.33 2.738e-17
4380.39 3.015e-17
4382.45 3.063e-17
4384.51 3.272e-17
4386.57 3.329e-17
4388.63 3.288e-17
4390.69 2.932e-17
4392.75 3.281e-17
4394.80 2.882e-17
4396.86 3.171e-17
4398.92 3.725e-17
4400.98 3.171e-17
4403.04 2.516e-17
4405.10 2.620e-17
4407.16 3.114e-17
4409.22 3.375e-17
4411.28 2.917e-17
4413.34 2.758e-17
4415.40 3.440e-17
4417.45 3.287e-17
4419.51 3.363e-17
4421.57 3.072e-17
4423.63 3.040e-17
4425.69 3.213e-17
4427.75 2.517e-17
4429.81 3.080e-17
4431.87 2.834e-17
4433.93 3.049e-17
4435.99 3.104e-17
4438.05 2.582e-17
4440.10 2.280e-17
4442.16 2.715e-17
4444.22 2.856e-17
4446.28 2.394e-17
4448.34 2.431e-17
4450.40 2.286e-17
4452.46 2.487e-17
4454.52 2.367e-17
4456.58 2.404e-17
4458.64 2.548e-17
4460.69 2.377e-17
4462.75 2.652e-17
4464.81 2.761e-17
4466.87 2.375e-17
4468.93 2.608e-17
4470.99 2.744e-17
4473.05 2.745e-17
4475.11 2.581e-17
4477.17 2.169e-17
4479.23 2.285e-17
4481.29 2.013e-17
4483.34 2.412e-17
4485.40 2.143e-17
4487.46 2.163e-17
4489.52 2.318e-17
4491.58 2.138e-17
4493.64 2.085e-17
4495.70 1.966e-17
4497.76 2.285e-17
4499.82 2.047e-17
4501.88 1.955e-17
4503.94 2.015e-17
4505.99 2.146e-17
4508.05 2.027e-17
4510.11 1.889e-17
4512.17 1.818e-17
4514.23 2.232e-17
4516.29 2.257e-17
4518.35 2.545e-17
4520.41 2.035e-17
4522.47 2.067e-17
4524.53 1.986e-17
4526.59 1.878e-17
4528.64 2.568e-17
4530.70 2.633e-17
4532.76 1.963e-17
4534.82 2.148e-17
4536.88 2.146e-17
4538.94 2.552e-17
4541.00 2.911e-17
4543.06 2.815e-17
4545.12 2.907e-17
4547.18 2.699e-17
4549.24 2.595e-17
4551.29 2.915e-17
4553.35 2.895e-17
4555.41 3.009e-17
4557.47 2.878e-17
4559.53 3.124e-17
4561.59 3.170e-17
4563.65 3.058e-17
4565.71 2.994e-17
4567.77 3.148e-17
4569.83 3.135e-17
4571.89 2.759e-17
4573.94 2.940e-17
4576.00 3.430e-17
4578.06 3.215e-17
4580.12 2.856e-17
4582.18 3.462e-17
4584.24 3.345e-17
4586.30 3.250e-17
4588.36 3.267e-17
4590.42 3.213e-17
4592.48 3.225e-17
4594.53 3.224e-17
4596.59 3.469e-17
4598.65 3.673e-17
4600.71 3.964e-17
4602.77 3.817e-17
4604.83 3.559e-17
4606.89 3.717e-17
4608.95 3.926e-17
4611.01 4.458e-17
4613.07 4.312e-17
4615.13 4.178e-17
4617.18 4.261e-17
4619.24 4.490e-17
4621.30 4.522e-17
4623.36 4.567e-17
4625.42 4.947e-17
4627.48 4.741e-17
4629.54 4.869e-17
4631.60 5.187e-17
4633.66 4.822e-17
4635.72 4.634e-17
4637.78 5.096e-17
4639.83 5.117e-17
4641.89 5.067e-17
4643.95 4.737e-17
4646.01 4.572e-17
4648.07 4.823e-17
4650.13 5.614e-17
4652.19 5.394e-17
4654.25 5.420e-17
4656.31 5.545e-17
4658.37 5.544e-17
4660.43 5.372e-17
4662.48 5.734e-17
4664.54 6.190e-17
4666.60 6.040e-17
4668.66 6.104e-17
4670.72 5.768e-17
4672.78 5.505e-17
4674.84 5.885e-17
4676.90 5.805e-17
4678.96 6.216e-17
4681.02 5.997e-17
4683.08 6.233e-17
4685.13 6.247e-17
4687.19 6.350e-17
4689.25 6.137e-17
4691.31 6.070e-17
4693.37 6.004e-17
4695.43 6.233e-17
4697.49 6.272e-17
4699.55 6.074e-17
4701.61 6.556e-17
4703.67 6.780e-17
4705.73 6.338e-17
4707.78 6.090e-17
4709.84 6.620e-17
4711.90 6.698e-17
4713.96 5.962e-17
4716.02 6.266e-17
4718.08 6.063e-17
4720.14 6.052e-17
4722.20 6.262e-17
4724.26 6.195e-17
4726.32 6.169e-17
4728.37 6.378e-17
4730.43 6.296e-17
4732.49 6.498e-17
4734.55 6.250e-17
4736.61 6.201e-17
4738.67 6.192e-17
4740.73 5.905e-17
4742.79 6.186e-17
4744.85 6.331e-17
4746.91 6.136e-17
4748.97 5.963e-17
4751.02 5.918e-17
4753.08 6.214e-17
4755.14 5.886e-17
4757.20 5.443e-17
4759.26 5.537e-17
4761.32 5.637e-17
4763.38 5.655e-17
4765.44 5.495e-17
4767.50 5.307e-17
4769.56 5.668e-17
4771.62 5.348e-17
4773.67 5.171e-17
4775.73 5.064e-17
4777.79 5.130e-17
4779.85 4.988e-17
4781.91 4.951e-17
4783.97 4.588e-17
4786.03 4.680e-17
4788.09 4.803e-17
4790.15 4.793e-17
4792.21 4.833e-17
4794.27 4.713e-17
4796.32 4.725e-17
4798.38 4.729e-17
4800.44 4.397e-17
4802.50 4.371e-17
4804.56 4.274e-17
4806.62 4.213e-17
4808.68 4.618e-17
4810.74 4.565e-17
4812.80 4.210e-17
4814.86 4.029e-17
4816.92 4.141e-17
4818.97 4.113e-17
4821.03 4.031e-17
4823.09 3.976e-17
4825.15 4.100e-17
4827.21 3.932e-17
4829.27 4.240e-17
4831.33 4.037e-17
4833.39 3.565e-17
4835.45 3.535e-17
4837.51 3.676e-17
4839.57 3.274e-17
4841.62 3.175e-17
4843.68 3.366e-17
4845.74 3.410e-17
4847.80 3.519e-17
4849.86 3.085e-17
4851.92 3.236e-17
4853.98 3.494e-17
4856.04 3.293e-17
4858.10 3.208e-17
4860.16 3.080e-17
4862.21 2.789e-17
4864.27 3.098e-17
4866.33 3.225e-17
4868.39 3.142e-17
4870.45 2.821e-17
4872.51 3.025e-17
4874.57 3.057e-17
4876.63 2.873e-17
4878.69 2.993e-17
4880.75 3.107e-17
4882.81 3.120e-17
4884.86 3.144e-17
4886.92 2.849e-17
4888.98 2.880e-17
4891.04 2.784e-17
4893.10 2.841e-17
4895.16 3.240e-17
4897.22 3.290e-17
4899.28 3.007e-17
4901.34 2.808e-17
4903.40 2.830e-17
4905.46 2.742e-17
4907.51 2.776e-17
4909.57 2.726e-17
4911.63 2.756e-17
4913.69 2.848e-17
4915.75 2.880e-17
4917.81 2.828e-17
4919.87 2.812e-17
4921.93 3.086e-17
4923.99 3.377e-17
4926.05 3.120e-17
4928.11 2.775e-17
4930.16 2.794e-17
4932.22 2.655e-17
4934.28 2.860e-17
4936.34 3.355e-17
4938.40 3.178e-17
4940.46 2.822e-17
4942.52 2.862e-17
4944.58 2.971e-17
4946.64 2.973e-17
4948.70 3.053e-17
4950.76 3.036e-17
4952.81 2.988e-17
4954.87 3.066e-17
4956.93 2.901e-17
4958.99 2.693e-17
4961.05 3.003e-17
4963.11 3.037e-17
4965.17 2.795e-17
4967.23 2.616e-17
4969.29 2.928e-17
4971.35 3.017e-17
4973.41 2.699e-17
4975.46 2.756e-17
4977.52 2.879e-17
4979.58 2.867e-17
4981.64 2.716e-17
4983.70 2.575e-17
4985.76 2.654e-17
4987.82 2.944e-17
4989.88 2.556e-17
4991.94 2.576e-17
4994.00 2.847e-17
4996.06 2.751e-17
4998.11 2.658e-17
5000.17 2.695e-17
5002.23 2.430e-17
5004.29 2.395e-17
5006.35 2.347e-17
5008.41 2.227e-17
5010.47 2.342e-17
5012.53 2.411e-17
5014.59 2.472e-17
5016.65 2.481e-17
5018.70 2.241e-17
5020.76 2.293e-17
5022.82 2.436e-17
5024.88 2.372e-17
5026.94 2.235e-17
5029.00 2.309e-17
5031.06 2.166e-17
5033.12 1.835e-17
5035.18 2.037e-17
5037.24 2.144e-17
5039.30 2.221e-17
5041.35 2.317e-17
5043.41 2.311e-17
5045.47 2.537e-17
5047.53 2.267e-17
5049.59 1.960e-17
5051.65 1.964e-17
5053.71 2.079e-17
5055.77 2.102e-17
5057.83 1.910e-17
5059.89 2.213e-17
5061.95 2.155e-17
5064.00 2.178e-17
5066.06 1.912e-17
5068.12 2.082e-17
5070.18 2.181e-17
5072.24 1.971e-17
5074.30 1.777e-17
5076.36 2.109e-17
5078.42 2.153e-17
5080.48 2.301e-17
5082.54 2.347e-17
5084.60 1.898e-17
5086.65 1.725e-17
5088.71 2.007e-17
5090.77 2.208e-17
5092.83 2.091e-17
5094.89 2.160e-17
5096.95 2.084e-17
5099.01 2.073e-17
5101.07 2.294e-17
5103.13 2.359e-17
5105.19 2.298e-17
5107.25 2.159e-17
5109.30 2.174e-17
5111.36 2.264e-17
5113.42 2.161e-17
5115.48 2.106e-17
5117.54 2.240e-17
5119.60 2.144e-17
5121.66 2.146e-17
5123.72 2.211e-17
5125.78 2.347e-17
5127.84 2.043e-17
5129.90 2.407e-17
5131.95 2.674e-17
5134.01 2.707e-17
5136.07 2.534e-17
5138.13 2.448e-17
5140.19 2.619e-17
5142.25 2.603e-17
5144.31 2.544e-17
5146.37 2.675e-17
5148.43 2.692e-17
5150.49 2.520e-17
5152.54 2.435e-17
5154.60 2.679e-17
5156.66 2.836e-17
5158.72 2.858e-17
5160.78 2.869e-17
5162.84 2.854e-17
5164.90 2.795e-17
5166.96 2.641e-17
5169.02 2.818e-17
5171.08 2.892e-17
5173.14 2.749e-17
5175.19 2.993e-17
5177.25 3.000e-17
5179.31 2.824e-17
5181.37 3.022e-17
5183.43 3.038e-17
5185.49 2.925e-17
5187.55 2.963e-17
5189.61 2.972e-17
5191.67 2.957e-17
5193.73 2.904e-17
5195.79 3.104e-17
5197.84 3.643e-17
5199.90 3.467e-17
5201.96 3.295e-17
5204.02 3.509e-17
5206.08 3.460e-17
5208.14 3.514e-17
5210.20 3.694e-17
5212.26 3.541e-17
5214.32 3.319e-17
5216.38 3.432e-17
5218.44 3.658e-17
5220.49 3.497e-17
5222.55 3.224e-17
5224.61 3.349e-17
5226.67 3.615e-17
5228.73 3.521e-17
5230.79 3.423e-17
5232.85 3.362e-17
5234.91 3.369e-17
5236.97 3.307e-17
5239.03 3.400e-17
5241.09 3.560e-17
5243.14 3.435e-17
5245.20 3.277e-17
5247.26 3.172e-17
5249.32 3.354e-17
5251.38 3.468e-17
5253.44 3.397e-17
5255.50 3.196e-17
5257.56 3.273e-17
5259.62 3.254e-17
5261.68 3.057e-17
5263.74 3.092e-17
5265.79 3.108e-17
5267.85 3.221e-17
5269.91 3.285e-17
5271.97 3.302e-17
5274.03 3.351e-17
5276.09 3.351e-17
5278.15 3.390e-17
5280.21 3.358e-17
5282.27 3.253e-17
5284.33 3.556e-17
5286.38 3.345e-17
5288.44 3.412e-17
5290.50 3.586e-17
5292.56 3.318e-17
5294.62 3.124e-17
5296.68 3.080e-17
5298.74 3.048e-17
5300.80 3.134e-17
5302.86 3.062e-17
5304.92 3.238e-17
5306.98 3.223e-17
5309.03 3.359e-17
5311.09 2.965e-17
5313.15 2.865e-17
5315.21 3.081e-17
5317.27 3.199e-17
5319.33 3.111e-17
5321.39 2.766e-17
5323.45 2.693e-17
5325.51 2.805e-17
5327.57 2.840e-17
5329.63 2.933e-17
5331.68 2.899e-17
5333.74 2.925e-17
5335.80 2.868e-17
5337.86 2.845e-17
5339.92 2.453e-17
5341.98 2.298e-17
5344.04 2.685e-17
5346.10 2.595e-17
5348.16 2.446e-17
5350.22 2.397e-17
5352.28 2.255e-17
5354.33 2.189e-17
5356.39 2.255e-17
5358.45 2.236e-17
5360.51 2.230e-17
5362.57 2.239e-17
5364.63 2.192e-17
5366.69 2.380e-17
5368.75 2.276e-17
5370.81 2.159e-17
5372.87 2.099e-17
5374.93 1.980e-17
5376.98 2.059e-17
5379.04 2.036e-17
5381.10 2.016e-17
5383.16 1.873e-17
5385.22 1.766e-17
5387.28 1.917e-17
5389.34 1.855e-17
5391.40 1.571e-17
5393.46 1.455e-17
5395.52 1.668e-17
5397.58 1.764e-17
5399.63 1.684e-17
5401.69 1.526e-17
5403.75 1.487e-17
5405.81 1.592e-17
5407.87 1.659e-17
5409.93 1.493e-17
5411.99 1.319e-17
5414.05 1.350e-17
5416.11 1.309e-17
5418.17 1.288e-17
5420.22 1.419e-17
5422.28 1.327e-17
5424.34 1.262e-17
5426.40 1.403e-17
5428.46 1.174e-17
5430.52 1.172e-17
5432.58 1.145e-17
5434.64 1.112e-17
5436.70 1.103e-17
5438.76 1.237e-17
5440.82 1.291e-17
5442.87 1.232e-17
5444.93 1.139e-17
5446.99 1.069e-17
5449.05 1.148e-17
5451.11 1.225e-17
5453.17 9.894e-18
5455.23 1.104e-17
5457.29 9.718e-18
5459.35 7.015e-18
5461.41 8.730e-18
5463.47 9.730e-18
5465.52 9.011e-18
5467.58 8.859e-18
5469.64 1.064e-17
5471.70 1.044e-17
5473.76 8.001e-18
5475.82 8.017e-18
5477.88 7.654e-18
5479.94 8.384e-18
5482.00 1.095e-17
5484.06 1.088e-17
5486.12 8.288e-18
5488.17 8.627e-18
5490.23 9.777e-18
5492.29 8.420e-18
5494.35 7.481e-18
5496.41 8.934e-18
5498.47 8.427e-18
5500.53 8.107e-18
5502.59 9.366e-18
5504.65 1.116e-17
5506.71 8.023e-18
5508.77 6.144e-18
5510.82 7.598e-18
5512.88 9.166e-18
5514.94 8.539e-18
5517.00 7.522e-18
5519.06 7.755e-18
5521.12 6.655e-18
5523.18 7.480e-18
5525.24 8.639e-18
5527.30 6.250e-18
5529.36 5.549e-18
5531.42 6.578e-18
5533.47 5.438e-18
5535.53 5.779e-18
5537.59 6.571e-18
5539.65 7.156e-18
5541.71 8.123e-18
5543.77 7.067e-18
5545.83 7.228e-18
5547.89 6.380e-18
5549.95 8.593e-18
5552.01 1.251e-17
5554.06 1.610e-17
5556.12 1.161e-17
5558.18 5.058e-18
5560.24 4.404e-18
5562.30 3.302e-18
5564.36 4.884e-18
5566.42 5.622e-18
5568.48 5.498e-18
5570.54 4.384e-18
5572.60 6.255e-18
5574.66 5.505e-18
5576.71 4.862e-18
5578.77 4.475e-18
5580.83 4.053e-18
5582.89 3.098e-18
5584.95 3.611e-18
5587.01 5.270e-18
5589.07 4.334e-18
5591.13 2.772e-18
5593.19 3.237e-18
5595.25 5.453e-18
5597.31 6.217e-18
5599.36 4.310e-18
5601.42 4.011e-18
5603.48 3.628e-18
5605.54 3.669e-18
5607.60 3.726e-18
5609.66 5.116e-18
5611.72 4.551e-18
5613.78 5.262e-18
5615.84 5.039e-18
5617.90 4.294e-18
5619.96 3.770e-18
5622.01 3.426e-18
5624.07 4.180e-18
5626.13 3.196e-18
5628.19 3.339e-18
5630.25 4.032e-18
5632.31 4.376e-18
5634.37 3.081e-18
5636.43 1.995e-18
5638.49 2.459e-18
5640.55 3.503e-18
5642.61 3.626e-18
5644.66 2.437e-18
5646.72 2.917e-18
5648.78 3.006e-18
5650.84 1.568e-18
5652.90 2.484e-18
5654.96 3.346e-18
5657.02 2.749e-18
5659.08 1.098e-18
5661.14 2.075e-18
5663.20 3.127e-18
5665.26 2.925e-18
5667.31 3.609e-18
5669.37 2.108e-18
5671.43 1.857e-18
5673.49 3.424e-18
5675.55 2.935e-18
5677.61 3.279e-18
5679.67 4.230e-18
5681.73 4.009e-18
5683.79 2.500e-18
5685.85 5.572e-19
5687.91 1.227e-18
5689.96 2.489e-18
5692.02 2.431e-18
5694.08 3.227e-18
5696.14 1.990e-18
5698.20 1.510e-18
5700.26 3.706e-18
5702.32 4.385e-18
5704.38 4.003e-18
5706.44 3.306e-18
5708.50 2.687e-18
5710.55 2.930e-18
5712.61 2.437e-18
5714.67 2.083e-19
5716.73 1.531e-18
5718.79 7.222e-19
5720.85 1.984e-18
5722.91 3.754e-18
5724.97 1.774e-18
5727.03 9.589e-19
5729.09 2.676e-18
5731.15 3.746e-18
5733.20 3.702e-18
5735.26 3.950e-18
5737.32 3.118e-18
5739.38 2.420e-18
5741.44 1.872e-18
5743.50 1.419e-18
5745.56 2.899e-18
5747.62 3.248e-18
5749.68 3.086e-18
5751.74 4.209e-18
5753.80 6.464e-18
5755.85 6.569e-18
5757.91 4.225e-18
5759.97 3.395e-18
5762.03 2.263e-18
5764.09 3.112e-18
5766.15 4.373e-18
5768.21 2.796e-18
5770.27 2.701e-18
5772.33 4.776e-18
5774.39 5.724e-18
5776.45 3.663e-18
5778.50 3.224e-18
5780.56 4.080e-18
5782.62 3.465e-18
5784.68 3.189e-18
5786.74 3.694e-18
5788.80 3.558e-18
5790.86 1.892e-18
5792.92 1.901e-18
5794.98 2.718e-18
5797.04 3.682e-18
5799.10 4.312e-18
5801.15 3.931e-18
5803.21 2.957e-18
5805.27 2.191e-18
5807.33 2.603e-18
5809.39 3.461e-18
5811.45 3.050e-18
5813.51 2.456e-18
5815.57 3.808e-18
5817.63 5.451e-18
5819.69 3.850e-18
5821.75 3.814e-18
5823.80 4.362e-18
5825.86 5.525e-18
5827.92 3.417e-18
5829.98 3.038e-18
5832.04 3.624e-18
5834.10 3.965e-18
5836.16 5.704e-18
5838.22 5.574e-18
5840.28 3.899e-18
5842.34 2.971e-18
5844.39 2.279e-18
5846.45 2.360e-18
5848.51 1.361e-18
5850.57 2.667e-18
5852.63 6.103e-18
5854.69 4.195e-18
5856.75 1.771e-18
5858.81 -3.934e-19
5860.87 3.801e-18
5862.93 5.364e-18
5864.99 4.088e-18
5867.04 7.528e-18
5869.10 1.150e-17
5871.16 1.001e-17
5873.22 5.536e-18
5875.28 2.402e-18
5877.34 2.092e-18
5879.40 2.908e-18
5881.46 2.662e-18
5883.52 2.684e-18
5885.58 3.122e-18
5887.64 3.749e-18
5889.69 2.396e-18
5891.75 1.907e-18
5893.81 2.326e-18
5895.87 4.240e-18
5897.93 3.384e-18
5899.99 3.325e-18
5902.05 3.874e-18
5904.11 3.609e-18
5906.17 5.497e-18
5908.23 5.893e-18
5910.29 3.255e-18
5912.34 3.201e-18
5914.40 4.101e-18
5916.46 3.765e-18
5918.52 3.435e-18
5920.58 3.842e-18
5922.64 1.812e-18
5924.70 3.858e-18
5926.76 5.454e-18
5928.82 3.632e-18
5930.88 3.014e-18
5932.94 4.591e-18
5934.99 2.916e-18
5937.05 2.276e-18
5939.11 3.194e-18
5941.17 2.693e-18
5943.23 4.965e-18
5945.29 4.741e-18
5947.35 2.931e-18
5949.41 3.704e-18
5951.47 3.978e-18
5953.53 3.282e-18
5955.59 2.304e-18
5957.64 2.762e-18
5959.70 3.344e-18
5961.76 4.026e-18
5963.82 5.123e-18
5965.88 4.643e-18
5967.94 3.916e-18
5970.00 3.628e-18
5972.06 2.113e-18
5974.12 1.308e-18
5976.18 2.036e-18
5978.23 3.189e-18
5980.29 4.437e-18
5982.35 5.550e-18
5984.41 5.307e-18
5986.47 3.734e-18
5988.53 2.261e-18
5990.59 2.284e-18
5992.65 3.218e-18
5994.71 4.076e-18
5996.77 3.505e-18
5998.83 3.000e-18
6000.88 3.749e-18
6002.94 4.179e-18
6005.00 3.809e-18
6007.06 2.602e-18
6009.12 3.965e-18
6011.18 3.871e-18
6013.24 2.576e-18
6015.30 1.932e-18
6017.36 2.296e-18
6019.42 2.639e-18
6021.48 2.888e-18
6023.53 3.125e-18
6025.59 2.879e-18
6027.65 1.984e-18
6029.71 1.878e-18
6031.77 2.342e-18
6033.83 2.393e-18
6035.89 3.326e-18
6037.95 1.861e-18
6040.01 2.208e-18
6042.07 2.935e-18
6044.13 1.892e-18
6046.18 1.490e-18
6048.24 2.659e-18
6050.30 2.879e-18
6052.36 2.700e-18
6054.42 3.655e-18
6056.48 3.747e-18
6058.54 2.593e-18
6060.60 1.842e-18
6062.66 1.120e-18
6064.72 1.700e-18
6066.78 2.645e-18
6068.83 3.019e-18
6070.89 3.114e-18
6072.95 2.825e-18
6075.01 2.662e-18
6077.07 2.528e-18
6079.13 2.082e-18
6081.19 1.720e-18
6083.25 1.702e-18
6085.31 2.671e-18
6087.37 3.632e-18
6089.43 2.669e-18
6091.48 2.387e-18
6093.54 2.510e-18
6095.60 2.089e-18
6097.66 2.611e-18
6099.72 2.578e-18
6101.78 2.544e-18
6103.84 2.991e-18
6105.90 3.213e-18
6107.96 3.196e-18
6110.02 3.783e-18
6112.07 3.708e-18
6114.13 3.190e-18
6116.19 3.501e-18
6118.25 1.372e-18
6120.31 1.687e-18
6122.37 2.538e-18
6124.43 2.474e-18
6126.49 1.678e-18
6128.55 1.956e-18
6130.61 2.472e-18
6132.67 1.731e-18
6134.72 1.664e-18
6136.78 2.463e-18
6138.84 2.284e-18
6140.90 2.267e-18
6142.96 3.453e-18
6145.02 4.490e-18
6147.08 3.398e-18
6149.14 3.076e-18
6151.20 2.616e-18
6153.26 2.354e-18
6155.32 3.089e-18
6157.37 2.534e-18
6159.43 2.154e-18
6161.49 3.043e-18
6163.55 2.962e-18
6165.61 1.684e-18
6167.67 1.149e-18
6169.73 2.241e-18
6171.79 1.687e-18
6173.85 1.997e-18
6175.91 1.686e-18
6177.97 1.241e-18
6180.02 1.741e-18
6182.08 1.547e-18
6184.14 5.510e-19
6186.20 7.129e-19
6188.26 2.140e-18
6190.32 2.843e-18
6192.38 2.663e-18
6194.44 2.746e-18
6196.50 1.799e-18
6198.56 1.371e-18
6200.62 2.075e-18
6202.67 2.796e-18
6204.73 1.777e-18
6206.79 1.788e-18
6208.85 3.090e-18
6210.91 3.102e-18
6212.97 1.837e-18
6215.03 1.659e-18
6217.09 2.063e-18
6219.15 1.165e-18
6221.21 2.996e-18
6223.27 3.135e-18
6225.32 2.415e-18
6227.38 3.067e-18
6229.44 3.995e-18
6231.50 3.618e-18
6233.56 2.515e-18
6235.62 1.924e-18
6237.68 1.815e-18
6239.74 2.149e-18
6241.80 2.685e-18
6243.86 2.057e-18
6245.91 1.282e-18
6247.97 1.164e-18
6250.03 1.684e-18
6252.09 1.266e-18
6254.15 1.857e-18
6256.21 2.955e-18
6258.27 2.905e-18
6260.33 2.177e-18
6262.39 1.852e-18
6264.45 7.939e-19
6266.51 7.976e-19
6268.56 6.051e-18
6270.62 5.651e-18
6272.68 5.660e-18
6274.74 1.730e-19
6276.80 8.617e-19
6278.86 2.442e-18
6280.92 1.453e-18
6282.98 1.904e-18
6285.04 2.327e-18
6287.10 2.671e-18
6289.16 2.691e-18
6291.21 2.446e-18
6293.27 2.060e-18
6295.33 3.747e-18
6297.39 3.455e-18
6299.45 3.245e-18
6301.51 3.139e-18
6303.57 2.219e-18
6305.63 1.667e-18
6307.69 1.529e-18
6309.75 1.693e-18
6311.81 1.964e-18
6313.86 1.388e-18
6315.92 1.812e-18
6317.98 2.253e-18
6320.04 2.226e-18
6322.10 9.066e-19
6324.16 1.843e-18
6326.22 2.632e-18
6328.28 2.306e-18
6330.34 1.610e-18
6332.40 1.177e-18
6334.46 4.210e-18
6336.51 7.129e-18
6338.57 5.144e-18
6340.63 7.144e-19
6342.69 1.709e-18
6344.75 3.336e-18
6346.81 3.243e-18
6348.87 1.215e-18
6350.93 4.620e-19
6352.99 1.973e-18
6355.05 3.261e-18
6357.11 4.484e-18
6359.16 3.567e-18
6361.22 1.792e-18
6363.28 1.903e-18
6365.34 2.219e-18
6367.40 2.376e-18
6369.46 2.460e-18
6371.52 3.683e-18
6373.58 4.193e-18
6375.64 3.716e-18
6377.70 3.423e-18
6379.76 2.161e-18
6381.81 2.961e-18
6383.87 3.742e-18
6385.93 1.893e-18
6387.99 1.916e-18
6390.05 3.110e-18
6392.11 2.598e-18
6394.17 1.852e-18
6396.23 1.525e-18
6398.29 1.196e-18
6400.35 1.594e-18
6402.40 2.192e-18
6404.46 3.188e-18
6406.52 4.061e-18
6408.58 4.095e-18
6410.64 4.507e-18
6412.70 4.563e-18
6414.76 4.594e-18
6416.82 3.792e-18
6418.88 3.243e-18
6420.94 3.809e-18
6423.00 3.202e-18
6425.05 2.873e-18
6427.11 3.074e-18
6429.17 3.660e-18
6431.23 2.846e-18
6433.29 2.851e-18
6435.35 2.968e-18
6437.41 3.564e-18
6439.47 4.405e-18
6441.53 3.992e-18
6443.59 4.135e-18
6445.65 4.729e-18
6447.70 3.565e-18
6449.76 4.173e-18
6451.82 4.148e-18
6453.88 3.730e-18
6455.94 4.204e-18
6458.00 3.766e-18
6460.06 3.306e-18
6462.12 3.828e-18
6464.18 3.886e-18
6466.24 3.996e-18
6468.30 3.806e-18
6470.35 2.684e-18
6472.41 3.146e-18
6474.47 3.362e-18
6476.53 4.092e-18
6478.59 4.736e-18
6480.65 3.785e-18
6482.71 3.424e-18
6484.77 4.128e-18
6486.83 3.465e-18
6488.89 3.511e-18
6490.95 4.933e-18
6493.00 4.477e-18
6495.06 3.629e-18
6497.12 3.260e-18
6499.18 3.912e-18
6501.24 3.082e-18
6503.30 2.300e-18
6505.36 3.223e-18
6507.42 3.064e-18
6509.48 3.722e-18
6511.54 3.126e-18
6513.60 2.741e-18
6515.65 2.156e-18
6517.71 3.178e-18
6519.77 3.598e-18
6521.83 2.395e-18
6523.89 2.053e-18
6525.95 3.115e-18
6528.01 4.094e-18
6530.07 3.644e-18
6532.13 2.255e-18
6534.19 2.814e-18
6536.24 4.300e-18
6538.30 4.878e-18
6540.36 4.771e-18
6542.42 3.660e-18
6544.48 2.359e-18
6546.54 2.028e-18
6548.60 2.227e-18
6550.66 3.643e-18
6552.72 4.797e-18
6554.78 4.534e-18
6556.84 4.783e-18
6558.89 4.676e-18
6560.95 3.892e-18
6563.01 3.722e-18
6565.07 3.664e-18
6567.13 3.286e-18
6569.19 3.386e-18
6571.25 3.054e-18
6573.31 3.159e-18
6575.37 4.143e-18
6577.43 4.720e-18
6579.49 3.902e-18
6581.54 3.313e-18
6583.60 3.598e-18
6585.66 3.941e-18
6587.72 4.094e-18
6589.78 4.016e-18
6591.84 4.495e-18
6593.90 4.319e-18
6595.96 2.520e-18
6598.02 2.621e-18
6600.08 3.737e-18
6602.14 4.079e-18
6604.19 4.498e-18
6606.25 4.538e-18
6608.31 3.467e-18
6610.37 2.835e-18
6612.43 2.679e-18
6614.49 2.789e-18
6616.55 3.168e-18
6618.61 2.490e-18
6620.67 3.345e-18
6622.73 4.318e-18
6624.79 3.425e-18
6626.84 3.002e-18
6628.90 2.632e-18
6630.96 2.838e-18
6633.02 3.657e-18
6635.08 2.962e-18
6637.14 3.225e-18
6639.20 3.437e-18
6641.26 2.843e-18
6643.32 2.705e-18
6645.38 3.213e-18
6647.44 3.688e-18
6649.49 3.174e-18
6651.55 3.038e-18
6653.61 3.881e-18
6655.67 4.507e-18
6657.73 3.192e-18
6659.79 2.060e-18
6661.85 2.205e-18
6663.91 2.113e-18
6665.97 1.970e-18
6668.03 2.169e-18
6670.08 2.116e-18
6672.14 2.869e-18
6674.20 3.380e-18
6676.26 2.944e-18
6678.32 2.761e-18
6680.38 2.209e-18
6682.44 1.675e-18
6684.50 2.471e-18
6686.56 3.005e-18
6688.62 3.160e-18
6690.68 2.992e-18
6692.73 2.179e-18
6694.79 2.334e-18
6696.85 2.778e-18
6698.91 2.372e-18
6700.97 1.486e-18
6703.03 1.439e-18
6705.09 2.744e-18
6707.15 3.570e-18
6709.21 3.223e-18
6711.27 1.794e-18
6713.33 2.567e-18
6715.38 3.420e-18
6717.44 2.758e-18
6719.50 2.714e-18
6721.56 2.986e-18
6723.62 2.179e-18
6725.68 2.081e-18
6727.74 2.350e-18
6729.80 1.956e-18
6731.86 1.841e-18
6733.92 1.869e-18
6735.98 1.858e-18
6738.03 1.902e-18
6740.09 2.131e-18
6742.15 2.350e-18
6744.21 2.091e-18
6746.27 2.270e-18
6748.33 1.316e-18
6750.39 2.030e-18
6752.45 2.877e-18
6754.51 2.610e-18
6756.57 2.487e-18
6758.63 2.762e-18
6760.68 3.052e-18
6762.74 2.893e-18
6764.80 2.018e-18
6766.86 1.160e-18
6768.92 1.648e-18
6770.98 2.550e-18
6773.04 2.905e-18
6775.10 3.144e-18
6777.16 3.088e-18
6779.22 2.746e-18
6781.28 3.039e-18
6783.33 2.471e-18
6785.39 1.725e-18
6787.45 1.188e-18
6789.51 1.273e-18
6791.57 1.531e-18
6793.63 2.157e-18
6795.69 2.817e-18
6797.75 1.977e-18
6799.81 1.747e-18
6801.87 3.734e-18
6803.92 3.944e-18
6805.98 3.144e-18
6808.04 2.554e-18
6810.10 2.075e-18
6812.16 1.548e-18
6814.22 1.984e-18
6816.28 3.284e-18
6818.34 2.548e-18
6820.40 2.521e-18
6822.46 2.260e-18
6824.52 2.309e-18
6826.57 1.685e-18
6828.63 1.767e-18
6830.69 2.545e-18
6832.75 2.030e-18
6834.81 2.563e-18
6836.87 2.547e-18
6838.93 1.088e-18
6840.99 1.906e-18
6843.05 1.884e-18
6845.11 1.263e-18
6847.17 1.759e-18
6849.22 2.684e-18
6851.28 2.941e-18
6853.34 1.855e-18
6855.40 2.378e-18
6857.46 2.165e-18
6859.52 2.669e-18
6861.58 2.562e-18
6863.64 2.069e-18
6865.70 1.607e-18
6867.76 1.424e-18
6869.82 2.379e-18
6871.87 1.753e-18
6873.93 2.026e-18
6875.99 2.220e-18
6878.05 2.254e-18
6880.11 1.902e-18
6882.17 2.007e-18
6884.23 2.948e-18
6886.29 2.847e-18
6888.35 2.053e-18
6890.41 2.995e-18
6892.47 3.944e-18
6894.52 3.034e-18
6896.58 2.053e-18
6898.64 2.041e-18
6900.70 2.129e-18
6902.76 2.131e-18
6904.82 2.529e-18
6906.88 3.036e-18
6908.94 3.025e-18
6911.00 2.437e-18
6913.06 2.239e-18
6915.12 1.770e-18
6917.17 2.325e-18
6919.23 3.887e-18
6921.29 3.799e-18
6923.35 2.618e-18
6925.41 2.038e-18
6927.47 2.828e-18
6929.53 2.911e-18
6931.59 1.901e-18
6933.65 2.286e-18
6935.71 3.138e-18
6937.76 2.540e-18
6939.82 2.317e-18
6941.88 2.425e-18
6943.94 1.724e-18
6946.00 2.062e-18
6948.06 3.420e-18
6950.12 4.027e-18
6952.18 2.734e-18
6954.24 1.717e-18
6956.30 2.498e-18
6958.36 2.348e-18
6960.41 1.935e-18
6962.47 2.185e-18
6964.53 2.061e-18
6966.59 2.413e-18
6968.65 2.818e-18
6970.71 2.909e-18
6972.77 2.431e-18
6974.83 1.060e-18
6976.89 1.620e-18
6978.95 1.833e-18
6981.01 2.071e-18
6983.06 2.661e-18
6985.12 3.215e-18
6987.18 3.188e-18
6989.24 2.939e-18
6991.30 3.762e-18
6993.36 4.948e-18
6995.42 4.904e-18
6997.48 4.353e-18
6999.54 3.814e-18
7001.60 3.581e-18
7003.66 3.226e-18
7005.71 3.616e-18
7007.77 5.478e-18
7009.83 6.180e-18
7011.89 5.622e-18
7013.95 5.404e-18
7016.01 5.612e-18
7018.07 5.877e-18
7020.13 6.074e-18
7022.19 6.171e-18
7024.25 6.357e-18
7026.31 6.910e-18
7028.36 7.482e-18
7030.42 7.067e-18
7032.48 6.612e-18
7034.54 7.345e-18
7036.60 7.670e-18
7038.66 7.572e-18
7040.72 8.126e-18
7042.78 8.099e-18
7044.84 8.392e-18
7046.90 8.887e-18
7048.96 8.838e-18
7051.01 8.310e-18
7053.07 8.112e-18
7055.13 8.192e-18
7057.19 8.442e-18
7059.25 9.004e-18
7061.31 9.139e-18
7063.37 1.007e-17
7065.43 1.048e-17
7067.49 1.067e-17
7069.55 1.062e-17
7071.61 1.066e-17
7073.66 1.080e-17
7075.72 1.039e-17
7077.78 1.097e-17
7079.84 1.115e-17
7081.90 1.120e-17
7083.96 1.105e-17
7086.02 1.160e-17
7088.08 1.234e-17
7090.14 1.230e-17
7092.20 1.219e-17
7094.25 1.173e-17
7096.31 1.244e-17
7098.37 1.387e-17
7100.43 1.451e-17
7102.49 1.413e-17
7104.55 1.349e-17
7106.61 1.310e-17
7108.67 1.350e-17
7110.73 1.461e-17
7112.79 1.425e-17
7114.85 1.353e-17
7116.90 1.285e-17
7118.96 1.301e-17
7121.02 1.302e-17
7123.08 1.249e-17
7125.14 1.303e-17
7127.20 1.272e-17
7129.26 1.191e-17
7131.32 1.134e-17
7133.38 1.192e-17
7135.44 1.224e-17
7137.50 1.221e-17
7139.55 1.257e-17
7141.61 1.217e-17
7143.67 1.236e-17
7145.73 1.317e-17
7147.79 1.159e-17
7149.85 1.071e-17
7151.91 1.073e-17
7153.97 1.016e-17
7156.03 1.072e-17
7158.09 1.191e-17
7160.15 1.113e-17
7162.20 1.001e-17
7164.26 1.102e-17
7166.32 1.122e-17
7168.38 1.059e-17
7170.44 1.036e-17
7172.50 1.005e-17
7174.56 1.086e-17
7176.62 1.165e-17
7178.68 1.052e-17
7180.74 9.747e-18
7182.80 9.691e-18
7184.85 9.882e-18
7186.91 1.004e-17
7188.97 9.266e-18
7191.03 8.529e-18
7193.09 9.315e-18
7195.15 8.990e-18
7197.21 8.533e-18
7199.27 8.590e-18
7201.33 8.566e-18
7203.39 9.362e-18
7205.45 1.017e-17
7207.50 8.554e-18
7209.56 7.505e-18
7211.62 7.094e-18
7213.68 8.331e-18
7215.74 9.016e-18
7217.80 8.169e-18
7219.86 7.623e-18
7221.92 7.203e-18
7223.98 6.916e-18
7226.04 7.860e-18
7228.09 8.028e-18
7230.15 7.379e-18
7232.21 7.449e-18
7234.27 7.355e-18
7236.33 7.111e-18
7238.39 8.028e-18
7240.45 7.468e-18
7242.51 7.209e-18
7244.57 7.858e-18
7246.63 8.358e-18
7248.69 7.985e-18
7250.74 7.856e-18
7252.80 8.512e-18
7254.86 8.168e-18
7256.92 7.345e-18
7258.98 7.193e-18
7261.04 7.499e-18
7263.10 7.146e-18
7265.16 7.570e-18
7267.22 8.519e-18
7269.28 7.789e-18
7271.34 7.811e-18
7273.39 8.482e-18
7275.45 8.079e-18
7277.51 8.237e-18
7279.57 8.181e-18
7281.63 8.215e-18
7283.69 8.832e-18
7285.75 8.032e-18
7287.81 8.097e-18
7289.87 7.884e-18
7291.93 8.055e-18
7293.99 8.884e-18
7296.04 9.095e-18
7298.10 8.702e-18
7300.16 8.452e-18
7302.22 8.203e-18
7304.28 8.567e-18
7306.34 8.506e-18
7308.40 9.368e-18
7310.46 9.807e-18
7312.52 8.680e-18
7314.58 8.083e-18
7316.64 8.940e-18
7318.69 9.349e-18
7320.75 8.498e-18
7322.81 8.890e-18
7324.87 9.378e-18
7326.93 9.703e-18
7328.99 9.625e-18
7331.05 8.491e-18
7333.11 8.150e-18
7335.17 8.326e-18
7337.23 9.118e-18
7339.29 9.462e-18
7341.34 9.623e-18
7343.40 9.911e-18
7345.46 8.945e-18
7347.52 7.549e-18
7349.58 8.592e-18
7351.64 9.233e-18
7353.70 9.260e-18
7355.76 9.289e-18
7357.82 8.827e-18
7359.88 8.705e-18
7361.93 9.568e-18
7363.99 9.510e-18
7366.05 8.689e-18
7368.11 8.892e-18
7370.17 8.473e-18
7372.23 7.781e-18
7374.29 8.173e-18
7376.35 8.786e-18
7378.41 8.541e-18
7380.47 8.082e-18
7382.53 8.189e-18
7384.58 7.470e-18
7386.64 6.910e-18
7388.70 7.379e-18
7390.76 7.397e-18
7392.82 7.268e-18
7394.88 8.511e-18
7396.94 8.179e-18
7399.00 7.417e-18
7401.06 6.833e-18
7403.12 6.603e-18
7405.18 6.916e-18
7407.23 7.287e-18
7409.29 7.327e-18
7411.35 6.866e-18
7413.41 6.193e-18
7415.47 6.646e-18
7417.53 6.634e-18
7419.59 6.582e-18
7421.65 6.812e-18
7423.71 6.259e-18
7425.77 6.831e-18
7427.83 6.537e-18
7429.88 6.017e-18
7431.94 6.033e-18
7434.00 5.729e-18
7436.06 5.539e-18
7438.12 5.864e-18
7440.18 5.344e-18
7442.24 5.095e-18
7444.30 5.646e-18
7446.36 6.234e-18
7448.42 6.128e-18
7450.48 5.552e-18
7452.53 5.333e-18
7454.59 5.515e-18
7456.65 5.035e-18
7458.71 4.232e-18
7460.77 5.119e-18
7462.83 5.256e-18
7464.89 4.480e-18
7466.95 4.894e-18
7469.01 5.199e-18
7471.07 4.437e-18
7473.13 4.119e-18
7475.18 4.239e-18
7477.24 4.579e-18
7479.30 4.598e-18
7481.36 4.290e-18
7483.42 4.414e-18
7485.48 3.926e-18
7487.54 1.705e-18
7489.60 1.980e-18
7491.66 3.852e-18
7493.72 3.769e-18
7495.77 3.101e-18
7497.83 3.455e-18
7499.89 3.181e-18
7501.95 3.815e-18
7504.01 3.970e-18
7506.07 3.928e-18
7508.13 4.233e-18
7510.19 4.170e-18
7512.25 3.775e-18
7514.31 3.797e-18
7516.37 3.831e-18
7518.42 3.973e-18
7520.48 3.876e-18
7522.54 3.351e-18
7524.60 2.938e-18
7526.66 3.133e-18
7528.72 3.629e-18
7530.78 4.048e-18
7532.84 4.529e-18
7534.90 4.381e-18
7536.96 4.786e-18
7539.02 4.264e-18
7541.07 3.122e-18
7543.13 3.780e-18
7545.19 4.133e-18
7547.25 4.143e-18
7549.31 2.982e-18
7551.37 2.608e-18
7553.43 3.476e-18
7555.49 3.872e-18
7557.55 3.350e-18
7559.61 3.047e-18
7561.67 3.279e-18
7563.72 1.116e-18
7565.78 1.472e-18
7567.84 3.121e-18
7569.90 2.212e-18
7571.96 2.228e-18
7574.02 3.280e-18
7576.08 3.497e-18
7578.14 2.380e-18
7580.20 2.214e-18
7582.26 2.673e-18
7584.32 2.943e-18
7586.37 3.301e-18
7588.43 3.413e-18
7590.49 2.718e-18
7592.55 1.509e-18
7594.61 2.130e-18
7596.67 2.399e-18
7598.73 1.893e-18
7600.79 2.679e-18
7602.85 3.589e-18
7604.91 3.730e-18
7606.97 3.126e-18
7609.02 2.388e-18
7611.08 2.209e-18
7613.14 1.959e-18
7615.20 1.893e-18
7617.26 2.529e-18
7619.32 2.070e-18
7621.38 2.083e-18
7623.44 2.540e-18
7625.50 2.510e-18
7627.56 2.372e-18
7629.61 2.916e-18
7631.67 3.469e-18
7633.73 2.989e-18
7635.79 2.716e-18
7637.85 2.839e-18
7639.91 3.023e-18
7641.97 2.931e-18
7644.03 2.838e-18
7646.09 2.833e-18
7648.15 2.183e-18
7650.21 2.182e-18
7652.26 1.968e-18
7654.32 2.115e-18
7656.38 2.915e-18
7658.44 3.270e-18
7660.50 2.886e-18
7662.56 2.471e-18
7664.62 2.760e-18
7666.68 2.756e-18
7668.74 2.252e-18
7670.80 1.650e-18
7672.86 1.523e-18
7674.91 2.241e-18
7676.97 2.785e-18
7679.03 2.604e-18
7681.09 2.148e-18
7683.15 1.208e-18
7685.21 9.137e-19
7687.27 1.982e-18
7689.33 3.026e-18
7691.39 3.319e-18
7693.45 2.314e-18
7695.51 2.233e-18
7697.56 1.705e-18
7699.62 1.139e-18
7701.68 2.082e-18
7703.74 2.459e-18
7705.80 2.131e-18
7707.86 2.556e-18
7709.92 2.213e-18
7711.98 1.328e-18
7714.04 2.272e-18
7716.10 3.086e-18
7718.16 1.452e-18
7720.21 1.879e-18
7722.27 1.774e-18
7724.33 1.313e-18
7726.39 1.518e-18
7728.45 1.907e-18
7730.51 2.084e-18
7732.57 2.071e-18
7734.63 1.883e-18
7736.69 1.616e-18
7738.75 1.839e-18
7740.81 1.957e-18
7742.86 1.882e-18
7744.92 2.108e-18
7746.98 1.897e-18
7749.04 1.024e-18
7751.10 6.586e-19
7753.16 6.134e-19
7755.22 5.766e-19
7757.28 1.628e-18
7759.34 2.965e-18
7761.40 2.359e-18
7763.46 1.955e-18
7765.51 1.623e-18
7767.57 1.453e-18
7769.63 1.616e-18
7771.69 1.971e-18
7773.75 2.219e-18
7775.81 1.997e-18
7777.87 1.921e-18
7779.93 1.618e-18
7781.99 9.918e-19
7784.05 4.193e-19
7786.10 1.219e-19
7788.16 7.919e-19
7790.22 2.270e-18
7792.28 1.751e-18
7794.34 1.224e-18
7796.40 8.916e-19
7798.46 8.247e-19
7800.52 1.419e-18
7802.58 1.673e-18
7804.64 1.576e-18
7806.70 1.459e-18
7808.75 1.430e-18
7810.81 9.888e-19
7812.87 8.139e-19
7814.93 1.053e-18
7816.99 1.056e-18
7819.05 1.651e-18
7821.11 9.044e-19
7823.17 1.120e-19
7825.23 8.909e-19
7827.29 1.187e-18
7829.35 7.980e-20
7831.40 7.979e-20
