#  name   pha del  ratio              vFe               vNi               wFe               wNi  
1  2013cs 303 0.81 0.0825192065909366 1615.847844902074 979.0565969983734 6665.963742139039 7470.060321278597
2  2013cs 261 0.81 0.06178326001406661 1920.894201468526 1880.1249122674558 7123.7015167823 6010.63454112813
3  1986G 256.5 1.57 0.0500482943196311 521.520724020852 -1088.2789668596126 8643.107912993248 3064.442655137067
4  1990N 227 1.09 0.04627412729906037 -1215.9663347526496 -2378.5685366179086 8065.396173777548 8410.138248847914
5  1990N 280 1.09 0.07179014471533539 -1141.2314308540617 -2741.378627099511 7635.278238133757 8410.138248847683
6  1990N 305 1.09 0.06804655304122353 -932.6993464555234 -1924.2874572938495 7819.0499699796055 8410.138248847905
7  1998bu 209.2 1.05 0.1036525043023737 -1389.075178145116 -2577.2994157152507 5765.985561858159 4914.1554403203945
8  1998bu 218.1 1.05 0.09355401014592664 -1716.224989395132 -2594.3830150027547 6527.953553079009 5240.087167719095
9  1998bu 237 1.05 0.10961290856998117 -1226.3348616765923 -1933.0081044035885 6460.24609799303 4544.63001100984
10 1998bu 281 1.05 0.13108297798673532 -1359.8364660376117 -2072.4057646004044 6158.26094294409 5235.965669820747
11 1998bu 341 1.05 0.1490132924812217 -1873.543148339185 -1241.1990461123955 8894.200677248733 8410.13824884146
12 1999aa 256 0.90 0.03840171507345007 393.77035208529867 -218.65203972014635 7400.588646051808 3469.7577449266655
13 1999aa 282 0.90 0.03488644581158666 310.7083195861504 498.29478696556964 7770.064156139703 1727.335823061525
14 2002bo 311 1.10 0.16398561299257208 1329.9596530700564 2083.1702993729273 8950.64937457108 6373.696665849852
15 2003du 221 1.02 0.11762841655713353 -956.772585552268 -683.6391999976432 8188.487614329087 8410.138248845165
16 2003du 375 1.02 0.08792167753689417 -511.1438169967619 -906.272478202541 8011.546689788321 8410.138248847037
17 2003gs 207 1.59 0.04777047230128506 1884.1058465698613 1290.54960992816 10135.190372346939 4452.426131743021
18 2003hv 319 1.55 0.15247589634133243 -2736.7138560535077 -4063.60592792967 7056.751552623038 5309.457750614608
19 2004eo 227 1.31 0.14234663402956454 -697.0637006205816 -2584.9270654792253 6685.979219157978 8410.138248847923
20 2005cf 319 1.11 0.08191022468379096 -162.91073791081521 -1470.8477419069443 6634.591106131127 8410.138248847872
21 2006X 277 1.08 0.14346071422102408 2668.7337513068733 2213.775196710066 6945.227326172815 5842.751293572072
22 2006X 360 1.08 0.14132619469442573 2803.896635126657 2326.217747332682 8237.07609555963 5604.492931308884
23 2007af 303 1.08 0.07972016117998676 419.8552361800889 497.44744619795165 7566.935259482002 7313.635738440799
24 2007le 306.5 1.05 0.08337292510816857 1652.6027349581086 856.471377736856 6822.176011813281 5856.520979963597
25 2008Q 200.4 1.09 0.17158004008586847 -1501.0562792553305 -1806.3522424789924 8105.758719879463 4862.392099423693
26 2011by 207 1.11 0.11144308414136526 -1579.8746803404429 -3829.530756267707 5768.228719574789 7380.974473168588
27 2011by 311.1 1.11 0.09697152046667352 -1352.4555533528048 -2724.163454070738 6220.836136195726 6214.424127934818
28 2011fe 203.9 1.18 0.14134110177318546 -1372.4490447322935 -3794.4145815356765 5944.287510681068 8410.13824884707
29 2011fe 224.9 1.18 0.14132249142237266 -1354.414818847316 -3697.095405436357 5831.801157574586 8410.138248847905
30 2011fe 309.9 1.18 0.14109844490289877 -1256.1790619220249 -2409.4515938186014 6174.2327705485395 8410.138248839095
31 2011fe 345.9 1.18 0.15393440201438083 -1236.6924609697348 -2771.3422255372766 6532.861570626862 8410.138248847923
32 2011fe 378.9 1.18 0.1446940157515179 -1226.5768844373915 -2738.321717073733 7063.428624537164 8410.138248847918
33 2012cg 286.3 0.98 0.0531534890448158 -973.407696309192 -2382.358527237116 6769.536092134687 6001.0772132985785
34 2012cg 342.1 0.98 0.09722052828061295 -1127.215089010458 -2557.5472801619203 6638.751745829865 8410.138248847923
35 2012hr 284.5 1.07 0.06935607256711032 154.2841264347228 -2561.2897573688897 6187.005158048366 8410.138248847921
36 2012hr 369.5 1.07 0.15076233546735401 267.8624953253772 -2326.0461372584973 5241.451234759581 8410.138243785766
37 2013aa 205.7 0.90 0.07872361286872892 -1358.088473276875 -4093.4016884339508 6334.531626279216 8410.138248297893
38 2013aa 353.2 0.90 0.09405730777884105 -1384.2322334925107 -3685.861927517886 5897.125941411989 8410.138248846095
38 2013aa 400.2 0.90 0.09405730777884105 -1384.2322334925107 -3685.861927517886 5897.125941411989 8410.138248846095
39 2013aa 426.7 0.90 0.092292650874922 -1309.5362300946101 -2974.481929953976 6934.496798293981 8410.138248847712
40 2013cs 261 0.81 0.061471120180537665 1991.3122038255792 1949.2332212054598 7014.18272564821 5762.408614516428
41 2013cs 303 0.81 0.0959479084644048 1666.4982375223624 1121.0463904124613 6479.770651811872 7869.192052488551
42 2013gy 275.0 1.10 0.0989227133376271 -590.6808595453783 -2090.2644555713446 6261.68192107914 7996.344417238626
43 2013dy 333.6 0.94 0.0738791597094283 -1319.502802500283 -3062.0821517777895 6295.184756021344 8410.138248842572
44 2013dy 423.4 0.94 0.07561867988274629 -1085.0587624801956 -2943.662516873924 7433.625581105435 8410.138248826912
45 2014J 211.7 1.01 0.09620202032864322 279.68856424698265 522.478203585619 7020.447459816392 8410.138248844616
46 2014J 230.3 1.01 0.09257501184501078 784.0358814052539 592.757530604593 7301.583330231199 8410.138248847688
47 2014J 263.7 1.01 0.08631168522305432 696.0941625957506 5.543195434065673 6991.68952723413 8410.138248847901
48 2014J 267.7 1.01 0.09222713778050494 656.0731015267995 401.45540809566336 7278.363640290442 8410.138248847901
49 2014J 303.7 1.01 0.09242118166938833 745.9909352707905 120.78391679246624 7115.224672100259 8410.138248847912
50 2014J 349.7 1.01 0.11767506895153441 1040.6588470890376 1416.350660696497 8008.953660448333 8410.13824884777
51 2014J 426.7 1.01 0.0987818972293528 1154.7601674243735 310.7582572347667 8815.103275465193 8410.138248847821
52 2015F 279.3 1.18 0.17497196303455406 -72.10976451668128 -837.2481105906604 6908.585377826611 8410.138248847605
53 2015F 295.5 1.18 0.16695960590214307 -1316.5630496310143 -2543.5244011486116 6474.935339294777 8410.138248846826
2013aa 400 0.90 0.10169942721562117 -1265.143132143931 -3643.0617948126187 6215.292122324646 8410.138248847923
