0  1       2     3     4    5    6    7      8   9    10    11   12   13   14     15                  16                  17                  18                 19             20                  21                    22      23    24      23
0  name    phase B-V        d15       M_B    v^dot    v0(Si 2)   R(Si 2)   T(RC3) Ni/Fe               vFe                 vNi                 wFe                wNi            flux_ratio          high_ratio            M(host)               0
1  1986G   256   0.91  0.06 1.57 0.07 -17.48 64  5    10.00 0.15 0.53 0.05 -2.2   0.04895302020593202 567.4630101470068 -1056.026537449628 8795.429531526483 3133.694887020986 0.24804411098555376 0.6751499691952975                          1
2  1990N   227   0.02  0.06 1.09 0.06 -19.23 41  5    10.53 0.15 0.21 0.05 3.8    0.04134111265976273 -1577.0638341100707 -4584.50188581373 7243.514068862156 5485.072987098235 0.2094747064370476 0.26826837263165804                          2
3  1990N   280   0.02  0.06 1.09 0.06 -17.48 64  5    10.53 0.15 0.21 0.05 3.8    0.102990294495489 -1465.9781016779227 -3668.445038033441 7500.9004263763045 10272.941781589529 0.5218500499215023 0.36951773733869203                        3
4  1990N   305   0.02  0.06 1.09 0.06 -17.48 64  5    10.53 0.15 0.21 0.05 3.8    0.1360750480347458 -1488.9738604748848 -4212.504098298653 6761.47645707285 10735.84167411158 0.6894899267727914 0.4211185331944586                        4
5  1998bu  237   0.41  0.06 1.05 0.06 -19.12 10  5    10.50 0.10 0.21 0.05 2.0    0.09892619557686827 -1296.9391381289608 -1969.214637535388 6872.608829594075 4821.2667448402735 0.5012573306370554 0.6929345081172193                         7     
6  1998bu  281   0.41  0.06 1.05 0.06 -19.12 10  5    10.50 0.10 0.21 0.05 2.0    0.11631306270491264 -1345.6317365597824 -1885.7492810769427 7138.200553608443 5754.957615216306 0.589356287176556 0.7089172176694934                        8
7  1999aa  256   -0.01 0.06 0.90 0.06 -19.80 14  3.5  10.50 0.20 0.00 0.00 0.0    0.04232030932830746 466.51855275525736 -160.9092182956351 7497.951162589919 3829.8196824476954 0.21443627910626073 0.40713039871127904    10.533   0.132 0.013  9
10 2002bo  311   0.36  0.06 1.10 0.06 -19.42 245 8    13.20 0.20 0.00 0.00 0.0    0.19017664370942955 1563.940513521711 1092.5019338602349 5318.986167182537 5470.126275239989 0.9636217810603162 0.908676097280583       10.779   0.054 0.449  10
0  2002er  213   0.16  0.06 1.23 0.06 0     0   0     11.7  0.30 0.00 0.00 0.0    0.1535288436319217 -232.84348598547888 -1447.5286464021408 7710.414414131252 8649.337549876263 0.777928008713657 0.6725201017479571
0  2003cg  384   1.32  0.06 1.14 0.06 0     0   0     10.9  0.30 0.00 0.00 0.0    0.16820529722404587 -1408.8396494854383 -1422.5165956324615 8667.54578081194 11290.769133224218 0.8522933465082398 0.6345015717244266
8  2003du  219   0     0.06 1.02 0.06 -18.93 31  5    10.40 0.30 0.22 0.03 8.0    0.2100445161385995 -2011.1334803428304 -3377.069909986341 6643.356596670807 12143.19318521337 1.0642919487667548 0.5646592208356426
9  2003du  375   0     0.06 1.02 0.06 -18.93 31  5    10.32 0.10 0.22 0.03 8.0    0.12737372547576065 -1060.1215075171976 -3102.9917109070993 6634.719525025094 9475.28621551102 0.6454004751013196 0.43825865231626365
10 2003gs  207   0     0.06 1.59 0.06 -17.94 0   0    11.40 0.30 0.00 0.00 0.0    0.046999111303193286 1813.2351648402878 1225.4449939671065 10032.967261242326 4332.575070930889 0.23814368819881299 0.5348024167733822
11 2003hv  319   0.00  0.06 1.55 0.06 -18.99 41  6    11.30 0.30 0.40 0.05 0.0    0.15550643186327495 -2853.855290112639 -4154.359309713951 6993.505280509757 5492.625913064244 0.7879484142510068 0.9729346233607958
0  2003kf  400   -0.03 0.06 1.03 0.06 0     0   0     11.1  0.30 0.00 0.00 0.0    0.1460752049621589 -1402.9312719164411 -4061.441655827236 8141.0364812630905 10419.8831806932 0.7401605498383653 0.5608074466787993
12 2004eo  227   0.01  0.06 1.31 0.06 -19.08 0   0    10.70 0.30 0.00 0.00 0.0    0.16451665645588112 -839.6918700938172 -2862.464030607803 6593.4006791979255 9105.758436067334 0.8336030672111593 0.5853607989422711
16 2005cf  317   -0.02 0.06 1.11 0.06 -19.39 107 149  10.10 0.30 0.00 0.00 0.0    0.13412092476863782 -348.29860093539276 -1803.5655097893844 6417.200599627428 11064.004781096555 0.6795884178105475 0.38225239612742384
13 2006X   276   1.38  0.06 1.08 0.05 -19.10 185 6    16.10 0.10 0.12 0.06 0.0    0.1366280819282488 2606.4800270609203 2160.7339325301123 7086.741619119935 5905.853370403861 0.6922921399944018 0.8056090320586194
14 2006X   359   1.38  0.06 1.08 0.05 -19.10 185 6    16.10 0.20 0.12 0.06 0.0    0.1451038203801766 2868.6857798443157 2335.679813942848 8195.666690751541 5620.563915837274 0.7352385608773314 1.0396895058382498
15 2007af  303   0.12  0.06 1.08 0.06 -19.28 0   0    10.80 0.20 0.00 0.00 0.0    0.06493930251668185 415.2387775932853 -359.71594261591247 6696.232660952614 6322.088888144863 0.3290463283574968 0.33798542571934237 
16 2007le  306   1.05  0.30 1.05 0.06 -19.34 93  12.5 12.90 0.60 0.00 0.00 0.0    0.08012850055871024 1618.292149849987 794.6988127558008 6844.904444756252 5912.745123405329 0.40600973345628766 0.45581190459714926 
17 2008Q   200   0.06  0.06 1.09 0.06 -18.55 83  16   11.09 0.10 0.00 0.00 0.0    0.17158169041046095 -1524.5280923983696 -1821.3885354607773 8091.7896988007715 4902.24752806418 0.8694014726818426 1.391684241736478
18 2011by  207   0.09  0.07 1.11 0.08 -18.47 53  9    10.35 0.14 0.00 0.00 0.0    0.11257591852617906 -1512.1796589021353 -3711.7487648900214 5698.314221331303 7239.356847991424 0.5704202419327841 0.4354239615555483
19 2011by  311   0.09  0.07 1.11 0.08 -18.47 53  9    10.35 0.14 0.00 0.00 0.0    0.09430757326759255 -1297.1267171455136 -2599.7681151311403 6340.574746682289 6064.40995033602 0.47785485087456003 0.48451481527303
20 2011fe  203   0.04  0.06 1.18 0.06 -19.07 60  3    10.40 0.20 0.26 0.00 0.0    0.0997653531297343 -1069.50395471207 -3081.0151379412678 6399.474088807245 6896.019009371735 0.5055093275169585 0.4549314861005091
21 2011fe  224   0.04  0.06 1.18 0.06 -19.07 60  3    10.40 0.20 0.26 0.00 0.0    0.15015445420703774 -1359.1333058848743 -3655.259778391029 5853.219906912007 8763.613858440629 0.7608300355652512 0.49279948327812684
22 2011fe  309   0.04  0.06 1.18 0.06 -19.07 60  3    10.40 0.20 0.26 0.00 0.0    0.1746861417741188 -1396.157645978857 -2647.3226576153143 5932.844102745164 9527.91391115609 0.8851316743191892 0.5344954117800907
23 2011fe  345   0.04  0.06 1.18 0.06 -19.07 60  3    10.40 0.20 0.26 0.00 0.0    0.2183871918581767 -1478.563949956857 -3150.7431439564916 6194.125328597702 10069.954885550695 1.1065641430746462 0.660085273908492
24 2011fe  378   0.04  0.06 1.18 0.06 -19.07 60  3    10.40 0.20 0.26 0.00 0.0    0.2518991905726495 -1604.0262740443568 -3397.7768944989716 6422.1168729987785 10751.470667435111 1.2763688638765947 0.7393626690755598
25 2012cg  286   0.20  0.06 0.98 0.06 -19.73 28  0    10.00 0.20 0.17 0.00 0.0    0.053729733962516964 -1053.4369071560245 -2633.942758395247 6687.5250345912955 6176.199363600772 0.27224763739108077 0.28587700350722356     8.467  0.035 0.160   29
26 2012cg  342   0.20  0.06 0.98 0.06 -19.73 28  0    10.00 0.20 0.17 0.00 0.0    0.13438791466969963 -1405.1620797624232 -3464.2506139400452 6357.488670026149 10230.487219595438 0.6809412510447874 0.4103646187004763
00 2012fr  222  -0.02  0.06 0.90 0.06 -19.40 0   0    12.00 0.20 0.00 0.00 0.0    0.04939568661260861 2366.759630648563 2528.2772972872403 6800.752802483971 6179.0252558328375 0.2502870940506509 0.2671446382147709
00 2012fr  261  -0.02  0.06 0.90 0.06 -19.40 0   0    12.00 0.20 0.00 0.00 0.0    0.05262419152773677 2269.857133494391 2243.7473590668055 6458.704046951729 5902.555287159902 0.2666458728985475 0.28295096164878214
00 2012fr  340  -0.02  0.06 0.90 0.06 -19.40 0   0    12.00 0.20 0.00 0.00 0.0    0.07095010468653595 2206.7013192356153 2238.3351194857014 7426.051882412796 4995.793305749046 0.3595029595165041 0.5182352792236757
00 2012fr  367  -0.02  0.06 0.90 0.06 -19.40 0   0    12.00 0.20 0.00 0.00 0.0    0.04556704950084298 2113.609492505253 3040.1705802480583 7830.173529908789 4329.912487149238 0.23088745568964278 0.404914746216379
27 2012hr  284   0.00  0.06 1.07 0.06 -19.40 120 80   11.50 0.20 0.00 0.00 0.0    0.11144754644159986 108.22995385113555 -2077.963839755925 6483.161578484486 11765.094187246888 0.5647027999975786 0.30177437946848473
28 2013aa  205   0.02  0.06 0.90 0.06 -20.10 50  10   10.20 0.20 0.00 0.00 0.0    0.11988689430691557 -1383.2381115220337 -4530.508240404496 5986.208079225372 10242.39735368153 0.6074648304043644 0.3443041955673151
29 2013aa  353   0.02  0.06 0.90 0.06 -20.10 50  10   10.20 0.20 0.00 0.00 0.0    0.10101724693928359 -1422.478612025968 -3793.9207954054586 5941.2209779457 8865.935361242233 0.5118526519069896 0.33263434601030534
30 2013aa  400   0.02  0.06 0.90 0.06 -20.10 50  10   10.20 0.20 0.00 0.00 0.0    0.1214204304760517 -1307.557124457337 -3552.897361579532 6378.142192006017 9677.060357046015 0.6152352317838378 0.39324474885320554
31 2013aa  426   0.02  0.06 0.90 0.06 -20.10 50  10   10.20 0.20 0.00 0.00 0.0    0.07159773902672155 -1161.502428221073 -2770.2492982512704 7138.142278516498 7028.898380941751 0.362784511573543 0.357287366528548
32 2013cs  261   0.08  0.00 0.81 0.18 -19.0  0   0    12.50 0.20 0.00 0.00 0.0    0.06052247848365506 1867.3299800138211 1702.2769296400452 7016.036747503248 6115.2596235675455 0.3066663569881511 0.3412039707111165
33 2013cs  303   0.08  0.00 0.81 0.18 -19.0  0   0    12.50 0.20 0.00 0.00 0.0    0.07446433100187697 1555.709285876894 897.5915060349671 6902.7217949978285 7335.6205668525545 0.37730948378250156 0.3443120477460084
34 2013dy  333   0.10  0.06 0.94 0.06 -19.66 25  20   10.30 0.20 0.00 0.00 0.0    0.09302264981589033 -1498.3440842824214 -3850.940869081121 6197.338396747605 9910.2571283185 0.4713441658561238 0.2858442176124948
35 2013gy  275   0.20  0.06 1.10 0.06 -19.1  0   0    10.70 0.20 0.00 0.00 0.0    0.10198253691016461 -591.1706260753768 -1898.5959273776887 6428.153891938508 8298.505183608298 0.5167437595784512 0.38817952436455927
36 2014J   211   1.22  0.06 1.01 0.06 -19.19 42  0    12.10 0.20 0.00 0.00 0.0    0.1129902331823146 263.56893394461343 624.0114633210503 7098.847443191114 8818.816627928245 0.572519567165775 0.44692932576761896
37 2014J   230   1.22  0.06 1.01 0.06 -19.19 42  0    12.10 0.20 0.00 0.00 0.0    0.12359277511481923 576.9043604139323 194.46267401170837 6960.140531018915 10207.156464753953 0.6262424646861304 0.4141205067757695
38 2014J   263   1.22  0.06 1.01 0.06 -19.19 42  0    12.10 0.20 0.00 0.00 0.0    0.10232792810975323 586.9153176131458 -243.44761760853874 6825.187221772733 9456.123944242712 0.518493850843174 0.36292426870026134
39 2014J   267   1.22  0.06 1.01 0.06 -19.19 42  0    12.10 0.20 0.00 0.00 0.0    0.11911256877254502 474.0065393925352 53.00895961659613 6979.471776867581 9998.210672189052 0.6035413362465293 0.4085811054974991
40 2014J   303   1.22  0.06 1.01 0.06 -19.19 42  0    12.10 0.20 0.00 0.00 0.0    0.09954723640416901 692.0433407182846 12.039428436794175 7033.480605514369 8859.786836642257 0.5044041338219357 0.3883261576179331
41 2014J   349   1.22  0.06 1.01 0.06 -19.19 42  0    12.10 0.20 0.00 0.00 0.0    0.14808496228097756 804.127315124048 1127.2459643163036 7605.309840643117 9767.022794158382 0.7503439555883272 0.5666124152588553
42 2014J   426   1.22  0.06 1.01 0.06 -19.19 42  0    12.10 0.20 0.00 0.00 0.0    0.12728235135848429 899.4960228466242 -77.97985625217495 8559.680108261122 9579.164523966181 0.6449374840214729 0.5588799229099808
43 2015F   279   0.02  0.00 1.18 0.02 -19.28 50  0    10.10 0.20 0.00 0.00 0.0    0.23274745533978447 -297.2115133346609 -938.2014720115573 6718.93519938776 9913.854640432399 1.1793273510203341 0.77510986400872
44 2017cbv 318   0.145 0.06 1.06 0.01 -20.40 19  8    9.30  0.06 0.00 0.00 0.0    0.1380179512215397 -1256.7922685539968 -3069.2093568065793 6043.79229378827 10318.234784445853 0.6993345837862291 0.39724653500066626
45 2017fgc 384   0.32  0.02 1.10 0.10 -19.34 0   0    15.20 0.00 0.00 0.00 0.0    0.08355432779947676 2428.4209907596387 1909.3056367572192 8961.92553786316 5763.2813581154605 0.4233683411326135 0.6384411561658087
46 2018oh  259   0.04  0.02 0.96 0.03 -19.47 59  1    10.10 0.01 0.00 0.00 0.0    0.058317528272610795 -1678.6063254231708 -3952.0925684687013 6000.7146823346875 5094.048022653201 0.29549391221221866 0.33756659888119
47 2019ein 310.8 0.09  0.02 1.36 0.02 0      235 62   14.00 0.20 0.00 0.00 0.0    0.11825603470517933 1125.205904649107 2223.0749844454945 9137.593761709037 4859.237876188845 0.5992012928666763 1.0927162849776169
48 2019np  303.0 0.00  0.00 0.95 0.01 0.00   0   0    10.00 0.00 0.00 0.00 0.0    0.08747272749816762 -1952.670035833648 -4558.5458802308685 5607.872106197765 7600.927615830846 0.44322280497691097 0.31712069810503013
49 2019np  367.8 0.00  0.00 0.95 0.01 0.00   0   0    10.00 0.10 0.00 0.00 0.0    0.10465069259337847 -1962.1394983329155 -4064.693669297714 6079.898216067759 7700.907963458711 0.5302632585108917 0.40599146087352256
50 ASASSN-14jg  221   0.013 0.00 0.92 0.01 -19.3  0   0    10.30 0.00 0.00 0.00 0.0    0.03363363834531327 1802.5353519482535 400.01553346900033 6572.584364056116 5133.738380784513 0.17042106671820673 0.21159076217895073
51 ASASSN-14jg  267   0.013 0.00 0.92 0.01 -19.3  0   0    10.30 0.00 0.00 0.00 0.0    0.04370295799684586 1817.9598386453445 1171.5461413486894 6738.927337690996 7257.30212820624 0.22144213611672178 0.19940994764207612
52 ASASSN-14jg  323   0.013 0.00 0.92 0.01 -19.3  0   0    10.30 0.00 0.00 0.00 0.0    0.06452979116040485 1808.0580558504478 2602.5666705037142 8104.737497663392 7902.132251377354 0.32697134136223255 0.3252185697069654