phase 213
delta 1.32 0.03
ebv 0.36
Rv 3.1
redshift 0.009063
flux_scale 1e16
resolution 2
vSi 11.7  0.30
3498.686 2.013404926e-17
3500.208945 3.666500564e-17
3501.73189 5.319595872e-17
3503.254835 3.208634589e-17
3504.77778 9.509691838e-18
3506.300725 1.144009068e-17
3507.82367 1.535847254e-17
3509.346615 4.081201195e-18
3510.86956 -9.107833435e-18
3512.392505 1.792528718e-18
3513.91545 1.691942356e-17
3515.438395 2.109007648e-17
3516.96134 2.275490982e-17
3518.484285 1.969845926e-17
3520.00723 1.528183922e-17
3521.530175 5.928767823e-18
3523.05312 -5.16355586e-18
3524.576065 1.133376157e-17
3526.09901 3.95099544e-17
3527.621955 3.1125119e-17
3529.1449 4.44725674e-18
3530.667845 4.051710552e-18
3532.19079 1.911575353e-17
3533.713735 1.631828329e-17
3535.23668 1.282014661e-18
3536.759625 -1.173440485e-18
3538.28257 6.396359789e-18
3539.805515 8.99824193e-18
3541.32846 7.034380325e-18
3542.851405 7.126915366e-18
3544.37435 9.404328881e-18
3545.897295 1.935245457e-17
3547.42024 3.872829519e-17
3548.943185 4.297391218e-17
3550.46613 2.573164167e-17
3551.989075 1.65345447e-17
3553.51202 2.063505436e-17
3555.034965 2.012397751e-17
3556.55791 1.072133028e-17
3558.080855 8.689801996e-18
3559.6038 2.338178533e-17
3561.126745 3.193774124e-17
3562.64969 2.393128472e-17
3564.172635 1.772179868e-17
3565.69558 1.73444819e-17
3567.218525 1.661641903e-17
3568.74147 1.448489536e-17
3570.264415 1.259964239e-17
3571.78736 1.195931939e-17
3573.310305 1.136066562e-17
3574.83325 1.104037964e-17
3576.356195 1.135862414e-17
3577.87914 1.773125336e-17
3579.402085 2.346678641e-17
3580.92503 1.930049439e-17
3582.447975 1.519214141e-17
3583.97092 1.328401027e-17
3585.493865 1.137587996e-17
3587.01681 2.87787848e-17
3588.539755 4.635020867e-17
3590.0627 3.018333086e-17
3591.585645 1.25078121e-17
3593.10859 1.391713348e-17
3594.631535 1.693548741e-17
3596.15448 1.494328246e-17
3597.677425 1.231972199e-17
3599.20037 1.024808619e-17
3600.723315 8.270368486e-18
3602.24626 -2.813643893e-18
3603.769205 -1.589290897e-17
3605.29215 -3.814099612e-18
3606.815095 1.508323646e-17
3608.33804 2.775829539e-17
3609.860985 3.839507375e-17
3611.38393 3.513184623e-17
3612.906875 2.64346724e-17
3614.42982 2.371309764e-17
3615.952765 2.372579652e-17
3617.47571 1.78663121e-17
3618.998655 8.88038689e-18
3620.5216 3.023795539e-18
3622.044545 -9.057882065e-19
3623.56749 7.943091995e-18
3625.090435 2.581892577e-17
3626.61338 2.307083656e-17
3628.136325 3.662299149e-18
3629.65927 -1.145730762e-18
3631.182215 7.542838321e-18
3632.70516 1.082464928e-17
3634.228105 8.420553052e-18
3635.75105 9.196651953e-18
3637.273995 1.379138714e-17
3638.79694 1.742904458e-17
3640.319885 1.975323516e-17
3641.84283 1.863286203e-17
3643.365775 1.210876942e-17
3644.88872 6.893754244e-18
3646.411665 4.035877488e-18
3647.93461 1.046547505e-17
3649.457555 3.625546521e-17
3650.9805 4.922285142e-17
3652.503445 3.119145558e-17
3654.02639 1.808659692e-17
3655.549335 1.897549347e-17
3657.07228 1.783104774e-17
3658.595225 9.801475664e-18
3660.11817 4.988235756e-18
3661.641115 1.333435496e-17
3663.16406 2.052549098e-17
3664.687005 2.183682867e-17
3666.20995 2.297290996e-17
3667.732895 2.29624759e-17
3669.25584 2.291238019e-17
3670.778785 2.250928184e-17
3672.30173 2.118490778e-17
3673.824675 7.632297078e-18
3675.34762 -5.219199886e-18
3676.870565 -5.50717258e-19
3678.39351 4.095220252e-18
3679.916455 5.770232869e-18
3681.4394 7.445245071e-18
3682.962345 6.904015006e-18
3684.48529 6.308165378e-18
3686.008235 4.183653304e-18
3687.53118 1.970173406e-18
3689.054125 6.020365255e-18
3690.57707 1.065950763e-17
3692.100015 8.815579771e-18
3693.62296 6.114890078e-18
3695.145905 -1.58647749e-17
3696.66885 -4.116766074e-17
3698.191795 -2.284294499e-17
3699.71474 4.927659666e-18
3701.237685 1.375123993e-17
3702.76063 1.759035307e-17
3704.283575 2.490154111e-17
3705.80652 3.33006768e-17
3707.329465 2.445271457e-17
3708.85241 9.26165925e-18
3710.375355 8.15049678e-18
3711.8983 1.305051538e-17
3713.421245 2.341845715e-18
3714.94419 -1.60316073e-17
3716.467135 -1.533997347e-17
3717.99008 -3.970618728e-18
3719.513025 -9.093444628e-19
3721.03597 -3.144292179e-18
3722.558915 -1.002398663e-18
3724.08186 4.295483987e-18
3725.604805 4.138171192e-18
3727.12775 -4.549070473e-19
3728.650695 -8.961343884e-18
3730.17364 -2.105318588e-17
3731.696585 -2.442326032e-17
3733.21953 -1.879540798e-17
3734.742475 -7.903085404e-18
3736.26542 9.090575966e-18
3737.788365 1.688917522e-17
3739.31131 1.271197434e-17
3740.834255 8.914732257e-18
3742.3572 5.676490558e-18
3743.880145 4.10199817e-18
3745.40309 5.292892993e-18
3746.926035 8.9540192e-18
3748.44898 1.726827706e-17
3749.971925 2.191979985e-17
3751.49487 1.870718586e-17
3753.017815 1.503410689e-17
3754.54076 1.023116787e-17
3756.063705 3.624127659e-18
3757.58665 -8.10385951e-18
3759.109595 -1.400284263e-17
3760.63254 -6.208610883e-19
3762.155485 6.230316929e-18
3763.67843 -1.241440935e-17
3765.201375 -2.3567494e-17
3766.72432 4.659141329e-19
3768.247265 1.987742143e-17
3769.77021 1.253689164e-17
3771.293155 5.423958107e-18
3772.8161 -2.994026473e-21
3774.339045 -5.580970222e-18
3775.86199 -1.266100347e-17
3777.384935 -1.893952104e-17
3778.90788 -1.32930315e-17
3780.430825 -7.807624626e-18
3781.95377 -6.711224434e-18
3783.476715 -5.62976602e-18
3784.99966 -6.484127788e-18
3786.522605 -7.338489141e-18
3788.04555 -9.827082694e-18
3789.568495 -1.234889003e-17
3791.09144 -4.090530655e-19
3792.614385 1.225442931e-17
3794.13733 8.158870329e-18
3795.660275 2.699914211e-18
3797.18322 3.571959859e-18
3798.706165 5.164481475e-18
3800.22911 3.235386685e-18
3801.752055 7.80494332e-19
3803.275 3.455471012e-19
3804.797945 2.863694369e-19
3806.32089 -1.289184766e-18
3807.843835 -3.206178317e-18
3809.36678 5.072021294e-18
3810.889725 1.607479606e-17
3812.41267 1.128401576e-17
3813.935615 1.582569806e-18
3815.45856 -2.08902251e-18
3816.981505 -3.596434892e-18
3818.50445 -5.22072438e-18
3820.027395 -6.892885705e-18
3821.55034 -4.53984379e-19
3823.073285 9.758423394e-18
3824.59623 1.691888093e-17
3826.119175 2.248031563e-17
3827.64212 1.731588296e-17
3829.165065 5.844938858e-18
3830.68801 -3.104949195e-18
3832.210955 -1.03981045e-17
3833.7339 -1.20623497e-17
3835.256845 -9.613340878e-18
3836.77979 -8.318725464e-18
3838.302735 -7.962939366e-18
3839.82568 -3.293149328e-18
3841.348625 5.266716863e-18
3842.87157 7.774909633e-18
3844.394515 4.216428268e-18
3845.91746 2.463920616e-18
3847.440405 2.717706659e-18
3848.96335 3.546504203e-18
3850.486295 5.08360844e-18
3852.00924 8.044659848e-18
3853.532185 1.2947629e-17
3855.05513 1.560097873e-17
3856.578075 1.484311585e-17
3858.10102 1.574145716e-17
3859.623965 1.943879072e-17
3861.14691 1.685617899e-17
3862.669855 2.441572057e-18
3864.1928 -7.340592558e-19
3865.715745 1.978549685e-17
3867.23869 2.958569287e-17
3868.761635 1.395761735e-17
3870.28458 5.130080274e-18
3871.807525 1.454697527e-17
3873.33047 1.959761767e-17
3874.853415 1.130265462e-17
3876.37636 4.865689776e-18
3877.899305 4.958789781e-18
3879.42225 3.976965271e-18
3880.945195 -1.382771153e-18
3882.46814 -4.344346787e-18
3883.991085 4.228955505e-18
3885.51403 1.044803477e-17
3887.036975 3.087147854e-18
3888.55992 -1.705449244e-18
3890.082865 1.175097493e-17
3891.60581 2.325637648e-17
3893.128755 1.700530476e-17
3894.6517 1.182339708e-17
3896.174645 1.989944264e-17
3897.69759 2.728754194e-17
3899.220535 2.184657782e-17
3900.74348 1.673173628e-17
3902.266425 2.351186941e-17
3903.78937 3.023469216e-17
3905.312315 1.761922498e-17
3906.83526 5.003759455e-18
3908.358205 8.955437815e-18
3909.88115 1.32586092e-17
3911.404095 1.260780583e-17
3912.92704 1.172625133e-17
3914.449985 1.676989082e-17
3915.97293 2.224749738e-17
3917.495875 1.959522381e-17
3919.01882 1.611948366e-17
3920.541765 1.715901477e-17
3922.06471 1.878933648e-17
3923.587655 1.516919542e-17
3925.1106 1.070401987e-17
3926.633545 1.602917208e-17
3928.15649 2.325202717e-17
3929.679435 1.847007785e-17
3931.20238 1.095497324e-17
3932.725325 2.182508602e-17
3934.24827 3.753957378e-17
3935.771215 3.536903862e-17
3937.29416 2.780694353e-17
3938.817105 2.446804388e-17
3940.34005 2.257131708e-17
3941.862995 2.017115989e-17
3943.38594 1.757811741e-17
3944.908885 2.018416648e-17
3946.43183 2.501948714e-17
3947.954775 2.531549042e-17
3949.47772 2.344388509e-17
3951.000665 1.923252992e-17
3952.52361 1.378615688e-17
3954.046555 1.255202408e-17
3955.5695 1.376980021e-17
3957.092445 1.331579468e-17
3958.61539 1.179125863e-17
3960.138335 1.134119958e-17
3961.66128 1.164608264e-17
3963.184225 1.335956577e-17
3964.70717 1.615522614e-17
3966.230115 1.440834311e-17
3967.75306 8.839530786e-18
3969.276005 9.521798454e-18
3970.79895 1.594123782e-17
3972.321895 1.877126589e-17
3973.84484 1.799726306e-17
3975.367785 1.837159869e-17
3976.89073 2.000411738e-17
3978.413675 1.906191069e-17
3979.93662 1.504225628e-17
3981.459565 1.489250185e-17
3982.98251 1.979538166e-17
3984.505455 2.125579054e-17
3986.0284 1.780464579e-17
3987.551345 1.61280334e-17
3989.07429 1.72163814e-17
3990.597235 1.239383406e-17
3992.12018 -2.52515659e-18
3993.643125 -4.948635725e-18
3995.16607 1.602952446e-17
3996.689015 2.699673832e-17
3998.21196 1.73684933e-17
3999.734905 1.316709821e-17
4001.25785 2.131547162e-17
4002.780795 2.504053227e-17
4004.30374 1.762891788e-17
4005.826685 1.302553287e-17
4007.34963 1.626128393e-17
4008.872575 1.654169319e-17
4010.39552 7.602692283e-18
4011.918465 2.68789052e-18
4013.44141 1.191022622e-17
4014.964355 1.721961403e-17
4016.4873 6.99507353e-18
4018.010245 -1.131187272e-18
4019.53319 2.571173319e-19
4021.056135 2.502671753e-18
4022.57908 9.259500309e-18
4024.102025 1.634481759e-17
4025.62497 2.545946616e-17
4027.147915 3.263438282e-17
4028.67086 2.542034548e-17
4030.193805 1.971864412e-17
4031.71675 2.777025973e-17
4033.239695 3.38080727e-17
4034.76264 1.621981075e-17
4036.285585 1.525222176e-19
4037.80853 8.706768297e-18
4039.331475 1.673746368e-17
4040.85442 1.167713996e-17
4042.377365 6.814866443e-18
4043.90031 1.241816723e-17
4045.423255 1.802146802e-17
4046.9462 1.307741529e-17
4048.469145 8.121194734e-18
4049.99209 1.439976524e-17
4051.515035 2.091788891e-17
4053.03798 1.610769469e-17
4054.560925 1.081815839e-17
4056.08387 1.245878759e-17
4057.606815 1.454557072e-17
4059.12976 8.263366402e-18
4060.652705 1.251415389e-18
4062.17565 7.132048849e-18
4063.698595 1.443391788e-17
4065.22154 9.726065743e-18
4066.744485 3.395866341e-18
4068.26743 7.146704835e-18
4069.790375 1.251490766e-17
4071.31332 1.120832046e-17
4072.836265 8.655459111e-18
4074.35921 1.137069271e-17
4075.882155 1.521439587e-17
4077.4051 1.173867641e-17
4078.928045 6.484284125e-18
4080.45099 1.203771544e-17
4081.973935 2.054390567e-17
4083.49688 1.797416156e-17
4085.019825 1.203631171e-17
4086.54277 1.751827586e-17
4088.065715 2.685295944e-17
4089.58866 2.672824707e-17
4091.111605 2.309225392e-17
4092.63455 2.232570399e-17
4094.157495 2.272633073e-17
4095.68044 1.633560445e-17
4097.203385 6.92792673e-18
4098.72633 9.448022215e-18
4100.249275 1.774242361e-17
4101.77222 1.618728931e-17
4103.295165 9.456296503e-18
4104.81811 1.166066914e-17
4106.341055 1.895847175e-17
4107.864 1.754085127e-17
4109.386945 1.075069685e-17
4110.90989 1.021973954e-17
4112.432835 1.384968683e-17
4113.95578 1.479932657e-17
4115.478725 1.383221346e-17
4117.00167 1.51998408e-17
4118.524615 1.836907082e-17
4120.04756 1.801497631e-17
4121.570505 1.474077872e-17
4123.09345 1.610666071e-17
4124.616395 2.160647045e-17
4126.13934 2.511141172e-17
4127.662285 2.67089473e-17
4129.18523 2.810990009e-17
4130.708175 2.930888515e-17
4132.23112 2.494418227e-17
4133.754065 1.446083599e-17
4135.27701 1.558479246e-17
4136.799955 3.042888439e-17
4138.3229 3.247077311e-17
4139.845845 1.83039866e-17
4141.36879 1.616646256e-17
4142.891735 3.041540796e-17
4144.41468 3.255907299e-17
4145.937625 1.70634721e-17
4147.46057 9.957310701e-18
4148.983515 1.60275078e-17
4150.50646 1.835407735e-17
4152.029405 1.437856626e-17
4153.55235 1.756728796e-17
4155.075295 3.37535251e-17
4156.59824 4.096366476e-17
4158.121185 3.06199201e-17
4159.64413 2.381297474e-17
4161.167075 2.447570357e-17
4162.69002 2.463602441e-17
4164.212965 2.36497141e-17
4165.73591 2.280156942e-17
4167.258855 2.229450605e-17
4168.7818 2.274025714e-17
4170.304745 2.574927386e-17
4171.82769 2.910005513e-17
4173.350635 3.345126007e-17
4174.87358 3.644382086e-17
4176.396525 3.508530574e-17
4177.91947 3.460969343e-17
4179.442415 3.723543932e-17
4180.96536 3.769645686e-17
4182.488305 2.980754933e-17
4184.01125 2.468017931e-17
4185.534195 3.138668013e-17
4187.05714 3.54764199e-17
4188.580085 2.709952544e-17
4190.10303 1.979028457e-17
4191.625975 1.820811471e-17
4193.14892 1.625803807e-17
4194.671865 1.206834759e-17
4196.19481 1.096174702e-17
4197.717755 3.136290696e-17
4199.2407 4.865932305e-17
4200.763645 4.06653702e-17
4202.28659 3.337975858e-17
4203.809535 3.300367595e-17
4205.33248 3.289117939e-17
4206.855425 3.589838127e-17
4208.37837 3.883986531e-17
4209.901315 4.078491103e-17
4211.42426 4.228894376e-17
4212.947205 3.468003356e-17
4214.47015 2.735382392e-17
4215.993095 2.883948e-17
4217.51604 3.03618993e-17
4219.038985 3.419097461e-17
4220.56193 3.802005322e-17
4222.084875 3.280447763e-17
4223.60782 2.758866546e-17
4225.130765 3.118242938e-17
4226.65371 3.491127687e-17
4228.176655 3.896007781e-17
4229.6996 4.301894058e-17
4231.222545 3.836825655e-17
4232.74549 3.330173229e-17
4234.268435 3.332220666e-17
4235.79138 3.366739244e-17
4237.314325 3.087338147e-17
4238.83727 2.782455255e-17
4240.360215 3.655465975e-17
4241.88316 4.645649145e-17
4243.406105 4.362705399e-17
4244.92905 3.93054588e-17
4246.451995 4.3081803e-17
4247.97494 4.796225133e-17
4249.497885 4.281977865e-17
4251.02083 3.611652865e-17
4252.543775 3.837074802e-17
4254.06672 4.219543265e-17
4255.589665 4.401056801e-17
4257.11261 4.543262383e-17
4258.635555 4.375476406e-17
4260.1585 4.140546855e-17
4261.681445 4.708511232e-17
4263.20439 5.468235927e-17
4264.727335 5.076737299e-17
4266.25028 4.384321283e-17
4267.773225 4.228034439e-17
4269.29617 4.223856846e-17
4270.819115 4.303373057e-17
4272.34206 4.408571571e-17
4273.865005 4.255682124e-17
4275.38795 4.016963755e-17
4276.910895 4.043852088e-17
4278.43384 4.1656948e-17
4279.956785 4.135813066e-17
4281.47973 4.047758366e-17
4283.002675 4.244652167e-17
4284.52562 4.558463316e-17
4286.048565 4.800174755e-17
4287.57151 5.010238595e-17
4289.094455 4.858261032e-17
4290.6174 4.536815999e-17
4292.140345 4.641280308e-17
4293.66329 4.958027617e-17
4295.186235 5.053604697e-17
4296.70918 5.032282297e-17
4298.232125 5.234156056e-17
4299.75507 5.56134834e-17
4301.278015 5.485092544e-17
4302.80096 5.168778678e-17
4304.323905 5.001215709e-17
4305.84685 4.927500681e-17
4307.369795 4.693528344e-17
4308.89274 4.352722983e-17
4310.415685 4.061380376e-17
4311.93863 3.804858102e-17
4313.461575 3.972274826e-17
4314.98452 4.454698471e-17
4316.507465 4.587543015e-17
4318.03041 4.446336667e-17
4319.553355 4.844523216e-17
4321.0763 5.689250977e-17
4322.599245 5.551228281e-17
4324.12219 4.555377932e-17
4325.645135 4.37412016e-17
4327.16808 4.940506277e-17
4328.691025 4.927424581e-17
4330.21397 4.353743724e-17
4331.736915 4.279041043e-17
4333.25986 4.711838814e-17
4334.782805 5.097807905e-17
4336.30575 5.433702129e-17
4337.828695 5.339743345e-17
4339.35164 4.762499325e-17
4340.874585 4.508012247e-17
4342.39753 4.635117481e-17
4343.920475 4.920820371e-17
4345.44342 5.404001382e-17
4346.966365 5.463952786e-17
4348.48931 4.969460907e-17
4350.012255 4.562582675e-17
4351.5352 4.276502922e-17
4353.058145 4.080148112e-17
4354.58109 4.01404844e-17
4356.104035 4.311717655e-17
4357.62698 5.164213303e-17
4359.149925 5.542933976e-17
4360.67287 5.160023137e-17
4362.195815 4.726250285e-17
4363.71876 4.206477451e-17
4365.241705 3.79986524e-17
4366.76465 3.594636767e-17
4368.287595 3.627498006e-17
4369.81054 4.106641383e-17
4371.333485 4.486546248e-17
4372.85643 4.669512313e-17
4374.379375 5.223715713e-17
4375.90232 6.555336871e-17
4377.425265 7.131788452e-17
4378.94821 6.042720473e-17
4380.471155 5.102282291e-17
4381.9941 4.50848407e-17
4383.517045 4.069753098e-17
4385.03999 4.013945869e-17
4386.562935 4.07217376e-17
4388.08588 4.428036454e-17
4389.608825 4.79613282e-17
4391.13177 5.198137303e-17
4392.654715 5.419414404e-17
4394.17766 5.109630963e-17
4395.700605 4.81449656e-17
4397.22355 4.56523594e-17
4398.746495 4.336157864e-17
4400.26944 4.174338506e-17
4401.792385 3.991402551e-17
4403.31533 3.733416829e-17
4404.838275 3.535096968e-17
4406.36122 3.563474888e-17
4407.884165 3.56535325e-17
4409.40711 3.459741146e-17
4410.930055 3.50071471e-17
4412.453 4.180901026e-17
4413.975945 4.636921397e-17
4415.49889 4.03850784e-17
4417.021835 3.554386159e-17
4418.54478 3.649784899e-17
4420.067725 3.656053935e-17
4421.59067 3.170834089e-17
4423.113615 2.870141694e-17
4424.63656 3.676072699e-17
4426.159505 4.339542026e-17
4427.68245 4.063720966e-17
4429.205395 3.858066992e-17
4430.72834 4.161641615e-17
4432.251285 4.369678862e-17
4433.77423 3.808811364e-17
4435.297175 3.3492275e-17
4436.82012 3.808425898e-17
4438.343065 4.164832878e-17
4439.86601 3.465248183e-17
4441.388955 2.841856749e-17
4442.9119 3.109615445e-17
4444.434845 3.353037163e-17
4445.95779 3.263848233e-17
4447.480735 3.194139407e-17
4449.00368 3.443207459e-17
4450.526625 3.659227e-17
4452.04957 3.214701793e-17
4453.572515 2.807913889e-17
4455.09546 3.38157721e-17
4456.618405 3.914746069e-17
4458.14135 2.994991373e-17
4459.664295 2.106157846e-17
4461.18724 2.986880701e-17
4462.710185 3.861455454e-17
4464.23313 3.808160538e-17
4465.756075 3.754865953e-17
4467.27902 4.241093967e-17
4468.801965 4.729140124e-17
4470.32491 3.857072059e-17
4471.847855 2.967110754e-17
4473.3708 3.010397777e-17
4474.893745 3.075582256e-17
4476.41669 2.87887242e-17
4477.939635 2.673440295e-17
4479.46258 3.221173654e-17
4480.985525 3.802073151e-17
4482.50847 3.483812763e-17
4484.031415 3.11611179e-17
4485.55436 3.459097268e-17
4487.077305 3.848592796e-17
4488.60025 3.498529299e-17
4490.123195 3.091625259e-17
4491.64614 2.930335627e-17
4493.169085 2.790785295e-17
4494.69203 2.64974703e-17
4496.214975 2.508560534e-17
4497.73792 3.20777002e-17
4499.260865 4.000275552e-17
4500.78381 3.787188201e-17
4502.306755 3.45120398e-17
4503.8297 3.064086762e-17
4505.352645 2.670114864e-17
4506.87559 2.936610619e-17
4508.398535 3.299633059e-17
4509.92148 3.072236807e-17
4511.444425 2.751262605e-17
4512.96737 3.109988007e-17
4514.490315 3.585022282e-17
4516.01326 3.559087853e-17
4517.536205 3.440965469e-17
4519.05915 2.985626365e-17
4520.582095 2.464095771e-17
4522.10504 2.684715263e-17
4523.627985 3.061002371e-17
4525.15093 3.372638365e-17
4526.673875 3.669916159e-17
4528.19682 3.323282483e-17
4529.719765 2.825224133e-17
4531.24271 2.818268536e-17
4532.765655 2.933855115e-17
4534.2886 3.003228106e-17
4535.811545 3.060437903e-17
4537.33449 3.265396715e-17
4538.857435 3.511306592e-17
4540.38038 3.492650361e-17
4541.903325 3.396886007e-17
4543.42627 3.811462643e-17
4544.949215 4.381960178e-17
4546.47216 4.423901213e-17
4547.995105 4.296464775e-17
4549.51805 4.136654474e-17
4551.040995 3.965976011e-17
4552.56394 4.438540656e-17
4554.086885 5.137116851e-17
4555.60983 5.134162824e-17
4557.132775 4.87432521e-17
4558.65572 4.873611188e-17
4560.178665 4.972021196e-17
4561.70161 5.151067087e-17
4563.224555 5.362158947e-17
4564.7475 5.467160923e-17
4566.270445 5.528321003e-17
4567.79339 5.284688189e-17
4569.316335 4.90976229e-17
4570.83928 5.536363846e-17
4572.362225 6.611025979e-17
4573.88517 6.766582918e-17
4575.408115 6.495334513e-17
4576.93106 6.545825618e-17
4578.454005 6.751097435e-17
4579.97695 6.640441183e-17
4581.499895 6.37217129e-17
4583.02284 6.573822704e-17
4584.545785 7.018478605e-17
4586.06873 7.138135244e-17
4587.591675 7.083653158e-17
4589.11462 7.195151811e-17
4590.637565 7.398378838e-17
4592.16051 7.705543424e-17
4593.683455 8.072182959e-17
4595.2064 8.58383652e-17
4596.729345 9.181381868e-17
4598.25229 9.424351945e-17
4599.775235 9.450590776e-17
4601.29818 9.673211549e-17
4602.821125 1.002001e-16
4604.34407 9.871990991e-17
4605.867015 9.401662712e-17
4607.38996 9.261086345e-17
4608.912905 9.342014387e-17
4610.43585 9.587346231e-17
4611.958795 9.946848851e-17
4613.48174 1.021297138e-16
4615.004685 1.041250588e-16
4616.52763 1.03902845e-16
4618.050575 1.020507015e-16
4619.57352 1.043189036e-16
4621.096465 1.097165615e-16
4622.61941 1.10936236e-16
4624.142355 1.088944961e-16
4625.6653 1.116028244e-16
4627.188245 1.181267781e-16
4628.71119 1.173703115e-16
4630.234135 1.105885157e-16
4631.75708 1.187019134e-16
4633.280025 1.395148894e-16
4634.80297 1.478017039e-16
4636.325915 1.451154977e-16
4637.84886 1.411538849e-16
4639.371805 1.360458395e-16
4640.89475 1.273853511e-16
4642.417695 1.154357941e-16
4643.94064 1.131473493e-16
4645.463585 1.200484708e-16
4646.98653 1.231081656e-16
4648.509475 1.224092443e-16
4650.03242 1.218870088e-16
4651.555365 1.215423458e-16
4653.07831 1.20991417e-16
4654.601255 1.20227486e-16
4656.1242 1.222500815e-16
4657.647145 1.272250369e-16
4659.17009 1.263337994e-16
4660.693035 1.190572967e-16
4662.21598 1.192302502e-16
4663.738925 1.277338787e-16
4665.26187 1.29949664e-16
4666.784815 1.249409861e-16
4668.30776 1.228948192e-16
4669.830705 1.243325253e-16
4671.35365 1.236416772e-16
4672.876595 1.203788137e-16
4674.39954 1.19992077e-16
4675.922485 1.231766429e-16
4677.44543 1.252325507e-16
4678.968375 1.258538361e-16
4680.49132 1.251092412e-16
4682.014265 1.225802656e-16
4683.53721 1.228936677e-16
4685.060155 1.270139272e-16
4686.5831 1.307852222e-16
4688.106045 1.340779834e-16
4689.62899 1.365047063e-16
4691.151935 1.377104048e-16
4692.67488 1.367649572e-16
4694.197825 1.327134663e-16
4695.72077 1.307567143e-16
4697.243715 1.319019822e-16
4698.76666 1.3388216e-16
4700.289605 1.371305181e-16
4701.81255 1.36117877e-16
4703.335495 1.284743178e-16
4704.85844 1.271685769e-16
4706.381385 1.359819017e-16
4707.90433 1.385744975e-16
4709.427275 1.309749709e-16
4710.95022 1.279418782e-16
4712.473165 1.325770013e-16
4713.99611 1.328584942e-16
4715.519055 1.256355002e-16
4717.042 1.246300456e-16
4718.564945 1.345974528e-16
4720.08789 1.380687659e-16
4721.610835 1.298169974e-16
4723.13378 1.259719443e-16
4724.656725 1.30294499e-16
4726.17967 1.329597279e-16
4727.702615 1.324738883e-16
4729.22556 1.31496849e-16
4730.748505 1.295629934e-16
4732.27145 1.302230041e-16
4733.794395 1.360605831e-16
4735.31734 1.354110942e-16
4736.840285 1.215090865e-16
4738.36323 1.114271974e-16
4739.886175 1.093693508e-16
4741.40912 1.086590541e-16
4742.932065 1.108468211e-16
4744.45501 1.125965397e-16
4745.977955 1.133800319e-16
4747.5009 1.152841223e-16
4749.023845 1.197239381e-16
4750.54679 1.202697714e-16
4752.069735 1.117878217e-16
4753.59268 1.073662899e-16
4755.115625 1.126068893e-16
4756.63857 1.156560624e-16
4758.161515 1.133764188e-16
4759.68446 1.102288841e-16
4761.207405 1.049140766e-16
4762.73035 9.997302236e-17
4764.253295 9.599071681e-17
4765.77624 9.304259879e-17
4767.299185 9.280748759e-17
4768.82213 9.11038264e-17
4770.345075 8.544041191e-17
4771.86802 8.379143729e-17
4773.390965 9.321739198e-17
4774.91391 9.753566521e-17
4776.436855 8.736094662e-17
4777.9598 8.165531946e-17
4779.482745 8.893143174e-17
4781.00569 9.264892037e-17
4782.528635 8.572682816e-17
4784.05158 8.003109408e-17
4785.574525 7.809133569e-17
4787.09747 7.545222587e-17
4788.620415 7.061456263e-17
4790.14336 6.778148888e-17
4791.666305 7.141934981e-17
4793.18925 7.309936686e-17
4794.712195 6.82989069e-17
4796.23514 6.470745411e-17
4797.758085 6.522823379e-17
4799.28103 6.511848347e-17
4800.803975 6.28081217e-17
4802.32692 6.166423017e-17
4803.849865 6.470724236e-17
4805.37281 6.613723911e-17
4806.895755 6.164415946e-17
4808.4187 5.8000859e-17
4809.941645 5.756933541e-17
4811.46459 5.6190829e-17
4812.987535 5.113390334e-17
4814.51048 4.804162096e-17
4816.033425 5.281174326e-17
4817.55637 5.600382662e-17
4819.079315 5.272550802e-17
4820.60226 5.074238883e-17
4822.125205 5.423642951e-17
4823.64815 5.604580107e-17
4825.171095 5.055016529e-17
4826.69404 4.707784967e-17
4828.216985 5.266402203e-17
4829.73993 5.511357183e-17
4831.262875 4.315050531e-17
4832.78582 3.404601948e-17
4834.308765 3.845921664e-17
4835.83171 4.280372804e-17
4837.354655 4.68145283e-17
4838.8776 4.939224478e-17
4840.400545 4.476424535e-17
4841.92349 4.063385462e-17
4843.446435 3.907685917e-17
4844.96938 3.786534728e-17
4846.492325 3.849682689e-17
4848.01527 3.850577698e-17
4849.538215 3.509516243e-17
4851.06116 3.219129525e-17
4852.584105 3.216272774e-17
4854.10705 3.237845314e-17
4855.629995 3.401599613e-17
4857.15294 3.539384411e-17
4858.675885 3.520831412e-17
4860.19883 3.469894622e-17
4861.721775 3.217694202e-17
4863.24472 3.077718698e-17
4864.767665 3.660378766e-17
4866.29061 4.127883381e-17
4867.813555 3.832922686e-17
4869.3365 3.580101549e-17
4870.859445 3.616853846e-17
4872.38239 3.616996783e-17
4873.905335 3.356570878e-17
4875.42828 3.149223168e-17
4876.951225 3.332387757e-17
4878.47417 3.526777186e-17
4879.997115 3.806345704e-17
4881.52006 4.019756317e-17
4883.043005 3.710046991e-17
4884.56595 3.357925469e-17
4886.088895 2.659318999e-17
4887.61184 2.108723429e-17
4889.134785 2.821326788e-17
4890.65773 3.438227501e-17
4892.180675 3.209540517e-17
4893.70362 3.026627061e-17
4895.226565 3.264360423e-17
4896.74951 3.443946959e-17
4898.272455 3.069141497e-17
4899.7954 2.791507258e-17
4901.318345 3.476167629e-17
4902.84129 4.052779021e-17
4904.364235 3.503172098e-17
4905.88718 3.011732847e-17
4907.410125 3.146662879e-17
4908.93307 3.242243599e-17
4910.456015 2.894005855e-17
4911.97896 2.573657167e-17
4913.501905 2.581919709e-17
4915.02485 2.581501155e-17
4916.547795 2.473545814e-17
4918.07074 2.384385504e-17
4919.593685 2.539346211e-17
4921.11663 2.703573823e-17
4922.639575 2.994905677e-17
4924.16252 3.271951956e-17
4925.685465 3.344779915e-17
4927.20841 3.432092468e-17
4928.731355 3.737900148e-17
4930.2543 3.994032985e-17
4931.777245 3.45266809e-17
4933.30019 2.985928782e-17
4934.823135 3.775524293e-17
4936.34608 4.516248649e-17
4937.869025 4.375613718e-17
4939.39197 4.224455394e-17
4940.914915 3.873188515e-17
4942.43786 3.550406427e-17
4943.960805 3.804250621e-17
4945.48375 4.017049451e-17
4947.006695 3.335113482e-17
4948.52964 2.720562624e-17
4950.052585 3.67068676e-17
4951.57553 4.563626246e-17
4953.098475 3.999155549e-17
4954.62142 3.455852404e-17
4956.144365 3.482130278e-17
4957.66731 3.506202226e-17
4959.190255 3.464181451e-17
4960.7132 3.424859601e-17
4962.236145 3.473640427e-17
4963.75909 3.515427937e-17
4965.282035 3.306710416e-17
4966.80498 3.119164418e-17
4968.327925 3.783041048e-17
4969.85087 4.423223918e-17
4971.373815 3.994963729e-17
4972.89676 3.574450582e-17
4974.419705 3.558127662e-17
4975.94265 3.538513886e-17
4977.465595 3.319470504e-17
4978.98854 3.107965054e-17
4980.511485 3.440600517e-17
4982.03443 3.773268737e-17
4983.557375 4.108976018e-17
4985.08032 4.442505167e-17
4986.603265 4.531920413e-17
4988.12621 4.618320752e-17
4989.649155 4.200907217e-17
4991.1721 3.786396424e-17
4992.695045 4.227259867e-17
4994.21799 4.667671671e-17
4995.740935 4.797199221e-17
4997.26388 4.926726771e-17
4998.786825 4.812193358e-17
5000.30977 4.69730889e-17
5001.832715 4.099039262e-17
5003.35566 3.499135788e-17
5004.878605 3.927431711e-17
5006.40155 4.362202142e-17
5007.924495 4.307374957e-17
5009.44744 4.248185221e-17
5010.970385 4.556257059e-17
5012.49333 4.86832418e-17
5014.016275 4.180500671e-17
5015.53922 3.47883843e-17
5017.062165 3.933814567e-17
5018.58511 4.407097866e-17
5020.108055 4.375442326e-17
5021.631 4.33478673e-17
5023.153945 4.595406525e-17
5024.67689 4.862300982e-17
5026.199835 4.171212425e-17
5027.72278 3.458241963e-17
5029.245725 3.589548945e-17
5030.76867 3.741849108e-17
5032.291615 3.899807518e-17
5033.81456 4.057919452e-17
5035.337505 3.728511317e-17
5036.86045 3.384832993e-17
5038.383395 3.462908586e-17
5039.90634 3.554337851e-17
5041.429285 3.971959174e-17
5042.95223 4.40080236e-17
5044.475175 4.450934137e-17
5045.99812 4.487515042e-17
5047.521065 4.262311811e-17
5049.04401 4.027107967e-17
5050.566955 4.027457368e-17
5052.0899 4.037458975e-17
5053.612845 3.798366389e-17
5055.13579 3.548717324e-17
5056.658735 3.31165067e-17
5058.18168 3.075148483e-17
5059.704625 3.47327746e-17
5061.22757 3.901195196e-17
5062.750515 3.929336873e-17
5064.27346 3.937866098e-17
5065.796405 4.071125556e-17
5067.31935 4.210813532e-17
5068.842295 4.044375197e-17
5070.36524 3.861721806e-17
5071.888185 3.408797077e-17
5073.41113 2.940978795e-17
5074.934075 2.830481031e-17
5076.45702 2.740571958e-17
5077.979965 3.280186373e-17
5079.50291 3.856980738e-17
5081.025855 3.704509844e-17
5082.5488 3.507386087e-17
5084.071745 3.782063652e-17
5085.59469 4.0864863e-17
5087.117635 4.013880357e-17
5088.64058 3.916680679e-17
5090.163525 3.676420114e-17
5091.68647 3.426618187e-17
5093.209415 3.821394435e-17
5094.73236 4.260815607e-17
5096.255305 3.606141195e-17
5097.77825 2.874075434e-17
5099.301195 2.950017232e-17
5100.82414 3.08430835e-17
5102.347085 2.837028992e-17
5103.87003 2.561204625e-17
5105.392975 2.384875857e-17
5106.91592 2.216138457e-17
5108.438865 3.204825587e-17
5109.96181 4.283549177e-17
5111.484755 3.708787692e-17
5113.0077 3.001064202e-17
5114.530645 3.226541064e-17
5116.05359 3.528463311e-17
5117.576535 3.104049843e-17
5119.09948 2.619041093e-17
5120.622425 2.878155089e-17
5122.14537 3.20075619e-17
5123.668315 2.815629168e-17
5125.19126 2.368507442e-17
5126.714205 2.79890887e-17
5128.23715 3.306847066e-17
5129.760095 2.74175648e-17
5131.28304 2.079396402e-17
5132.805985 2.570581379e-17
5134.32893 3.168546108e-17
5135.851875 3.008912161e-17
5137.37482 2.77798484e-17
5138.897765 2.919557133e-17
5140.42071 3.09675808e-17
5141.943655 2.820773239e-17
5143.4666 2.500565172e-17
5144.989545 2.620130324e-17
5146.51249 2.783292362e-17
5148.035435 2.392672696e-17
5149.55838 1.946718617e-17
5151.081325 2.888928951e-17
5152.60427 3.972552759e-17
5154.127215 3.792139373e-17
5155.65016 3.480979835e-17
5157.173105 2.884973043e-17
5158.69605 2.259056226e-17
5160.218995 2.330631172e-17
5161.74194 2.476543682e-17
5163.264885 2.591121597e-17
5164.78783 2.70229798e-17
5166.310775 2.475976732e-17
5167.83372 2.212749828e-17
5169.356665 3.025063358e-17
5170.87961 3.956694714e-17
5172.402555 3.571569016e-17
5173.9255 3.037746684e-17
5175.448445 3.703784573e-17
5176.97139 4.507233042e-17
5178.494335 3.895840029e-17
5180.01728 3.121272074e-17
5181.540225 3.613802542e-17
5183.06317 4.254499587e-17
5184.586115 3.751801414e-17
5186.10906 3.114022994e-17
5187.632005 3.769835937e-17
5189.15495 4.580557641e-17
5190.677895 4.536929488e-17
5192.20084 4.390295843e-17
5193.723785 4.224910344e-17
5195.24673 4.057226275e-17
5196.769675 4.605689042e-17
5198.29262 5.242525469e-17
5199.815565 5.097774156e-17
5201.33851 4.855302042e-17
5202.861455 4.720715455e-17
5204.3844 4.599706541e-17
5205.907345 5.516316297e-17
5207.43029 6.56563163e-17
5208.953235 6.062450385e-17
5210.47618 5.359441493e-17
5211.999125 5.506209473e-17
5213.52207 5.76305931e-17
5215.045015 5.705334015e-17
5216.56796 5.606211308e-17
5218.090905 6.049013663e-17
5219.61385 6.563578899e-17
5221.136795 5.880747259e-17
5222.65974 5.038354133e-17
5224.182685 5.367888662e-17
5225.70563 5.855530823e-17
5227.228575 6.489377489e-17
5228.75152 7.143130753e-17
5230.274465 7.006908003e-17
5231.79741 6.762460911e-17
5233.320355 7.289577455e-17
5234.8433 7.923038324e-17
5236.366245 7.350268028e-17
5237.88919 6.610226592e-17
5239.412135 6.629828125e-17
5240.93508 6.756358304e-17
5242.458025 7.111111584e-17
5243.98097 7.498180495e-17
5245.503915 7.217970746e-17
5247.02686 6.842708681e-17
5248.549805 7.208988888e-17
5250.07275 7.681522761e-17
5251.595695 7.575090424e-17
5253.11864 7.384963291e-17
5254.641585 7.436660756e-17
5256.16453 7.523520015e-17
5257.687475 7.725525461e-17
5259.21042 7.944372305e-17
5260.733365 7.789846364e-17
5262.25631 7.580396292e-17
5263.779255 7.554608771e-17
5265.3022 7.556227398e-17
5266.825145 7.693700183e-17
5268.34809 7.851446173e-17
5269.871035 8.131988117e-17
5271.39398 8.430960969e-17
5272.916925 7.945538299e-17
5274.43987 7.341382785e-17
5275.962815 7.656214343e-17
5277.48576 8.111723516e-17
5279.008705 7.496917886e-17
5280.53165 6.718261012e-17
5282.054595 6.715655062e-17
5283.57754 6.832516492e-17
5285.100485 7.376741116e-17
5286.62343 7.987308934e-17
5288.146375 8.048631473e-17
5289.66932 8.024217733e-17
5291.192265 7.39385052e-17
5292.71521 6.668368124e-17
5294.238155 6.816080082e-17
5295.7611 7.101606948e-17
5297.284045 6.694254245e-17
5298.80699 6.176646969e-17
5300.329935 6.343169015e-17
5301.85288 6.619150216e-17
5303.375825 7.310788352e-17
5304.89877 8.068935117e-17
5306.421715 7.593660298e-17
5307.94466 6.919960071e-17
5309.467605 7.296255781e-17
5310.99055 7.842844818e-17
5312.513495 7.590615612e-17
5314.03644 7.208134576e-17
5315.559385 7.286681e-17
5317.08233 7.440404907e-17
5318.605275 7.208029358e-17
5320.12822 6.912354641e-17
5321.651165 6.581693493e-17
5323.17411 6.245250021e-17
5324.697055 7.032048338e-17
5326.22 8.005448674e-17
5327.742945 7.28002385e-17
5329.26589 6.270875414e-17
5330.788835 5.922584069e-17
5332.31178 5.684670381e-17
5333.834725 6.095100858e-17
5335.35767 6.614386979e-17
5336.880615 6.920117566e-17
5338.40356 7.189711609e-17
5339.926505 6.748193039e-17
5341.44945 6.18570956e-17
5342.972395 5.891846038e-17
5344.49534 5.643678619e-17
5346.018285 6.102986867e-17
5347.54123 6.683271934e-17
5349.064175 6.281577146e-17
5350.58712 5.711525958e-17
5352.110065 5.944446122e-17
5353.63301 6.315749632e-17
5355.155955 6.261002848e-17
5356.6789 6.132830882e-17
5358.201845 5.814179072e-17
5359.72479 5.462530035e-17
5361.247735 5.3058746e-17
5362.77068 5.183257648e-17
5364.293625 5.781257945e-17
5365.81657 6.505698094e-17
5367.339515 6.479900646e-17
5368.86246 6.322458397e-17
5370.385405 6.2528442e-17
5371.90835 6.198718795e-17
5373.431295 5.796078375e-17
5374.95424 5.331815646e-17
5376.477185 5.616303573e-17
5378.00013 6.033849788e-17
5379.523075 5.382401049e-17
5381.04602 4.540975725e-17
5382.568965 4.902998268e-17
5384.09191 5.479978252e-17
5385.614855 5.403475295e-17
5387.1378 5.209371078e-17
5388.660745 5.130522898e-17
5390.18369 5.0724171e-17
5391.706635 4.721810973e-17
5393.22958 4.318301351e-17
5394.752525 4.173582794e-17
5396.27547 4.075673395e-17
5397.798415 4.321637536e-17
5399.32136 4.630112046e-17
5400.844305 4.294053378e-17
5402.36725 3.840540358e-17
5403.890195 3.9158578e-17
5405.41314 4.088025518e-17
5406.936085 4.138323724e-17
5408.45903 4.166301619e-17
5409.981975 4.265209921e-17
5411.50492 4.377173119e-17
5413.027865 3.202155779e-17
5414.55081 1.789675069e-17
5416.073755 1.934255156e-17
5417.5967 2.367538482e-17
5419.119645 2.877794438e-17
5420.64259 3.4023229e-17
5422.165535 3.909288993e-17
5423.68848 4.412982098e-17
5425.211425 4.057103852e-17
5426.73437 3.540664225e-17
5428.257315 3.25017229e-17
5429.78026 3.002092222e-17
5431.303205 3.399916135e-17
5432.82615 3.918987851e-17
5434.349095 3.569368716e-17
5435.87204 3.055892049e-17
5437.394985 2.817365917e-17
5438.91793 2.630705167e-17
5440.440875 2.350275554e-17
5441.96382 2.052029794e-17
5443.486765 2.387424566e-17
5445.00971 2.843217296e-17
5446.532655 2.855040354e-17
5448.0556 2.782095928e-17
5449.578545 2.633296227e-17
5451.10149 2.470013256e-17
5452.624435 1.778666619e-17
5454.14738 9.85767266e-18
5455.670325 1.795584778e-17
5457.19327 2.913637498e-17
5458.716215 2.49366417e-17
5460.23916 1.77789701e-17
5461.762105 1.942374099e-17
5463.28505 2.27695443e-17
5464.807995 2.164191845e-17
5466.33094 1.964366681e-17
5467.853885 1.862160741e-17
5469.37683 1.778954312e-17
5470.899775 1.656002517e-17
5472.42272 1.525314598e-17
5473.945665 1.646521042e-17
5475.46861 1.816989897e-17
5476.991555 1.872798118e-17
5478.5145 1.906023647e-17
5480.037445 1.580402676e-17
5481.56039 1.184103422e-17
5483.083335 1.20762513e-17
5484.60628 1.314221745e-17
5486.129225 1.654583571e-17
5487.65217 2.041205473e-17
5489.175115 1.933985992e-17
5490.69806 1.728578682e-17
5492.221005 2.006237075e-17
5493.74395 2.380164236e-17
5495.266895 2.137820665e-17
5496.78984 1.77208557e-17
5498.312785 1.846064633e-17
5499.83573 2.008088636e-17
5501.358675 1.775819959e-17
5502.88162 1.46423525e-17
5504.404565 1.429499786e-17
5505.92751 1.450586605e-17
5507.450455 1.106970567e-17
5508.9734 6.89478822e-18
5510.496345 5.074422186e-18
5512.01929 3.73102545e-18
5513.542235 7.098940945e-18
5515.06518 1.142567623e-17
5516.588125 1.382375223e-17
5518.11107 1.582841866e-17
5519.634015 2.053902861e-17
5521.15696 2.580414902e-17
5522.679905 2.125963858e-17
5524.20285 1.469573378e-17
5525.725795 1.428544723e-17
5527.24874 1.514199606e-17
5528.771685 1.516868918e-17
5530.29463 1.502375556e-17
5531.817575 1.856176089e-17
5533.34052 2.286317618e-17
5534.863465 1.954233719e-17
5536.38641 1.4634309e-17
5537.909355 1.619755132e-17
5539.4323 1.910837508e-17
5540.955245 1.644917139e-17
5542.47819 1.262482425e-17
5544.001135 1.243368266e-17
5545.52408 1.300767156e-17
5547.047025 1.428153797e-17
5548.56997 1.57027997e-17
5550.092915 1.455236187e-17
5551.61586 1.285786501e-17
5553.138805 1.527979773e-17
5554.66175 1.857262674e-17
5556.184695 1.607278932e-17
5557.70764 1.233920292e-17
5559.230585 9.938224335e-18
5560.75353 7.822333551e-18
5562.276475 1.240283958e-17
5563.79942 1.841598685e-17
5565.322365 1.865581133e-17
5566.84531 1.765494429e-17
5568.368255 1.445216217e-17
5569.8912 1.077304727e-17
5571.414145 1.557687303e-17
5572.93709 2.222395251e-17
5574.460035 1.926229354e-17
5575.98298 1.421275294e-17
5577.505925 1.512724081e-17
5579.02887 1.734339995e-17
5580.551815 1.241230997e-17
5582.07476 5.911055405e-18
5583.597705 3.595983252e-18
5585.12065 2.200605245e-18
5586.643595 7.155995727e-18
5588.16654 1.351278113e-17
5589.689485 1.570459634e-17
5591.21243 1.697334912e-17
5592.735375 1.214382286e-17
5594.25832 5.953971189e-18
5595.781265 9.629977134e-18
5597.30421 1.550682903e-17
5598.827155 1.756588176e-17
5600.3501 1.876955528e-17
5601.873045 1.41439431e-17
5603.39599 8.206654072e-18
5604.918935 1.069552887e-17
5606.44188 1.508864457e-17
5607.964825 1.419948e-17
5609.48777 1.210889102e-17
5611.010715 1.189969539e-17
5612.53366 1.212025483e-17
5614.056605 1.251865231e-17
5615.57955 1.295767097e-17
5617.102495 1.284714558e-17
5618.62544 1.261055207e-17
5620.148385 9.576911017e-18
5621.67133 5.897526039e-18
5623.194275 7.311532152e-18
5624.71722 9.906451501e-18
5626.240165 1.049068255e-17
5627.76311 1.060676577e-17
5629.286055 1.163168225e-17
5630.809 1.286910061e-17
5632.331945 1.39779114e-17
5633.85489 1.505646062e-17
5635.377835 1.376592156e-17
5636.90078 1.191560786e-17
5638.423725 8.993704844e-18
5639.94667 5.817550495e-18
5641.469615 5.257554597e-18
5642.99256 5.322155748e-18
5644.515505 4.659778051e-18
5646.03845 3.823111332e-18
5647.561395 7.945161601e-18
5649.08434 1.326094351e-17
5650.607285 1.249598921e-17
5652.13023 1.026110602e-17
5653.653175 7.539064724e-18
5655.17612 4.698534358e-18
5656.699065 2.463678045e-18
5658.22201 3.76746105e-19
5659.744955 -2.348646173e-18
5661.2679 -5.230606707e-18
5662.790845 7.738150553e-19
5664.31379 8.96639134e-18
5665.836735 8.672113566e-18
5667.35968 6.266813379e-18
5668.882625 8.714322111e-18
5670.40557 1.237379396e-17
5671.928515 1.277990986e-17
5673.45146 1.237021309e-17
5674.974405 9.827922282e-18
5676.49735 6.748711433e-18
5678.020295 4.076639294e-18
5679.54324 1.508099563e-18
5681.066185 3.513182472e-18
5682.58913 6.685991703e-18
5684.112075 5.695399907e-18
5685.63502 3.637593745e-18
5687.157965 3.569474181e-18
5688.68091 4.013418707e-18
5690.203855 4.489839585e-18
5691.7268 4.974701427e-18
5693.249745 6.259188428e-18
5694.77269 7.752321812e-18
5696.295635 5.017676769e-18
5697.81858 1.175504197e-18
5699.341525 2.390638411e-18
5700.86447 4.943590337e-18
5702.387415 5.26051673e-18
5703.91036 4.983640768e-18
5705.433305 3.296863369e-18
5706.95625 1.234201347e-18
5708.479195 2.078727006e-18
5710.00214 3.704331091e-18
5711.525085 4.373401092e-18
5713.04803 4.782995703e-18
5714.570975 7.524538605e-18
5716.09392 1.090108738e-17
5717.616865 6.510292337e-18
5719.13981 -3.78441633e-21
5720.662755 3.056600695e-18
5722.1857 8.759286822e-18
5723.708645 4.232230727e-18
5725.23159 -3.139437663e-18
5726.754535 -2.746977479e-18
5728.27748 -1.873577788e-19
5729.800425 1.52685547e-18
5731.32337 3.003302553e-18
5732.846315 4.667462559e-18
5734.36926 6.384912436e-18
5735.892205 7.129447366e-18
5737.41515 7.596747336e-18
5738.938095 3.950825123e-18
5740.46104 -8.759249185e-19
5741.983985 -2.199511299e-18
5743.50693 -2.508050908e-18
5745.029875 -8.552286528e-19
5746.55282 1.370106811e-18
5748.075765 2.029988904e-18
5749.59871 2.231221475e-18
5751.121655 -2.007737823e-19
5752.6446 -3.40993172e-18
5754.167545 -3.123794437e-18
5755.69049 -1.796614991e-18
5757.213435 9.685519831e-19
5758.73638 4.165133144e-18
5760.259325 4.949660602e-18
5761.78227 5.005287257e-18
5763.305215 6.433770273e-18
5764.82816 8.280871198e-18
5766.351105 4.323083282e-18
5767.87405 -1.417566402e-18
5769.396995 -3.909880355e-19
5770.91994 2.721463093e-18
5772.442885 4.602953638e-18
5773.96583 6.100264284e-18
5775.488775 5.762412703e-18
5777.01172 4.847738716e-18
5778.534665 4.13081218e-18
5780.05761 3.476260852e-18
5781.580555 4.930544044e-18
5783.1035 7.057077334e-18
5784.626445 3.833728608e-18
5786.14939 -1.1100465e-18
5787.672335 -1.928244655e-18
5789.19528 -1.410441586e-18
5790.718225 1.199158176e-19
5792.24117 1.980460224e-18
5793.764115 3.099915801e-18
5795.28706 3.974763316e-18
5796.810005 3.016591623e-18
5798.33295 1.449222605e-18
5799.855895 -1.751986942e-18
5801.37884 -5.499936301e-18
5802.901785 -7.64809023e-19
5804.42473 6.833411419e-18
5805.947675 7.913416063e-18
5807.47062 6.77091296e-18
5808.993565 5.395180907e-18
5810.51651 3.939383974e-18
5812.039455 7.820599781e-18
5813.5624 1.355569774e-17
5815.085345 1.142280922e-17
5816.60829 6.53845701e-18
5818.131235 4.448186905e-18
5819.65418 3.341580339e-18
5821.177125 3.507058854e-18
5822.70007 4.125631548e-18
5824.223015 9.641811607e-18
5825.74596 1.691986693e-17
5827.268905 1.837935268e-17
5828.79185 1.773178606e-17
5830.314795 1.415426796e-17
5831.83774 9.50345986e-18
5833.360685 1.173185217e-17
5834.88363 1.650498788e-17
5836.406575 1.753058761e-17
5837.92952 1.716079487e-17
5839.452465 1.433582749e-17
5840.97541 1.058626162e-17
5842.498355 1.096345267e-17
5844.0213 1.290988558e-17
5845.544245 1.768950555e-17
5847.06719 2.355343358e-17
5848.590135 2.17348919e-17
5850.11308 1.694295685e-17
5851.636025 1.437941991e-17
5853.15897 1.268665269e-17
5854.681915 1.196774257e-17
5856.20486 1.16330107e-17
5857.727805 1.519713427e-17
5859.25075 2.031645251e-17
5860.773695 1.838155463e-17
5862.29664 1.360611357e-17
5863.819585 1.481264914e-17
5865.34253 1.845074498e-17
5866.865475 2.067231719e-17
5868.38842 2.231178585e-17
5869.911365 2.461241998e-17
5871.43431 2.718730088e-17
5872.957255 2.494858453e-17
5874.4802 2.069457827e-17
5876.003145 1.863720307e-17
5877.52609 1.7509473e-17
5879.049035 1.731841413e-17
5880.57198 1.752742944e-17
5882.094925 2.288898421e-17
5883.61787 3.048181071e-17
5885.140815 2.820751402e-17
5886.66376 2.162123563e-17
5888.186705 1.927900424e-17
5889.70965 1.880840795e-17
5891.232595 1.813056984e-17
5892.75554 1.736008749e-17
5894.278485 1.896736394e-17
5895.80143 2.164719917e-17
5897.324375 2.15657864e-17
5898.84732 2.022757361e-17
5900.370265 1.975841661e-17
5901.89321 1.969015767e-17
5903.416155 2.219101748e-17
5904.9391 2.588763139e-17
5906.462045 2.393646122e-17
5907.98499 1.932528003e-17
5909.507935 1.945989706e-17
5911.03088 2.185949838e-17
5912.553825 2.075760447e-17
5914.07677 1.796979405e-17
5915.599715 1.574387749e-17
5917.12266 1.379208362e-17
5918.645605 1.341156731e-17
5920.16855 1.380659237e-17
5921.691495 1.691712731e-17
5923.21444 2.138358002e-17
5924.737385 2.272668972e-17
5926.26033 2.248986957e-17
5927.783275 1.97562676e-17
5929.30622 1.574871815e-17
5930.829165 1.647581653e-17
5932.35211 1.965011551e-17
5933.875055 2.145436683e-17
5935.398 2.254235749e-17
5936.920945 1.877381361e-17
5938.44389 1.243724367e-17
5939.966835 1.224710215e-17
5941.48978 1.534883423e-17
5943.012725 1.609489324e-17
5944.53567 1.556499141e-17
5946.058615 1.544286812e-17
5947.58156 1.554443763e-17
5949.104505 1.660432069e-17
5950.62745 1.819582612e-17
5952.150395 1.588097606e-17
5953.67334 1.136861317e-17
5955.196285 1.124161034e-17
5956.71923 1.36126574e-17
5958.242175 1.5260268e-17
5959.76512 1.649118058e-17
5961.288065 1.822521253e-17
5962.81101 2.025348256e-17
5964.333955 1.90103062e-17
5965.8569 1.583272827e-17
5967.379845 1.35434381e-17
5968.90279 1.178738411e-17
5970.425735 1.409773844e-17
5971.94868 1.887605478e-17
5973.471625 1.960238884e-17
5974.99457 1.783574612e-17
5976.517515 2.012902331e-17
5978.04046 2.495090725e-17
5979.563405 2.329955531e-17
5981.08635 1.756150928e-17
5982.609295 1.844884412e-17
5984.13224 2.358157592e-17
5985.655185 2.228376594e-17
5987.17813 1.682066482e-17
5988.701075 1.858273323e-17
5990.22402 2.509451077e-17
5991.746965 2.546252673e-17
5993.26991 2.173725432e-17
5994.792855 2.022878791e-17
5996.3158 2.02171379e-17
5997.838745 1.83344103e-17
5999.36169 1.516964706e-17
6000.884635 1.73597864e-17
6002.40758 2.326812741e-17
6003.930525 2.392747142e-17
6005.45347 2.088859845e-17
6006.976415 2.152973456e-17
6008.49936 2.479816504e-17
6010.022305 2.349284591e-17
6011.54525 1.887440042e-17
6013.068195 1.777816443e-17
6014.59114 1.926715405e-17
6016.114085 1.929772334e-17
6017.63703 1.823939703e-17
6019.159975 1.822257714e-17
6020.68292 1.899363354e-17
6022.205865 2.009528923e-17
6023.72881 2.145066106e-17
6025.251755 2.038243671e-17
6026.7747 1.742485739e-17
6028.297645 1.636072593e-17
6029.82059 1.679202782e-17
6031.343535 1.79856114e-17
6032.86648 1.979149722e-17
6034.389425 1.853749307e-17
6035.91237 1.479349494e-17
6037.435315 1.126955664e-17
6038.95826 7.927739523e-18
6040.481205 8.919155191e-18
6042.00415 1.354348607e-17
6043.527095 1.667124787e-17
6045.05004 1.852302402e-17
6046.572985 1.690742283e-17
6048.09593 1.228931483e-17
6049.618875 8.654543422e-18
6051.14182 5.88566096e-18
6052.664765 5.132848434e-18
6054.18771 6.178343517e-18
6055.710655 7.279822184e-18
6057.2336 8.43221299e-18
6058.756545 1.100775398e-17
6060.27949 1.489426705e-17
6061.802435 1.836382153e-17
6063.32538 2.144180361e-17
6064.848325 1.936705596e-17
6066.37127 1.237810191e-17
6067.894215 1.100967552e-17
6069.41716 1.509177958e-17
6070.940105 1.426278744e-17
6072.46305 8.597233868e-18
6073.985995 4.397449301e-18
6075.50894 1.665503968e-18
6077.031885 1.345403269e-18
6078.55483 3.484338685e-18
6080.077775 7.718797836e-18
6081.60072 1.412577986e-17
6083.123665 1.57359895e-17
6084.64661 1.229587106e-17
6086.169555 9.768458749e-18
6087.6925 8.220695463e-18
6089.215445 5.982286822e-18
6090.73839 2.991040014e-18
6092.261335 1.520375543e-18
6093.78428 1.739513886e-18
6095.307225 3.388735424e-18
6096.83017 6.656093674e-18
6098.353115 8.016280108e-18
6099.87606 7.176309629e-18
6101.399005 5.005992015e-18
6102.92195 1.274994896e-18
6104.444895 9.886474055e-19
6105.96784 4.81723519e-18
6107.490785 5.297579799e-18
6109.01373 1.699711816e-18
6110.536675 3.003977325e-18
6112.05962 1.038852244e-17
6113.582565 1.236862987e-17
6115.10551 7.51327075e-18
6116.628455 4.730343589e-18
6118.1514 4.616834556e-18
6119.674345 5.483785599e-18
6121.19729 7.641990807e-18
6122.720235 7.820273045e-18
6124.24318 5.34277612e-18
6125.766125 3.629526253e-18
6127.28907 2.961822547e-18
6128.812015 4.191539231e-18
6130.33496 8.065373278e-18
6131.857905 9.928088064e-18
6133.38085 8.9321411e-18
6134.903795 8.954347591e-18
6136.42674 1.045679544e-17
6137.949685 9.798254622e-18
6139.47263 5.93877919e-18
6140.995575 4.299906508e-18
6142.51852 6.025890408e-18
6144.041465 7.667046108e-18
6145.56441 9.176871583e-18
6147.087355 9.482292308e-18
6148.6103 7.879778763e-18
6150.133245 6.713382962e-18
6151.65619 6.251090743e-18
6153.179135 7.92887276e-18
6154.70208 1.314272947e-17
6156.225025 1.442153829e-17
6157.74797 9.045150515e-18
6159.270915 6.06233309e-18
6160.79386 7.217939975e-18
6162.316805 6.874101674e-18
6163.83975 3.875908616e-18
6165.362695 3.495455992e-18
6166.88564 7.853633239e-18
6168.408585 1.066987303e-17
6169.93153 1.062741881e-17
6171.454475 9.78117417e-18
6172.97742 7.404086218e-18
6174.500365 6.145502379e-18
6176.02331 7.066323559e-18
6177.546255 8.478114069e-18
6179.0692 1.087304348e-17
6180.592145 1.203732004e-17
6182.11509 1.0679422e-17
6183.638035 9.1338615e-18
6185.16098 7.194012121e-18
6186.683925 6.702265241e-18
6188.20687 9.339651629e-18
6189.729815 1.0956171e-17
6191.25276 1.031351535e-17
6192.775705 8.564691755e-18
6194.29865 4.296869515e-18
6195.821595 1.405560289e-18
6197.34454 1.740808217e-18
6198.867485 2.58695484e-18
6200.39043 4.664315137e-18
6201.913375 5.691045628e-18
6203.43632 4.109850596e-18
6204.959265 4.521075166e-18
6206.48221 1.002045767e-17
6208.005155 1.427830039e-17
6209.5281 1.526778211e-17
6211.051045 1.57599827e-17
6212.57399 1.490219971e-17
6214.096935 1.345188905e-17
6215.61988 1.034474804e-17
6217.142825 8.161345254e-18
6218.66577 8.644041537e-18
6220.188715 9.26043006e-18
6221.71166 1.027664708e-17
6223.234605 1.191676012e-17
6224.75755 1.548151896e-17
6226.280495 1.694893075e-17
6227.80344 1.172758888e-17
6229.326385 7.818797354e-18
6230.84933 8.255608275e-18
6232.372275 8.132528763e-18
6233.89522 6.087039734e-18
6235.418165 4.855671791e-18
6236.94111 6.519844206e-18
6238.464055 7.815951026e-18
6239.987 7.749810491e-18
6241.509945 7.22888192e-18
6243.03289 4.958255422e-18
6244.555835 4.249443942e-18
6246.07878 9.804953958e-18
6247.601725 1.329406134e-17
6249.12467 8.132858808e-18
6250.647615 3.679638922e-18
6252.17056 2.316517444e-18
6253.693505 1.447132319e-18
6255.21645 2.832053005e-18
6256.739395 3.947567686e-18
6258.26234 3.77461001e-18
6259.785285 4.069001522e-18
6261.30823 6.719037569e-18
6262.831175 8.779584179e-18
6264.35412 7.72515141e-18
6265.877065 7.116955284e-18
6267.40001 8.990738574e-18
6268.922955 1.022727846e-17
6270.4459 7.706644071e-18
6271.968845 6.163010483e-18
6273.49179 1.069162044e-17
6275.014735 1.438972658e-17
6276.53768 1.258905944e-17
6278.060625 1.07972332e-17
6279.58357 9.067968292e-18
6281.106515 7.9024675e-18
6282.62946 1.098762785e-17
6284.152405 1.351719579e-17
6285.67535 1.155335487e-17
6287.198295 1.006042207e-17
6288.72124 1.268366326e-17
6290.244185 1.445425825e-17
6291.76713 8.128577321e-18
6293.290075 2.90530874e-18
6294.81302 9.075719802e-18
6296.335965 1.415617379e-17
6297.85891 6.843703613e-18
6299.381855 -1.759743001e-19
6300.9048 -3.467454274e-18
6302.427745 -6.069356681e-18
6303.95069 1.1763503e-18
6305.473635 8.159618928e-18
6306.99658 1.083469869e-17
6308.519525 1.329038452e-17
6310.04247 1.160894554e-17
6311.565415 9.920600425e-18
6313.08836 8.078466719e-18
6314.611305 6.269277136e-18
6316.13425 5.369618545e-18
6317.657195 4.526872047e-18
6319.18014 5.73992952e-18
6320.703085 6.925828173e-18
6322.22603 6.727010763e-18
6323.748975 6.546191976e-18
6325.27192 7.865581035e-18
6326.794865 9.173453673e-18
6328.31781 6.887774142e-18
6329.840755 4.602094611e-18
6331.3637 6.64078132e-18
6332.886645 8.700424649e-18
6334.40959 5.774099524e-18
6335.932535 2.784532513e-18
6337.45548 7.812491757e-18
6338.978425 1.300865921e-17
6340.50137 1.084559018e-17
6342.024315 8.466111679e-18
6343.54726 3.812156565e-18
6345.070205 -9.29745425e-19
6346.59315 1.642527476e-18
6348.116095 4.561461845e-18
6349.63904 6.49098801e-18
6351.161985 8.364133544e-18
6352.68493 9.434894859e-18
6354.207875 1.045297139e-17
6355.73082 7.644230812e-18
6357.253765 4.546232623e-18
6358.77671 3.322227208e-18
6360.299655 2.258824285e-18
6361.8226 1.034151542e-18
6363.345545 -2.06005648e-19
6364.86849 9.683929576e-19
6366.391435 2.399985138e-18
6367.91438 2.752906503e-18
6369.437325 2.980678956e-18
6370.96027 2.73422649e-18
6372.483215 2.427200414e-18
6374.00616 2.975326684e-18
6375.529105 3.642202382e-18
6377.05205 6.103294764e-19
6378.574995 -2.977126629e-18
6380.09794 -9.651906313e-19
6381.620885 1.957492521e-18
6383.14383 5.714509433e-18
6384.666775 9.617098759e-18
6386.18972 8.229217905e-18
6387.712665 5.856811382e-18
6389.23561 5.533709258e-18
6390.758555 5.619094563e-18
6392.2815 4.552964632e-18
6393.804445 3.241718132e-18
6395.32739 3.314513955e-18
6396.850335 3.699743133e-18
6398.37328 3.857345028e-18
6399.896225 3.960118497e-18
6401.41917 3.817584111e-18
6402.942115 3.612409404e-18
6404.46506 3.053988872e-18
6405.988005 2.400125345e-18
6407.51095 3.39550445e-18
6409.033895 4.861546014e-18
6410.55684 6.847804361e-18
6412.079785 8.990616979e-18
6413.60273 6.711018466e-18
6415.125675 3.032513609e-18
6416.64862 1.46622251e-18
6418.171565 6.025452933e-19
6419.69451 3.036966942e-18
6421.217455 6.627489768e-18
6422.7404 3.716639952e-18
6424.263345 -1.584908866e-18
6425.78629 -2.245537696e-18
6427.309235 -1.112043107e-18
6428.83218 -5.998913832e-22
6430.355125 1.10189112e-18
6431.87807 2.014095249e-18
6433.401015 2.84525398e-18
6434.92396 4.391747545e-18
6436.446905 6.257577907e-18
6437.96985 3.737610221e-18
6439.492795 -8.328542444e-19
6441.01574 -4.3998626e-19
6442.538685 2.381231506e-18
6444.06163 1.548934161e-18
6445.584575 -1.152695209e-18
6447.10752 2.711400337e-19
6448.630465 3.90718721e-18
6450.15341 4.90767126e-18
6451.676355 4.434105396e-18
6453.1993 4.931268241e-18
6454.722245 5.995184636e-18
6456.24519 5.222648402e-18
6457.768135 3.328317325e-18
6459.29108 3.129028009e-18
6460.814025 4.012546859e-18
6462.33697 4.988549671e-18
6463.859915 6.026142698e-18
6465.38286 6.442413896e-18
6466.905805 6.42633516e-18
6468.42875 3.342889973e-18
6469.951695 -1.970135976e-18
6471.47464 -5.335809708e-19
6472.997585 6.026064943e-18
6474.52053 7.128273596e-18
6476.043475 3.906030811e-18
6477.56642 5.51754863e-18
6479.089365 1.112687129e-17
6480.61231 1.211135933e-17
6482.135255 9.093859873e-18
6483.6582 8.327587877e-18
6485.181145 9.593941011e-18
6486.70409 1.014250155e-17
6488.227035 1.001315036e-17
6489.74998 9.430073223e-18
6491.272925 8.399939711e-18
6492.79587 8.266297103e-18
6494.318815 9.056545755e-18
6495.84176 8.992989333e-18
6497.364705 8.009080328e-18
6498.88765 8.786260354e-18
6500.410595 1.1549214e-17
6501.93354 1.260883319e-17
6503.456485 1.165916285e-17
6504.97943 9.471583628e-18
6506.502375 5.756050443e-18
6508.02532 5.471051981e-18
6509.548265 9.617608303e-18
6511.07121 1.034832146e-17
6512.594155 6.459690804e-18
6514.1171 6.074758584e-18
6515.640045 1.066462209e-17
6517.16299 1.297827191e-17
6518.685935 1.190615319e-17
6520.20888 1.047485031e-17
6521.731825 8.481345037e-18
6523.25477 7.699682519e-18
6524.777715 8.907016316e-18
6526.30066 9.02784507e-18
6527.823605 7.272499981e-18
6529.34655 5.757414464e-18
6530.869495 4.679116293e-18
6532.39244 5.689155106e-18
6533.915385 1.069942158e-17
6535.43833 1.253430339e-17
6536.961275 7.954977753e-18
6538.48422 6.067603885e-18
6540.007165 9.920221576e-18
6541.53011 1.127458673e-17
6543.053055 6.999934043e-18
6544.576 5.133525895e-18
6546.098945 9.025665449e-18
6547.62189 1.24050953e-17
6549.144835 1.448560839e-17
6550.66778 1.59717459e-17
6552.190725 1.58549513e-17
6553.71367 1.448417075e-17
6555.236615 9.518928964e-18
6556.75956 5.688573185e-18
6558.282505 5.334403812e-18
6559.80545 4.332024277e-18
6561.328395 1.199312937e-18
6562.85134 3.111951951e-19
6564.374285 7.345009806e-18
6565.89723 1.32781133e-17
6567.420175 1.502701134e-17
6568.94312 1.671999197e-17
6570.466065 1.818325132e-17
6571.98901 1.870732152e-17
6573.511955 1.504559147e-17
6575.0349 1.173157093e-17
6576.557845 1.011392908e-17
6578.08079 9.003050331e-18
6579.603735 1.060098626e-17
6581.12668 1.217939162e-17
6582.649625 1.364180476e-17
6584.17257 1.44846985e-17
6585.695515 1.121710843e-17
6587.21846 8.485825047e-18
6588.741405 9.769988206e-18
6590.26435 1.072005643e-17
6591.787295 8.831906662e-18
6593.31024 7.785256835e-18
6594.833185 1.502761518e-17
6596.35613 2.106522302e-17
6597.879075 1.305976491e-17
6599.40202 5.689195225e-18
6600.924965 7.466217409e-18
6602.44791 9.130800932e-18
6603.970855 8.735028923e-18
6605.4938 8.299079098e-18
6607.016745 6.862345783e-18
6608.53969 5.4904717e-18
6610.062635 6.668273908e-18
6611.58558 7.868775607e-18
6613.108525 1.099414438e-17
6614.63147 1.411951314e-17
6616.154415 1.41697015e-17
6617.67736 1.421329226e-17
6619.200305 1.404262009e-17
6620.72325 1.386840841e-17
6622.246195 9.751374161e-18
6623.76914 5.512227791e-18
6625.292085 1.113107668e-17
6626.81503 1.720187266e-17
6628.337975 1.638996345e-17
6629.86092 1.515718475e-17
6631.383865 1.331456301e-17
6632.90681 1.142481265e-17
6634.429755 8.031209064e-18
6635.9527 4.495789081e-18
6637.475645 1.093755695e-17
6638.99859 1.848746022e-17
6640.521535 1.694334894e-17
6642.04448 1.422453034e-17
6643.567425 1.507713187e-17
6645.09037 1.645939203e-17
6646.613315 1.639935195e-17
6648.13626 1.609875452e-17
6649.659205 1.566615726e-17
6651.18215 1.520890505e-17
6652.705095 1.274703356e-17
6654.22804 9.86929372e-18
6655.750985 8.082244453e-18
6657.27393 6.545351561e-18
6658.796875 7.762414242e-18
6660.31982 9.675018773e-18
6661.842765 1.045214586e-17
6663.36571 1.091629758e-17
6664.888655 1.126291025e-17
6666.4116 1.157431231e-17
6667.934545 9.85492063e-18
6669.45749 7.473324544e-18
6670.980435 7.38949558e-18
6672.50338 8.11438042e-18
6674.026325 8.346875248e-18
6675.54927 8.392220462e-18
6677.072215 1.070385775e-17
6678.59516 1.394765975e-17
6680.118105 1.258269759e-17
6681.64105 9.180670824e-18
6683.163995 8.387004261e-18
6684.68694 8.826171819e-18
6686.209885 8.084569658e-18
6687.73283 6.742809913e-18
6689.255775 8.343647589e-18
6690.77872 1.154336252e-17
6692.301665 1.340555619e-17
6693.82461 1.44896715e-17
6695.347555 1.193038875e-17
6696.8705 7.107834791e-18
6698.393445 6.100722129e-18
6699.91639 7.625512542e-18
6701.439335 8.018018015e-18
6702.96228 7.608585118e-18
6704.485225 8.209574847e-18
6706.00817 9.574802533e-18
6707.531115 1.179001868e-17
6709.05406 1.469051592e-17
6710.577005 1.567698505e-17
6712.09995 1.501933676e-17
6713.622895 1.323537618e-17
6715.14584 1.041960044e-17
6716.668785 8.300067578e-18
6718.19173 6.859791036e-18
6719.714675 6.872768672e-18
6721.23762 8.401372388e-18
6722.760565 8.219405888e-18
6724.28351 6.13264551e-18
6725.806455 4.694053107e-18
6727.3294 4.024280829e-18
6728.852345 4.513062267e-18
6730.37529 6.471897095e-18
6731.898235 7.327618334e-18
6733.42118 6.687171263e-18
6734.944125 7.641747616e-18
6736.46707 1.091342065e-17
6737.990015 1.227763256e-17
6739.51296 1.06673096e-17
6741.035905 9.462406886e-18
6742.55885 8.93506022e-18
6744.081795 8.033807238e-18
6745.60474 6.459208144e-18
6747.127685 6.490748128e-18
6748.65063 9.630676102e-18
6750.173575 1.16724118e-17
6751.69652 1.141618599e-17
6753.219465 1.021721829e-17
6754.74241 6.890242035e-18
6756.265355 5.502931935e-18
6757.7883 8.871720519e-18
6759.311245 1.079949306e-17
6760.83419 8.883743589e-18
6762.357135 7.080549411e-18
6763.88008 5.606662866e-18
6765.403025 5.074471403e-18
6766.92597 7.561831216e-18
6768.448915 8.996288129e-18
6769.97186 6.713629462e-18
6771.494805 5.581249396e-18
6773.01775 8.971462785e-18
6774.540695 1.151418125e-17
6776.06364 1.034245096e-17
6777.586585 8.878793741e-18
6779.10953 5.967502623e-18
6780.632475 3.293314557e-18
6782.15542 1.960888924e-18
6783.678365 1.230195415e-18
6785.20131 4.448959905e-18
6786.724255 6.620100564e-18
6788.2472 6.954893231e-19
6789.770145 -3.890568324e-18
6791.29309 4.131683614e-18
6792.816035 1.125241498e-17
6794.33898 7.765665062e-18
6795.861925 4.687900124e-18
6797.38487 8.048412766e-18
6798.907815 1.094869742e-17
6800.43076 3.291337182e-18
6801.953705 -3.973242958e-18
6803.47665 4.644242772e-18
6804.999595 1.321094706e-17
6806.52254 1.144054066e-17
6808.045485 9.670133444e-18
6809.56843 9.358841392e-18
6811.091375 9.066390859e-18
6812.61432 7.729195496e-18
6814.137265 6.357469065e-18
6815.66021 4.989893426e-18
6817.183155 3.622537404e-18
6818.7061 2.591300226e-18
6820.229045 1.584926444e-18
6821.75199 -8.049127166e-20
6823.274935 -1.809337442e-18
6824.79788 3.13840286e-18
6826.320825 8.886466668e-18
6827.84377 8.774991673e-18
6829.366715 7.82152705e-18
6830.88966 6.694552196e-18
6832.412605 5.538255856e-18
6833.93555 5.703937238e-18
6835.458495 6.12858364e-18
6836.98144 5.875441971e-18
6838.504385 5.470758745e-18
6840.02733 4.376239563e-18
6841.550275 3.107136053e-18
6843.07322 2.394815673e-18
6844.596165 1.841233733e-18
6846.11911 3.556687623e-18
6847.642055 5.991720817e-18
6849.165 3.399735892e-18
6850.687945 -9.645278528e-19
6852.21089 -3.034929028e-19
6853.733835 2.307756154e-18
6855.25678 2.482382253e-18
6856.779725 1.615412185e-18
6858.30267 2.650680834e-18
6859.825615 4.58107347e-18
6861.34856 4.785073167e-18
6862.871505 4.104021868e-18
6864.39445 5.896107424e-18
6865.917395 9.075944795e-18
6867.44034 8.761228214e-18
6868.963285 6.310853715e-18
6870.48623 5.792803732e-18
6872.009175 6.560423618e-18
6873.53212 5.563372782e-18
6875.055065 3.291560314e-18
6876.57801 5.672437786e-18
6878.100955 1.170801861e-17
6879.6239 1.181665803e-17
6881.146845 6.873613637e-18
6882.66979 4.0000159e-18
6884.192735 3.041765624e-18
6885.71568 4.248136996e-18
6887.238625 7.629402773e-18
6888.76157 9.737533775e-18
6890.284515 1.045336926e-17
6891.80746 9.946137145e-18
6893.330405 7.988265982e-18
6894.85335 6.700673332e-18
6896.376295 6.276914081e-18
6897.89924 6.151758346e-18
6899.422185 6.446221409e-18
6900.94513 8.260453899e-18
6902.468075 1.240648827e-17
6903.99102 1.265930196e-17
6905.513965 6.388314216e-18
6907.03691 1.785041907e-18
6908.559855 2.441757552e-19
6910.0828 1.06494069e-19
6911.605745 2.807841635e-18
6913.12869 4.523769706e-18
6914.651635 4.042211624e-18
6916.17458 3.128446087e-18
6917.697525 1.150097655e-18
6919.22047 4.287193363e-19
6920.743415 3.159007929e-18
6922.26636 5.998492118e-18
6923.789305 9.174228741e-18
6925.31225 9.842980278e-18
6926.835195 1.793271113e-18
6928.35814 -3.324601009e-18
6929.881085 3.150826493e-18
6931.40403 8.380711898e-18
6932.926975 7.937970092e-18
6934.44992 7.129417587e-18
6935.972865 4.374817225e-18
6937.49581 2.612709315e-18
6939.018755 7.1675076e-18
6940.5417 1.070282129e-17
6942.064645 6.312926216e-18
6943.58759 2.358575649e-18
6945.110535 2.727347035e-18
6946.63348 3.237109495e-18
6948.156425 5.637500986e-18
6949.67937 7.937166073e-18
6951.202315 8.192085767e-18
6952.72526 8.328491986e-18
6954.248205 3.745836119e-18
6955.77115 -8.212225857e-19
6957.294095 2.209376462e-18
6958.81704 5.239975354e-18
6960.339985 4.994449951e-18
6961.86293 4.678519483e-18
6963.385875 5.947161425e-18
6964.90882 7.287846663e-18
6966.431765 7.171485512e-18
6967.95471 6.95173092e-18
6969.477655 8.162515714e-18
6971.0006 9.512545611e-18
6972.523545 1.125413386e-17
6974.04649 1.304500718e-17
6975.569435 1.314461214e-17
6977.09238 1.298052515e-17
6978.615325 8.754157475e-18
6980.13827 3.761990543e-18
6981.661215 3.996491283e-18
6983.18416 5.391607487e-18
6984.707105 5.905988096e-18
6986.23005 6.19265126e-18
6987.752995 7.34718281e-18
6989.27594 8.75879134e-18
6990.798885 1.008800772e-17
6992.32183 1.138942752e-17
6993.844775 1.313385548e-17
6995.36772 1.504715815e-17
6996.890665 1.187763944e-17
6998.41361 6.532651443e-18
6999.936555 6.91599589e-18
7001.4595 1.003398703e-17
7002.982445 1.02274621e-17
7004.50539 8.863406527e-18
7006.028335 7.364967193e-18
7007.55128 5.787186349e-18
7009.074225 4.624296553e-18
7010.59717 3.732976355e-18
7012.120115 6.82951912e-18
7013.64306 1.281361581e-17
7015.166005 1.361295518e-17
7016.68895 1.027676703e-17
7018.211895 8.475485289e-18
7019.73484 8.028388378e-18
7021.257785 8.130952984e-18
7022.78073 8.768209619e-18
7024.303675 9.788474866e-18
7025.82662 1.121948492e-17
7027.349565 1.097766694e-17
7028.87251 8.752365801e-18
7030.395455 8.426951294e-18
7031.9184 1.058791515e-17
7033.441345 1.223915294e-17
7034.96429 1.315119898e-17
7036.487235 1.401549684e-17
7038.01018 1.480290991e-17
7039.533125 1.358386324e-17
7041.05607 8.768290683e-18
7042.579015 5.901373669e-18
7044.10196 6.936073218e-18
7045.624905 8.171938956e-18
7047.14785 9.861663806e-18
7048.670795 9.252690958e-18
7050.19374 2.793935075e-18
7051.716685 1.138098159e-18
7053.23963 1.340802615e-17
7054.762575 2.166600264e-17
7056.28552 1.655259212e-17
7057.808465 1.254916783e-17
7059.33141 1.284666664e-17
7060.854355 1.287101967e-17
7062.3773 1.1646684e-17
7063.900245 1.074556668e-17
7065.42319 1.162246498e-17
7066.946135 1.244039275e-17
7068.46908 1.285720079e-17
7069.992025 1.284387574e-17
7071.51497 9.038651357e-18
7073.037915 5.680876269e-18
7074.56086 7.795824067e-18
7076.083805 9.916646502e-18
7077.60675 1.21492533e-17
7079.129695 1.434021651e-17
7080.65264 1.478601889e-17
7082.175585 1.523182126e-17
7083.69853 1.179321243e-17
7085.221475 8.340460462e-18
7086.74442 8.806415437e-18
7088.267365 9.393257895e-18
7089.79031 7.974337088e-18
7091.313255 6.434492815e-18
7092.8362 5.151169244e-18
7094.359145 3.891112609e-18
7095.88209 5.524741793e-18
7097.405035 7.516380122e-18
7098.92798 1.122936807e-17
7100.450925 1.521420893e-17
7101.97387 1.103060319e-17
7103.496815 5.241182211e-18
7105.01976 6.778764972e-18
7106.542705 1.004880101e-17
7108.06565 1.948587715e-17
7109.588595 3.064382893e-17
7111.11154 3.064429876e-17
7112.634485 2.702216089e-17
7114.15743 1.898162454e-17
7115.680375 9.284592833e-18
7117.20332 7.759781326e-19
7118.726265 -7.221910442e-18
7120.24921 -4.835683799e-18
7121.772155 2.622590194e-18
7123.2951 4.221696995e-18
7124.818045 2.585625767e-18
7126.34099 4.464697844e-18
7127.863935 8.528734214e-18
7129.38688 9.418826875e-18
7130.909825 8.086315009e-18
7132.43277 9.388931741e-18
7133.955715 1.275726165e-17
7135.47866 1.447663679e-17
7137.001605 1.474743091e-17
7138.52455 1.410419541e-17
7140.047495 1.256187911e-17
7141.57044 1.219578303e-17
7143.093385 1.312667307e-17
7144.61633 1.512360453e-17
7146.139275 1.843744061e-17
7147.66222 2.002900394e-17
7149.185165 1.923379551e-17
7150.70811 1.574417528e-17
7152.231055 8.045228948e-18
7153.754 4.535899896e-18
7155.276945 8.439231617e-18
7156.79989 1.124760823e-17
7158.322835 1.186161365e-17
7159.84578 1.374127075e-17
7161.368725 1.851829255e-17
7162.89167 2.004380551e-17
7164.414615 1.299038597e-17
7165.93756 9.164554864e-18
7167.460505 1.523262032e-17
7168.98345 1.951860868e-17
7170.506395 1.735442958e-17
7172.02934 1.585626487e-17
7173.552285 1.726030635e-17
7175.07523 1.804753579e-17
7176.598175 1.554258309e-17
7178.12112 1.446169129e-17
7179.644065 2.305700279e-17
7181.16701 3.005994529e-17
7182.689955 2.248367895e-17
7184.2129 1.542864227e-17
7185.735845 1.541025404e-17
7187.25879 1.529198376e-17
7188.781735 1.267905834e-17
7190.30468 1.010977911e-17
7191.827625 1.234877836e-17
7193.35057 1.458777678e-17
7194.873515 1.128599189e-17
7196.39646 7.86452638e-18
7197.919405 1.192136917e-17
7199.44235 1.638517573e-17
7200.965295 1.669036402e-17
7202.48824 1.66253195e-17
7204.011185 1.981082512e-17
7205.53413 2.340720294e-17
7207.057075 2.002999986e-17
7208.58002 1.5495227e-17
7210.102965 1.819273246e-17
7211.62591 2.240809449e-17
7213.148855 1.940808577e-17
7214.6718 1.455607756e-17
7216.194745 1.50786605e-17
7217.71769 1.724670419e-17
7219.240635 1.680986846e-17
7220.76358 1.543144972e-17
7222.286525 1.895051758e-17
7223.80947 2.453153495e-17
7225.332415 2.440545443e-17
7226.85536 2.149340148e-17
7228.378305 1.971802042e-17
7229.90125 1.857874456e-17
7231.424195 1.957660893e-17
7232.94714 2.194405609e-17
7234.470085 2.121797019e-17
7235.99303 1.823931265e-17
7237.515975 1.761198715e-17
7239.03892 1.893267695e-17
7240.561865 1.669118127e-17
7242.08481 1.11014206e-17
7243.607755 8.502116369e-18
7245.1307 9.102577529e-18
7246.653645 9.565941774e-18
7248.17659 9.862866527e-18
7249.699535 1.178391574e-17
7251.22248 1.595447602e-17
7252.745425 1.843723712e-17
7254.26837 1.825612096e-17
7255.791315 1.787246632e-17
7257.31426 1.712156831e-17
7258.837205 1.519891601e-17
7260.36015 1.082120655e-17
7261.883095 7.646789282e-18
7263.40604 7.403936499e-18
7264.928985 7.886607967e-18
7266.45193 1.045604188e-17
7267.974875 1.286921724e-17
7269.49782 1.474697927e-17
7271.020765 1.691543325e-17
7272.54371 2.030025135e-17
7274.066655 2.222476645e-17
7275.5896 1.647459065e-17
7277.112545 1.215128237e-17
7278.63549 1.762347007e-17
7280.158435 2.233149757e-17
7281.68138 1.962910182e-17
7283.204325 1.700034003e-17
7284.72727 1.550969935e-17
7286.250215 1.406992201e-17
7287.77316 1.441291742e-17
7289.296105 1.475591282e-17
7290.81905 1.44538397e-17
7292.341995 1.414791522e-17
7293.86494 1.446112716e-17
7295.387885 1.479965413e-17
7296.91083 1.743232848e-17
7298.433775 2.024552342e-17
7299.95672 1.728274941e-17
7301.479665 1.363065188e-17
7303.00261 1.585056394e-17
7304.525555 1.903125206e-17
7306.0485 2.052759201e-17
7307.571445 2.16668414e-17
7309.09439 2.084125725e-17
7310.617335 1.949780013e-17
7312.14028 1.394383487e-17
7313.663225 7.041319543e-18
7315.18617 7.3517596e-18
7316.709115 1.04242128e-17
7318.23206 1.536083496e-17
7319.755005 2.114223188e-17
7321.27795 2.314058443e-17
7322.800895 2.313607961e-17
7324.32384 2.328895913e-17
7325.846785 2.35383607e-17
7327.36973 2.172381098e-17
7328.892675 1.844448653e-17
7330.41562 1.532393444e-17
7331.938565 1.233331256e-17
7333.46151 1.154676141e-17
7334.984455 1.28333085e-17
7336.5074 1.325889458e-17
7338.030345 1.275311334e-17
7339.55329 1.323242728e-17
7341.076235 1.494152222e-17
7342.59918 1.421741824e-17
7344.122125 9.979910102e-18
7345.64507 9.494230178e-18
7347.168015 1.529965669e-17
7348.69096 1.669854649e-17
7350.213905 9.503366388e-18
7351.73685 6.460666877e-18
7353.259795 1.29540959e-17
7354.78274 1.826735242e-17
7356.305685 2.03425484e-17
7357.82863 2.133308395e-17
7359.351575 1.871036885e-17
7360.87452 1.529671689e-17
7362.397465 8.623859157e-18
7363.92041 4.393785304e-18
7365.443355 1.307916312e-17
7366.9663 2.042107597e-17
7368.489245 1.819607427e-17
7370.01219 1.598666162e-17
7371.535135 1.394104893e-17
7373.05808 1.215112934e-17
7374.581025 1.515224483e-17
7376.10397 1.808720737e-17
7377.626915 1.629076464e-17
7379.14986 1.449432357e-17
7380.672805 1.321783995e-17
7382.19575 1.195364411e-17
7383.718695 1.111501697e-17
7385.24164 1.030353625e-17
7386.764585 9.930425676e-18
7388.28753 9.604317992e-18
7389.810475 1.442699438e-17
7391.33342 2.004440604e-17
7392.856365 1.552469448e-17
7394.37931 8.924748587e-18
7395.902255 8.734080147e-18
7397.4252 1.022449335e-17
7398.948145 8.8454443e-18
7400.47109 6.533696172e-18
7401.994035 9.726532273e-18
7403.51698 1.509017485e-17
7405.039925 1.457801605e-17
7406.56287 1.129645325e-17
7408.085815 9.722962989e-18
7409.60876 9.101366537e-18
7411.131705 1.1059399e-17
7412.65465 1.470882308e-17
7414.177595 1.623039204e-17
7415.70054 1.61234409e-17
7417.223485 1.450185918e-17
7418.74643 1.152792981e-17
7420.269375 1.087462091e-17
7421.79232 1.263524341e-17
7423.315265 1.511222252e-17
7424.83821 1.845774293e-17
7426.361155 1.944176857e-17
7427.8841 1.707200199e-17
7429.407045 1.598339426e-17
7430.92999 1.702980585e-17
7432.452935 1.792908353e-17
7433.97588 1.853789342e-17
7435.498825 1.846358117e-17
7437.02177 1.677561987e-17
7438.544715 1.44534989e-17
7440.06766 1.031351122e-17
7441.590605 8.537884486e-18
7443.11355 1.515343432e-17
7444.636495 1.995971763e-17
7446.15944 1.654519547e-17
7447.682385 1.397362164e-17
7449.20533 1.653968314e-17
7450.728275 1.857720766e-17
7452.25122 1.595265457e-17
7453.774165 1.349375763e-17
7455.29711 1.355236255e-17
7456.820055 1.362773359e-17
7458.343 1.443813154e-17
7459.865945 1.524853031e-17
7461.38889 1.065833138e-17
7462.911835 5.973944292e-18
7464.43478 1.339870134e-17
7465.957725 2.155841457e-17
7467.48067 2.100600185e-17
7469.003615 1.952131522e-17
7470.52656 1.659124131e-17
7472.049505 1.343220795e-17
7473.57245 1.082880669e-17
7475.095395 8.34476511e-18
7476.61834 1.268289812e-17
7478.141285 1.891790847e-17
7479.66423 1.843053696e-17
7481.187175 1.560625614e-17
7482.71012 1.487371657e-17
7484.233065 1.503202075e-17
7485.75601 1.63479708e-17
7487.278955 1.825870673e-17
7488.8019 1.903001295e-17
7490.324845 1.910257985e-17
7491.84779 1.694111059e-17
7493.370735 1.315622079e-17
7494.89368 1.32749088e-17
7496.416625 1.675304776e-17
7497.93957 1.685725102e-17
7499.462515 1.354316843e-17
7500.98546 1.200809079e-17
7502.508405 1.260069622e-17
7504.03135 1.217805738e-17
7505.554295 1.031842384e-17
7507.07724 1.018567293e-17
7508.600185 1.296022613e-17
7510.12313 1.499403165e-17
7511.646075 1.553039045e-17
7513.16902 1.517451419e-17
7514.691965 1.262305739e-17
7516.21491 1.044488239e-17
7517.737855 9.401106185e-18
7519.2608 9.30412174e-18
7520.783745 1.288749545e-17
7522.30669 1.576534117e-17
7523.829635 1.501000781e-17
7525.35258 1.37151823e-17
7526.875525 8.48651078e-18
7528.39847 3.914341495e-18
7529.921415 7.038364854e-18
7531.44436 1.007266352e-17
7532.967305 1.067832268e-17
7534.49025 1.128398267e-17
7536.013195 1.103493844e-17
7537.53614 1.077985248e-17
7539.059085 8.68586627e-18
7540.58203 6.495773663e-18
7542.104975 9.847933435e-18
7543.62792 1.376587854e-17
7545.150865 1.087897933e-17
7546.67381 6.927528029e-18
7548.196755 7.151324639e-18
7549.7197 8.282766269e-18
7551.242645 1.019279496e-17
7552.76559 1.232522439e-17
7554.288535 1.07581117e-17
7555.81148 7.853958321e-18
7557.334425 7.321087743e-18
7558.85737 7.848995237e-18
7560.380315 9.263359934e-18
7561.90326 1.116138706e-17
7563.426205 1.216621464e-17
7564.94915 1.258470433e-17
7566.472095 1.082647404e-17
7567.99504 7.354159251e-18
7569.517985 6.452769784e-18
7571.04093 7.96746818e-18
7572.563875 8.997532209e-18
7574.08682 9.483882976e-18
7575.609765 9.586810714e-18
7577.13271 9.175941005e-18
7578.655655 8.001158419e-18
7580.1786 5.592885345e-18
7581.701545 3.494574631e-18
7583.22449 2.003670499e-18
7584.747435 2.015131086e-18
7586.27038 5.646331553e-18
7587.793325 7.9165974e-18
7589.31627 6.06936578e-18
7590.839215 4.41639215e-18
7592.36216 3.522128844e-18
7593.885105 3.75288287e-18
7595.40805 9.964814883e-18
7596.930995 1.464461732e-17
7598.45394 7.386511112e-18
7599.976885 7.044563229e-19
7601.49983 1.892034824e-18
7603.022775 3.082889115e-18
7604.54572 4.412909306e-18
7606.068665 5.742929291e-18
7607.59161 7.528263399e-18
7609.114555 9.324399245e-18
7610.6375 4.117629816e-18
7612.160445 -1.605828367e-18
7613.68339 1.479991035e-18
7615.206335 5.705619723e-18
7616.72928 1.081070777e-18
7618.252225 -5.238489738e-18
7619.77517 -3.114613973e-18
7621.298115 1.207782439e-18
7622.82106 4.058697333e-18
7624.344005 6.41184461e-18
7625.86695 5.342135882e-18
7627.389895 2.815094561e-18
7628.91284 -1.601217585e-19
7630.435785 -3.371859078e-18
7631.95873 -3.096881702e-18
7633.481675 -5.715328445e-19
7635.00462 2.068946836e-18
7636.527565 4.799426818e-18
7638.05051 4.969503838e-18
7639.573455 2.716658414e-18
7641.0964 1.47703738e-18
7642.619345 1.392451028e-18
7644.14229 7.829019446e-19
7645.665235 -5.501455211e-19
7647.18818 7.471657258e-19
7648.711125 6.477563282e-18
7650.23407 1.003212092e-17
7651.757015 9.072801509e-18
7653.27996 8.182200131e-18
7654.802905 7.470245778e-18
7656.32585 5.616842977e-18
7657.848795 -5.06800992e-20
7659.37174 -3.476580971e-18
7660.894685 3.156348337e-18
7662.41763 8.6410306e-18
7663.940575 6.734471105e-18
7665.46352 4.728776909e-18
7666.986465 1.674374963e-18
7668.50941 -1.182904569e-18
7670.032355 9.13806792e-19
7671.5553 3.010518049e-18
7673.078245 3.871393864e-18
7674.60119 4.719595617e-18
7676.124135 4.228189122e-18
7677.64708 3.653925599e-18
7679.170025 3.900050709e-18
7680.69297 4.244465555e-18
7682.215915 4.375256872e-18
7683.73886 4.4666442e-18
7685.261805 1.788445962e-18
7686.78475 -1.602990724e-18
7688.307695 1.395085495e-18
7689.83064 6.563269947e-18
7691.353585 4.918298463e-18
7692.87653 3.128202172e-19
7694.399475 7.072744497e-20
7695.92242 2.201895234e-18
7697.445365 3.405775758e-18
7698.96831 3.987153655e-18
7700.491255 4.795038625e-18
7702.0142 5.788796456e-18
7703.537145 5.479469784e-18
7705.06009 3.866485788e-18
7706.583035 1.630075616e-18
7708.10598 -1.368705051e-18
7709.628925 -1.690991161e-18
7711.15187 2.004024532e-18
7712.674815 2.945666055e-18
7714.19776 -1.244530558e-18
7715.720705 -4.032203152e-18
7717.24365 -3.534199891e-18
7718.766595 -2.318015675e-18
7720.28954 1.062640366e-18
7721.812485 3.317578866e-18
7723.33543 1.035550407e-18
7724.858375 -8.60770401e-19
7726.38132 -5.39082911e-19
7727.904265 -5.885490225e-20
7729.42721 1.889350416e-18
7730.950155 3.910655578e-18
7732.4731 7.420576064e-18
7733.996045 1.093049696e-17
7735.51899 6.115086534e-18
7737.041935 1.26208757e-18
7738.56488 2.556752821e-18
7740.087825 4.214706492e-18
7741.61077 1.754738972e-18
7743.133715 -1.199183173e-18
7744.65666 6.915831178e-19
7746.179605 3.494229697e-18
7747.70255 2.472355377e-18
7749.225495 4.316762226e-19
7750.74844 -1.106212828e-18
7752.271385 -2.465923634e-18
7753.79433 -3.311504259e-18
7755.317275 -3.922191439e-18
7756.84022 -2.273251142e-18
7758.363165 6.77587015e-19
7759.88611 1.166838653e-18
7761.409055 -1.0815371e-19
7762.932 1.757745153e-18
7764.454945 6.409849864e-18
7765.97789 8.678561438e-18
7767.500835 8.344230751e-18
7769.02378 7.251770835e-18
7770.546725 5.135226992e-18
7772.06967 4.405629703e-18
7773.592615 6.00939684e-18
7775.11556 7.553545347e-18
7776.638505 8.971128604e-18
7778.16145 9.707048861e-18
7779.684395 8.571486217e-18
7781.20734 7.071414855e-18
7782.730285 4.230602008e-18
7784.25323 1.594896865e-18
7785.776175 3.176634954e-20
7787.29912 -9.858625986e-19
7788.822065 2.549938507e-18
7790.34501 5.974283023e-18
7791.867955 7.436768952e-18
7793.3909 8.89925488e-18
7794.913845 1.174633528e-17
7796.43679 1.459357035e-17
7797.959735 4.957575893e-18
7799.48268 -5.390726126e-18
7801.005625 -1.122939971e-18
7802.52857 4.900069056e-18
7804.051515 6.471314346e-18
7805.57446 7.183733575e-18
7807.097405 6.365489408e-18
7808.62035 5.126555657e-18
7810.143295 7.12486127e-19
7811.66624 -4.878473025e-18
7813.189185 -4.096893225e-18
7814.71213 -2.480374479e-19
7816.235075 -2.233694124e-18
7817.75802 -7.786887208e-18
7819.280965 -6.775246973e-18
7820.80391 -7.3071026e-19
7822.326855 3.896676639e-18
7823.8498 7.170846101e-18
7825.372745 4.467431262e-18
7826.89569 -5.365208845e-18
7828.418635 -7.976128761e-18
7829.94158 2.04517059e-19
7831.464525 4.40591963e-18
7832.98747 1.077911774e-18
7834.510415 3.796238663e-19
7836.03336 6.12062244e-18
7837.556305 1.114143712e-17
7839.07925 1.381124195e-17
7840.602195 1.504745594e-17
7842.12514 9.695066322e-18
7843.648085 5.136615414e-18
7845.17103 6.243749929e-18
7846.693975 6.781570769e-18
7848.21692 -5.937384047e-19
7849.739865 -7.793565037e-18
7851.26281 1.76175822e-18
7852.785755 1.131708148e-17
7854.3087 3.454432383e-18
7855.831645 -5.237145156e-18
7857.35459 -1.540976787e-18
7858.877535 3.56019156e-18
7860.40048 2.561720454e-18
7861.923425 4.078004039e-19
7863.44637 1.13854463e-17
7864.969315 2.597436624e-17
7866.49226 2.053083456e-17
7868.015205 7.597835906e-18
7869.53815 2.378146743e-18
7871.061095 9.493558094e-19
7872.58404 -2.514475e-18
7874.106985 -7.260885538e-18
7875.62993 -8.603926586e-18
7877.152875 -7.229261596e-18
7878.67582 -5.213045249e-18
7880.198765 -2.550877978e-18
7881.72171 -3.432804195e-19
7883.244655 1.288624972e-18
7884.7676 1.623177964e-18
7886.290545 -1.306801387e-19
7887.81349 -1.652053495e-18
7889.336435 -2.691588017e-18
7890.85938 -1.203316181e-18
7892.382325 7.232193124e-18
7893.90527 1.348156664e-17
7895.428215 1.146052948e-17
7896.95116 8.151256132e-18
7898.474105 -2.435969769e-18
7899.99705 -1.164228423e-17
7901.519995 -7.224862649e-18
7903.04294 -2.850662501e-18
7904.565885 2.707500181e-19
7906.08883 3.392162433e-18
7907.611775 -5.109509119e-19
7909.13472 -4.594211167e-18
7910.657665 -1.076163399e-19
7912.18061 5.168165324e-18
7913.703555 6.918401331e-18
7915.2265 8.078787665e-18
7916.749445 6.307447385e-18
7918.27239 3.791010934e-18
7919.795335 5.254443984e-18
7921.31828 8.128187719e-18
7922.841225 6.476344018e-18
7924.36417 2.679045478e-18
7925.887115 2.004935051e-18
7927.41006 3.255144308e-18
7928.933005 4.634567241e-18
7930.45595 6.116011735e-18
7931.978895 5.504511437e-18
7933.50184 2.790271078e-18
7935.024785 2.549983382e-18
7936.54773 5.468708992e-18
7938.070675 5.143698976e-18
7939.59362 -5.054637576e-19
7941.116565 -3.975185592e-18
7942.63951 -2.777384431e-18
7944.162455 2.22148711e-19
7945.6854 8.411320889e-18
7947.208345 1.376729468e-17
7948.73129 7.582643907e-18
7950.254235 2.908597404e-18
7951.77718 7.816632623e-18
7953.300125 1.204791871e-17
7954.82307 7.925038778e-18
7956.346015 3.83460087e-18
7957.86896 2.080737882e-18
7959.391905 3.26874843e-19
7960.91485 7.937544922e-18
7962.437795 1.601240182e-17
7963.96074 1.583133033e-17
7965.483685 1.463915462e-17
7967.00663 8.522650301e-18
7968.529575 1.395039379e-18
7970.05252 3.680702263e-18
7971.575465 8.80861491e-18
7973.09841 5.301453072e-18
7974.621355 -1.798196353e-18
7976.1443 -2.49270919e-18
7977.667245 3.585435303e-19
7979.19019 -2.253833749e-19
7980.713135 -3.278659605e-18
7982.23608 -2.744018447e-18
7983.759025 1.108051754e-18
7985.28197 5.59129964e-18
7986.804915 1.082433578e-17
7988.32786 9.946056081e-18
7989.850805 -3.362651007e-19
7991.37375 -3.512667139e-18
7992.896695 7.649427161e-18
7994.41964 1.459799246e-17
7995.942585 1.004954382e-17
7997.46553 6.471944658e-18
7998.988475 6.651228611e-18
8000.51142 6.988528049e-18
8002.034365 8.279152317e-18
8003.55731 9.261473135e-18
8005.080255 6.618382923e-18
8006.6032 4.147547284e-18
8008.126145 1.283150111e-17
8009.64909 2.151545411e-17
8011.172035 1.52530798e-17
8012.69498 8.227263277e-18
8014.217925 4.104961338e-19
8015.74087 -7.506439066e-18
8017.263815 1.128452199e-18
8018.78676 1.331184655e-17
8020.309705 9.091067311e-18
8021.83265 -3.197379545e-19
8023.355595 -1.374064044e-18
8024.87854 1.235341512e-18
8026.401485 2.411842565e-18
8027.92443 2.749518371e-18
8029.447375 2.420008699e-18
8030.97032 1.578211288e-18
8032.493265 -7.780258182e-19
8034.01621 -4.641351776e-18
8035.539155 -1.331456074e-18
8037.0621 1.125283022e-17
8038.585045 1.563228255e-17
8040.10799 6.103162312e-18
8041.630935 8.50268154e-19
8043.15388 5.327787194e-18
8044.676825 7.312036733e-18
8046.19977 1.409966267e-18
8047.722715 -3.099878371e-18
8049.24566 -1.02271029e-18
8050.768605 8.045472966e-19
8052.29155 5.83615937e-19
8053.814495 4.751068496e-19
8055.33744 2.867516306e-18
8056.860385 5.25992571e-18
8058.38333 2.120548431e-18
8059.906275 -1.151138351e-18
8061.42922 2.144267421e-18
8062.952165 6.081934789e-18
