name,phase,ratio,Uratio_up,Uratio_low
SN1990N,186,0.027,0.011,0.010
SN1990N,227,0.023,0.006,0.004
SN1990N,255,0.023,0.005,0.004
SN1990N,280,0.023,0.005,0.004
SN1990N,333,0.026,0.007,0.004
SN1991T,258,0.032,0.007,0.005
SN1991T,316,0.031,0.011,0.009
SN1991T,320.4,0.033,0.006,0.006
SN1991T,349.4,0.027,0.011,0.008
SN1993Z,201,0.040,0.010,0.007
SN1993Z,233,0.033,0.007,0.006
SN1994ae,368,0.050,0.009,0.008
SN1995D,276.8,0.006,0.004,0.004
SN1995D,284.7,0.008,0.006,0.006
SN1996X,246,0.053,0.020,0.018
SN1998aq,211.5,0.043,0.012,0.010
SN1998aq,231.5,0.052,0.012,0.008
SN1998aq,241.5,0.037,0.011,0.010
SN1998bu,179.5,0.052,0.005,0.005
SN1998bu,190.5,0.046,0.007,0.006
SN1998bu,208.5,0.047,0.008,0.007
SN1998bu,217.5,0.049,0.007,0.006
SN1998bu,236.4,0.051,0.007,0.006
SN1998bu,243.5,0.050,0.008,0.007
SN1998bu,249,0.058,0.009,0.008
SN1998bu,280.4,0.059,0.008,0.008
SN1998bu,329,0.058,0.010,0.011
SN1998bu,340.3,0.055,0.015,0.011
SN1998bu,347.3,0.061,0.010,0.009
SN1999aa,256.6,0.053,0.009,0.008
SN1999aa,282.6,0.055,0.012,0.010
SN2002bo,227.7,0.051,0.010,0.009
SN2002cs,174.2,0.059,0.018,0.017
SN2002dj,222,0.046,0.012,0.011
SN2002dj,275,0.051,0.010,0.008
SN2002er,216,0.083,0.019,0.016
SN2003cg,385,0.049,0.008,0.007
SN2003du,209,0.034,0.005,0.005
SN2003du,221,0.039,0.007,0.006
SN2003du,272,0.031,0.009,0.008
SN2003du,377,0.028,0.004,0.004
SN2003gs,201,0.054,0.008,0.007
SN2003hv,323,0.087,0.012,0.010
SN2003kf,397.3,0.032,0.007,0.006
SN2004bv,161,0.058,0.010,0.009
SN2004eo,228,0.055,0.009,0.008
SN2005cf,267,0.030,0.005,0.005
SN2005cf,319.6,0.029,0.005,0.006
SN2006dd,195,0.044,0.006,0.005
SN2006X,277.6,0.065,0.008,0.007
SN2006X,360.5,0.063,0.010,0.009
SN2007af,301,0.035,0.006,0.005
SN2007le,304.7,0.032,0.005,0.005
SN2007sr,190,0.031,0.006,0.005
SN2008Q,201.1,0.081,0.011,0.010
SN2009ig,405,0.028,0.005,0.005
SN2009le,324,0.036,0.006,0.005
SN2010ev,178,0.038,0.008,0.007
SN2010ev,272,0.044,0.007,0.006
SN2010gp,279,0.033,0.005,0.005
SN2010hg,199,0.033,0.005,0.006
SN2010kg,289,0.051,0.012,0.009
SN2011ae,310,0.031,0.005,0.005
SN2011at,349,0.059,0.010,0.009
SN2011by,206,0.035,0.006,0.005
SN2011by,310,0.039,0.006,0.006
SN2011ek,423,0.020,0.005,0.006
SN2011fe,174,0.043,0.009,0.007
SN2011fe,205,0.042,0.006,0.006
SN2011fe,226,0.038,0.006,0.005
SN2011fe,230,0.041,0.006,0.005
SN2011fe,233,0.036,0.005,0.005
SN2011fe,256,0.039,0.005,0.005
SN2011fe,259,0.039,0.005,0.005
SN2011fe,289,0.040,0.005,0.005
SN2011fe,311,0.041,0.006,0.005
SN2011fe,314,0.047,0.006,0.006
SN2011fe,347,0.042,0.006,0.006
SN2011im,314,0.047,0.013,0.011
SN2011iv,318,0.051,0.018,0.015
SN2011jh,414,0.022,0.005,0.006
SN2011K,341,0.021,0.006,0.005
SN2012cg,279,0.025,0.005,0.005
SN2012cg,339,0.033,0.006,0.006
SN2012cg,343,0.029,0.006,0.005
SN2012cu,340,0.044,0.007,0.006
SN2012fr,222,0.027,0.006,0.005
SN2012fr,261,0.030,0.006,0.005
SN2012fr,290,0.028,0.005,0.005
SN2012fr,340,0.028,0.008,0.007
SN2012fr,357,0.023,0.005,0.005
SN2012fr,367,0.027,0.005,0.006
SN2012fr,416,0.030,0.007,0.006
SN2012hr,283,0.021,0.006,0.006
SN2012hr,368,0.018,0.007,0.006
SN2012ht,433,0.009,0.004,0.004
SN2013aa,187,0.034,0.007,0.007
SN2013aa,204,0.033,0.007,0.006
SN2013aa,344,0.026,0.005,0.005
SN2013aa,360,0.030,0.006,0.006
SN2013aa,399,0.027,0.005,0.006
SN2013aa,425,0.039,0.006,0.006
SN2013cs,261,0.027,0.005,0.006
SN2013cs,300,0.022,0.010,0.008
SN2013cs,303,0.029,0.006,0.005
SN2013ct,229,0.029,0.006,0.006
SN2013dy,160,0.033,0.011,0.009
SN2013dy,179,0.030,0.007,0.006
SN2013dy,333,0.025,0.005,0.005
SN2013dy,419,0.027,0.004,0.005
SN2013dy,423,0.028,0.005,0.006
SN2013dy,480,0.026,0.009,0.009
SN2013gy,276,0.053,0.009,0.008
SN2013gy,280,0.057,0.010,0.008
SN2014J,212.5,0.034,0.004,0.005
SN2014J,231,0.029,0.005,0.005
SN2014J,269,0.029,0.005,0.004
SN2014J,282,0.026,0.005,0.006
SN2014J,351,0.033,0.007,0.006
ASASSN-14jg,267,0.041,0.007,0.006
ASASSN-14jg,323,0.039,.008,0.007
ASASSN-15be,266,0.053,0.012,0.013
SN2015F,181,0.050,0.008,0.007
SN2015F,225,0.048,0.006,0.005
SN2015F,239,0.045,0.005,0.005
SN2015F,266,0.050,0.005,0.004
SN2015F,280,0.052,0.006,0.006
SN2015F,406,0.049,0.009,0.009
SN2017bzc,215,0.030,0.005,0.005
