SN1986G 256 1 0.08764460286516366 532.1961765875294 -304.9339828880226 9004.847799716454 5026.6166112789115 0.4440936945037982 0.7715182590723216
SN1990N 305 1 0.12474287847890102 -1130.5010933421288 -419.9798125762211 8518.682780618801 8969.556035405607 0.6320700186406174 0.5821537196939017
SN1998bu 281 1 0.18093610559290318 -1330.6549054763361 -974.1047574054695 7491.638565548492 6647.58610570718 0.9168001334377626 1.0019787250088914
SN1993Z 212 1 0.09488641469777427 2051.4506032561553 2344.9231907863855 7693.280064433075 5034.9654239613465 0.480787830440418 0.7124255785826826
SN1999aa 258 1 0.09384127424453717 336.886411036641 639.5057527216252 7089.425812777528 5715.664119485975 0.4754921217489486 0.5719508048715956
SN2002bo 311 1 0.5031469462882511 2086.1107383181256 2362.355737603794 4423.554137701646 7076.78678061147 2.549436918542609 1.5454341107990777
SN2002er 213 1 0.06771091148001342 1769.820360419394 1166.585673537246 10063.101411910127 4223.6129035079475 0.34309002328003935 0.7927327818526998
SN2003cg 384 1 0.40329718011122007 -1517.9649090998005 -780.4976745274695 7267.347728806289 11618.191766974223 2.0434998715676027 1.2396040950268032
SN2003du 375 1 0.15168436374692493 -602.0168674206072 -339.0663775466485 7472.220721971458 8329.262621510481 0.7685820608767283 0.6686584961278982
SN2003gs 207 1 0.08087745262853573 2267.711704830333 2062.5798653749694 10298.322185709509 5301.916490494499 0.409804660705907 0.7719363148442284
SN2003hv 319 1 0.23860079417289898 -2836.71588464679 -3119.1419678114894 7503.225902202297 7107.323906137046 1.2089861181617572 1.237753648847671
SN2003kf 400 1 0.10681422353087988 429.0280080047948 1015.9864115999894 9961.871213266098 7797.331262782416 0.5412258325405377 0.670570497160483
SN2004eo 227 1 0.10448536680314927 -10.324341984102592 -305.00813930393053 8221.32891626906 6403.652331099735 0.529425555576775 0.659158970628951
SN2005cf 317 1 0.11758628121390859 21.380098948253767 465.48270744113387 7176.2273950128965 7557.965308984039 0.5958076634517216 0.5486158742792714
SN2006X 276 1 0.1695305423180708 2713.9873261967873 2998.301245725554 7714.639058832647 5964.1584165672375 0.8590083405944587 1.0775434943249
SN2007af 303 1 0.12365536437492584 659.7148138963948 1316.235351164119 7487.620198988493 6513.048910746343 0.6265596033900364 0.6985425185671059
SN2007le 306 1 0.14914675518626846 1717.1558681694287 2275.259258683637 7626.554439100746 7194.254250381974 0.7557240419677933 0.7769209249150208
SN2008Q 200 1 0.12274113772572062 -1691.7711112756529 -1189.8922352478803 11126.23256689332 4866.958470120711 0.6219272326907933 1.3787993001571575
SN2011by 311 1 0.19289919175244025 -1248.4639057142922 -1029.8136711930028 6636.46797202338 8007.5886970583415 0.9774168851438476 0.7855721336146685
SN2011fe 309 1 0.25650335312329103 -1251.0514472843015 -718.6595519486639 6525.222952572835 9754.239843334368 1.299698076290918 0.8431704707282385
SN2012cg 286 1 0.13894673064316382 -1119.941575019423 -406.45062636235355 7362.913482960809 8602.090218454952 0.7040406931328904 0.5844057136363513
SN2012fr 261 1 0.11108229873945842 2470.020076503121 3509.456963963542 6855.829528399471 5953.871799947194 0.5628520961761172 0.6285297027360377
SN2012hr 284 1 0.1193367326085354 415.23622535013516 1248.5699028252473 7472.371963466929 8279.57643461243 0.6046771705460158 0.5292305693911411
SN2013aa 400 1 0.30476629572558317 -1312.8319449095316 -1124.0634333829491 6324.58858374306 12730.643912726007 1.544245575933886 0.7439937069506202
SN2013cs 303 1 0.12784815232235378 1766.1290310211132 2553.814160370993 7586.423201744353 7125.940237763865 0.6478043877689309 0.6688207868878361
SN2013dy 333 1 0.1686003876071362 -1381.9618517399435 -396.8185050136963 7129.092132413485 10171.85584978258 0.8542952626805276 0.5806481085344639
SN2013gy 275 1 0.1687898307344457 -363.45773001543733 201.80092142583206 7031.348151955449 8328.732026158486 0.855255167746612 0.7002069343853811
SN2014J 303 1 0.13756028763239408 1039.9479360039043 1748.3637558596943 7694.790345865834 7487.118549263607 0.6970156102556374 0.6946972401535915
SN2015F 279 1 0.19084391417737998 120.08638313156794 396.0265334766788 7833.599473161158 7885.993082177307 0.9670028290388352 0.9315447072972427
SN2017cbv 318 1 0.19421859994173155 -1052.0181098583437 -486.61111382549694 6595.413693471899 9473.141728367433 0.9841023037342244 0.6644453132439965
N2017fgc 384 1 0.06362226185035931 4792.356935237052 4684.128660041331 12117.014226924613 4667.4439532148 0.32237290596526186 0.8116074548330472
SN2018oh 259 1 0.13693609083530972 -1651.5349478276598 -2043.63962539581 5926.294462927713 7920.353324331055 0.6938528158261721 0.5034739597406244
SN2019np 303 1 0.16391466433616517 -1775.0748266630035 -1578.572568371095 6215.729262134067 9110.192901318973 0.8305527834998154 0.5495443435313146
ASASSN-14jg 325 1 0.10151753914396819 1964.7532628014774 3158.079388163415 8355.431027131575 6677.235833576628 0.5143876238989518 0.6242141961145288
SN2019ein 311 1 0.0682519612690024 -362.98881510253847 3226.37118172191 13640.555665002323 3565.5103213099137 0.34583151325030337 1.2830568997268461
