SN1986G 256 1.73 0.07 0.001825 0.6 10.48 0.15 0.05084278344708881 402.8549975874318 -1176.9927952357318 8673.508941898275 3519.585457112033 0.26564874018057794 0.3124568362624914 N
SN1990N 227 0.95 0.05 0.003369 0.0223 9.38 0.15 0.05006671205977066 -1787.8947295619562 -5261.509960301747 6873.929752576839 5462.588835615907 0.2615938405005514 0.289936505946396 N
SN1990N 280 0.95 0.05 0.003369 0.0223 9.38 0.15 0.11110772262112908 -1492.3744301667873 -4184.499281164111 6873.426469838573 9699.667903448715 0.5805273538840068 0 N
SN1990N 305 0.95 0.05 0.003369 0.0223 9.38 0.15 0.16249499661857317 -1570.8621143319167 -4620.114054678892 7002.021996391306 12552.15559474521 0.8490210057498908 0 N
SN1998bu 236 1.06 0.04 0.002992 0.0217 10.5 0.1 0.11705567819701111 -1209.137289836626 -1723.1327246491346 7476.89615395166 5930.879084866805 0.611604859839743 0 N
SN1998bu 280 1.06 0.04 0.002992 0.0217 10.5 0.1 0.09031568533593706 -1204.3823400105791 -1759.2617525653554 7669.702272199371 5045.719742346941 0.4718909233796274 0 N
SN1999aa 256 0.81 0.02 0.014907 0.0342 10.5 0.2 0.03144133770574741 248.83188129267708 -369.26542288062694 7404.216570381788 3512.8909009717995 0.16427801911781736 0 N
SN2002bo 311 1.15 0.03 0.0043 0.0216 13.2 0.2 0.551555935513758 1822.227704809487 1959.6559545954851 4675.181851362691 8752.459508687518 2.8818276552626365 0 N
SN2002dj 275 1.13 0.03 0.009393 0.0816 13.4 0.2 0.062233291953638296 1561.0859281736111 1928.1193161707843 8476.460599986021 6174.366405277041 0.32516307101830644 0 N
SN2003du 221 1.0 0.02 0.006408 0.0081 10.4 0.3 0.24625362920306304 -2024.9653340487007 -4768.598414856795 5136.745326060825 11047.26667806977 1.2866519479754124 0 N
SN2003gs 201 1.93 0.07 0.00477 0.0301 11.4 0.3 0.0364083644007398 1841.9487698203784 1249.518862942267 10222.378081153487 3813.286529986853 0.19023026434336038 0 N
SN2003hv 323 1.45 0.07 0.005624 0.0133 11.3 0.3 0.12281037000837947 -2632.907024533271 -3856.0429299070443 8142.849779460879 5634.1169331732135 0.6416725808843313 0 N
SN2003kf 397 0.93 0.04 0.00739 0.2687 11.1 0.3 0.027966045157540174 334.45202895792113 105.81718929045803 10682.448267395832 4960.42258846167 0.146119943878861 0 N
SN2004eo 228 1.4 0.03 0.015718 0.093 10.7 0.3 0.13654832716350274 -879.9370387885252 -2711.8349696162227 7151.72957229795 9130.491561923716 0.7134521091375632 0 N
SN2005cf 319 1.07 0.03 0.006461 0.1841 10.1 0.3 0.15046079595713333 -435.40757300436496 -2352.134399848305 6952.768480128772 12999.999999999998 0.786143444215151 0 N
SN2006X 277 1.26 0.05 0.005294 1.42 16.1 0.2 0.10228709611617132 2589.9211089653427 2179.1386702035397 7371.830137348806 5027.837819986783 0.5344404137170908 0 N
SN2006X 360 1.26 0.05 0.005294 1.42 16.1 0.2 0.10516834198650987 2765.8632338960265 2476.0054087050507 9101.306935348442 5323.259490353816 0.5494946511862582 0 N
SN2007af 301 1.16 0.03 0.005464 0.0338 10.8 0.2 0.0659572551836285 485.8055942768669 -27.103312040932526 6886.439909053576 6399.231995629527 0.344620427076619 0 N
SN2007le 304 1.02 0.05 0.006721 0.0287 12.9 0.6 0.06658001979196239 1688.642457231615 1304.7751162676536 7789.489071652008 5625.08010858026 0.3478743133199857 0 N
SN2008Q 201 1.25 0.08 0.0081 0.0716 11.09 0.1 0.10260748090022431 -1762.5299004047079 -1515.5526071318204 10508.78501044353 4752.799483007215 0.5361143939456767 0 N
SN2011by 206 1.14 0.03 0.002843 0.0119 10.35 0.14 0.12473803804708984 -1664.6783713034408 -4129.931781388985 5572.415698999938 7969.625997574049 0.6517444642717289 0 N
SN2011by 310 1.14 0.03 0.002843 0.0119 10.35 0.14 0.08113290853517842 -1036.5670058154585 -2042.9098476244633 6998.756651370917 5543.070997010202 0.4239117821310055 0 N
SN2011fe 205 1.18 0.03 0.000804 0.0077 10.4 0.2 0.18330374502123292 -1445.8712406901332 -3994.399763659795 5771.648562362931 9783.461152666512 0.9577447502642698 0 N
SN2011fe 226 1.18 0.03 0.000804 0.0077 10.4 0.2 0.10689784978523435 -1074.171668956192 -2979.519706554057 6239.570856659481 7338.678173837571 0.5585311660407563 0 N
SN2011fe 311 1.18 0.03 0.000804 0.0077 10.4 0.2 0.2625603681680968 -1522.9439441448278 -2643.628315042723 5735.077265971465 11975.279112696364 1.371853118501862 0 N
SN2011fe 347 1.18 0.03 0.000804 0.0077 10.4 0.2 0.3433334846136221 -1624.6242106120467 -3013.361091434175 6218.4470957238655 12999.999999999998 1.7938850209554944 0 N
SN2011fe 380 1.18 0.03 0.000804 0.0077 10.4 0.2 0.08466309639882726 -393.504725049465 -1175.818627670522 8792.808355551115 7247.843002904645 0.44235668020695423 0 N
SN2012cg 279 0.83 0.03 0.001458 0.2 10.0 0.2 0.05029235811979477 -1027.0266350364766 -2453.098771186546 6840.295685808918 6180.4892951451275 0.26277281984645007 0 N
SN2012cg 339 0.83 0.03 0.001458 0.2 10.0 0.2 0.19581458078706887 -1402.3606706181301 -2885.5093859072367 6508.287193421552 12999.999999999998 1.0231126851897665 0 N
SN2012fr 222 0.85 0.05 0.004 0.0177 11.9 0.1 0.043605630933891554 2328.502199912985 2558.610649574211 6809.226314213852 6502.003697051326 0.22783530202319802 0 N
SN2012fr 261 0.85 0.05 0.004 0.0177 11.9 0.1 0.05041899343704321 2289.221626552784 2314.6513275236866 7069.40386552582 6186.608914103457 0.26343447741530496 0 N
SN2012fr 340 0.85 0.05 0.004 0.0177 11.9 0.1 0.0643527123988717 2295.966962724605 2549.0559928861067 7994.980675026881 5157.651039504749 0.33623684261413467 0 N
SN2012fr 367 0.85 0.05 0.004 0.0177 11.9 0.1 0.05033860869771688 2315.464675150869 3042.508160378521 8447.970502120323 5153.790041264225 0.2630144747466075 0 N
SN2012hr 283 1.04 0.01 0.008 0.0389 11.5 0.2 0.09738118648073635 86.20921491302447 -2107.961698193328 6637.667381609632 11489.210914458103 0.5088074993537511 0 N
SN2013aa 399 1.02 0.05 0.003999 0.1206 10.2 0.2 0.18154905829079965 -1281.2357582548839 -2773.5716947529854 6663.871083509921 12999.999999999998 0.9485766778703524 0 N
SN2013cs 261 1.06 0.04 0.00924 0.0788 12.7 0.2 0.037515341011178475 1811.054103314369 2409.1089197386227 8292.020643243095 4999.40600878884 0.1960141125521909 0 N
SN2013cs 303 1.06 0.04 0.00924 0.0788 12.7 0.2 0.0711480811439139 1435.2285862992976 430.7322435162408 6647.79168998468 7502.550415722863 0.3717420023200651 0 N
SN2013dy 333 0.92 0.01 0.00389 0.132 10.3 0.2 0.13753841502036532 -1492.283403940531 -3307.1175986801095 6349.266278521609 12999.999999997868 0.7186252246519281 0 N
SN2013gy 276 1.2 0.03 0.014023 0.0485 10.7 0.2 0.1993264545433185 -877.0367350070529 -2041.400654330028 6539.537853056122 12999.999999999998 1.0414618937847648 0 N
SN2014J 231 0.98 0.02 0.000677 1.25 12.1 0.2 0.14987644674839715 428.6611221027359 -45.26639023972878 6824.12760271743 12125.163807852503 0.783090274805419 0 N
SN2014J 265 0.98 0.02 0.000677 1.25 12.1 0.2 0.0929343636290164 575.9399794246667 -260.771545355909 6860.217176123861 9248.008277716095 0.48557327006347306 0 N
SN2014J 269 0.98 0.02 0.000677 1.25 12.1 0.2 0.12713679590094393 296.3488773069178 -435.9754875452593 6965.72192864725 11471.86621215616 0.6642777474374262 0 N
SN2014J 292 0.98 0.02 0.000677 1.25 12.1 0.2 0.09091068903284073 658.6077031487836 -152.87885161324732 6983.695522263793 8669.442325068288 0.4749997614834607 0 N
SN2014J 351 0.98 0.02 0.000677 1.25 12.1 0.2 0.09835353315918698 649.2436059723827 926.2900690694354 8347.688374671678 9198.400702444578 0.5138879188869967 0 N
SN2015F 280 1.18 0.02 0.0049 0.1749 10.1 0.2 0.17522823974495674 -506.3683218146653 -1268.988651698455 7099.126103824372 9773.285076611799 0.9155509981224953 0 N
SN2017cbv 317 0.99 0.01 0.003999 0.1452 9.3 0.06 0.20648538340446487 -1285.502712578823 -3179.347797107357 5977.568728476271 12999.999999999998 1.0788666207502946 0 N
SN2017fgc 384 1.05 0.07 0.001458 0.2 15.0 0.15 0.08375126153539746 3486.6483195307164 3816.061503276358 9136.254761950438 6391.736885132284 0.43759242919038793 0 N
SN2018oh 268 0.96 0.03 0.012 0.0368 10.3 0.2 0.09573147664132221 -1978.8745220339576 -5148.278066417178 5479.360176413519 7424.9991257932525 0.5001879212978024 0 N
SN2019ein 314 1.35 0.01 0.007755 0.09 13.26 0.8 0.07573789270413098 1980.1245645173492 2461.299369829928 10701.18615347867 3699.200611052373 0.3957233341034991 0 N
SN2019np 303 0.95 0.01 0.0 0.0 10.0 0.1 0.053867842715918754 -1698.5870757165067 -3530.6556070580195 6526.252086513743 5922.258339055364 0.2814543890702095 0 N
SN2019np 368 0.95 0.01 0.0 0.0 10.0 0.1 0.06393267089278507 -1530.6195487702846 -3159.8332314430545 6916.475807159994 5810.106695068995 0.3340421654279103 0 N
SN2021hpr 263 1.08 0.02 0.009346 0.12 11.09 0.08 0.0803088932612613 912.497817324609 -39.08938189620681 6760.628621535159 5613.661572645443 0.4196063801729588 0 N
SN2021hpr 288 1.08 0.02 0.009346 0.12 11.09 0.08 0.11639214293442651 707.9926652595602 697.5715970600538 7743.268671262381 7062.014690864421 0.6081379507796906 0 N
SN2021wuf 208 1.11 0.06 0.01 0.0776 12.25 0.1 0.10976992279704129 -3340.0713545624903 -2656.1811853079043 7566.608877721042 4257.546258280255 0.5735374761906942 0 N
SN2021wuf 299 1.11 0.06 0.01 0.0776 12.25 0.1 0.1690917657559249 -2502.9162432864127 -2667.230022498701 7508.006643325696 4687.872105364502 0.8834885012681748 0 N
ASASSN-14jg 221 0.92 0.01 0.014827 0.0128 10.2 0.2 0.06462577777838048 1271.2608179577644 -3346.906540399619 6046.439024348892 9579.678494229756 0.3376635834244391 0 N
ASASSN-14jg 267 0.92 0.01 0.014827 0.0128 10.2 0.2 0.0499286914955589 1719.9645616293724 -520.8765013143712 6094.381297903048 8230.870795618684 0.2608726960919251 0 N
ASASSN-14jg 323 0.92 0.01 0.014827 0.0128 10.2 0.2 0.028221705618960886 1761.8686221721357 2352.666366113243 8809.815049837016 4993.839224564014 0.14745574563647085 0 N
