SN1986G 256 1.57 0.04965799220192626 503.5839548550358 -1091.2889518375769 8660.037137765858 3066.879206501256 0.25161619195789203 0.6890213132127554
SN1990N 227 1.09 0.060442698598519966 -1336.7045022257496 -2628.508736104274 7938.4737951737425 10000.0 0.30626211368304723 0.2357769135389061
SN1990N 280 1.09 0.10558076915182953 -1332.1290571147615 -3413.813276463251 7226.938741490942 9999.999999983633 0.5349759404275335 0.3749381321730648
SN1990N 305 1.09 0.09637896472256846 -1231.2784755237117 -2844.5484020295676 7362.86573781711 10000.0 0.4883505557318123 0.34869807885595566
SN1998bu 209 1.05 0.10606138611658808 -1269.671814046347 -2404.6480135331617 6017.503309161116 4902.415773914015 0.5374112183173676 0.6397111375311182
SN1998bu 218 1.05 0.09417908095566568 -1698.8140203287428 -2563.995071492975 6564.680425493048 5249.643765312901 0.4772037825411599 0.5787068460324722
SN1998bu 237 1.05 0.09704727435412253 -1312.240701539169 -1976.6025268544652 6738.268932304524 4557.081422087183 0.49173686913442904 0.7051236981542486
SN1998bu 281 1.05 0.10764606897982978 -1435.8606878109636 -1942.3313521351959 7190.619261586716 5597.2210135387195 0.5454407791157266 0.6795359371648989
SN1999aa 256 0.90 0.03840164766645002 393.77118900503217 -218.64953808651276 7400.5911107263 3469.7477286748904 0.1945804878991062 0.40247488485149957
SN2002bo 311 1.10 0.1639777841370114 1330.0065754108691 2083.2490576410346 8950.997353734216 6373.559803586929 0.830872610444519 1.1316048327386272
SN2003du 221 1.02 0.16251467903535965 -1268.1124638529773 -1031.7393186707102 7493.573471692755 10000.0 0.8234590820719906 0.5984143243779076
SN2003du 375 1.02 0.11762218102652139 -733.9387867266955 -1266.0315820177016 7652.719514287353 9999.999999999676 0.5959895671844562 0.4423086580557242
SN2003gs 207 1.59 0.04521915711708166 1795.3446207797485 1280.277255842277 10235.086046270153 4323.315686197948 0.22912469096775814 0.5260383766915288
SN2003hv 319 1.55 0.15310660192925957 -2726.3805708492737 -4052.48005834834 7066.660668451519 5303.871702117492 0.7757885172723269 1.0023873142176316
SN2004eo 227 1.31 0.16770733468405924 -814.22451737716 -2799.1126815923417 6553.620448242007 9174.07473636814 0.8497701788872126 0.5886965428075568
SN2005cf 317 1.11 0.10835145199389137 -314.7235433207829 -1878.5088770579716 6419.324468645586 9999.999999940115 0.5490149427095394 0.3417782958992663
SN2006X 276 1.08 0.14346032446336593 2668.7369394139846 2213.780008377131 6945.23669407632 5842.738325384135 0.7269109953486106 0.8379591356354658
SN2006X 359 1.08 0.14132529179217643 2803.9059739962013 2326.2230975490183 8237.094846153059 5604.463237124904 0.7160928215439606 1.0206582477136192
SN2007af 303 1.08 0.07972011097670849 419.8557698017691 497.4482249418211 7566.936322281818 7313.631656402417 0.40394043047197237 0.40529878954781684
SN2007le 306 1.05 0.07948075630013295 1617.2978612400746 789.8616925606117 6805.5851716746 5839.044996233714 0.4027276244446493 0.4552039889399562
SN2008Q 200 1.09 0.17157821863406575 -1501.0372803645366 -1806.3366238044055 8105.808900805816 4862.352889857422 0.8693838812505916 1.405505200655933
SN2011by 207 1.11 0.11144473721186857 -1579.8843199933854 -3829.552362836375 5768.217644426218 7381.051683464282 0.5646885656788722 0.4279601916874946
SN2011by 311 1.11 0.09686060888333899 -1355.6743799867377 -2732.230932944912 6217.6095726103085 6221.283572062798 0.4907910384061627 0.4756758046956847
SN2011fe 203 1.18 0.10095281866481151 -1079.0550601655345 -3102.494354565888 6377.525700436009 6940.690905609089 0.5115261949489401 0.4558147546327403
SN2011fe 224 1.18 0.149403251773179 -1378.3512180113755 -3769.786493169136 5768.5342088689085 8632.44184315331 0.7570237057598004 0.49058275508544
SN2011fe 309 1.18 0.18130353782737188 -1424.7984539996871 -2704.9520238112136 5893.672132221649 9751.478080166033 0.9186619062469337 0.5384460787705964
SN2011fe 345 1.18 0.21510516752722234 -1473.4870512893906 -3160.176922929625 6183.682745927777 9972.635194460592 1.0899341822677358 0.6554031550115813
SN2011fe 378 1.18 0.20673730272718474 -1500.5650306558648 -3149.780849081774 6685.718395146702 9999.999999998869 1.0475343553226126 0.679183837318912
SN2012cg 286 0.98 0.05315313883096077 -973.4037265042739 -2382.3575740613446 6769.541154597795 6001.034232255462 0.2693260397817034 0.2946337280939426
SN2012cg 342 0.98 0.1300813171641551 -1287.178564335223 -2950.1303638013287 6403.46459577689 10000.0 0.6591197955933841 0.4093081149485162
SN2012hr 284 1.07 0.08735619760486917 254.97504410332272 -1439.9023016226863 6453.8074747933515 9999.999999999498 0.44263235001284823 0.27703213199917487
SN2013aa 205 0.90 0.10577291842721084 -1345.4217864207085 -3289.2471729272897 6035.707631038931 9187.789592863603 0.5359495574993297 0.3414381600064358
SN2013aa 353 0.90 0.04592745956866265 -822.2069555013923 -1823.9177254662065 7439.172517147236 6426.620431306186 0.2327136473012431 0.26123707952676956
SN2013aa 400 0.90 0.11990136160186955 -1325.2581383778606 -3822.9524908249045 6150.571522024818 9283.050566829303 0.6075381359389387 0.39036357660035664
SN2013aa 426 0.90 0.06995821501916748 -1164.4100600606055 -2872.001074580055 7034.020032245548 6747.919456187856 0.35447707164067566 0.3583379849251928
SN2013cs 261 0.81 0.06146984166021602 1991.3251361228124 1949.2648211080877 7014.220049581286 5762.26389795052 0.31146662990128265 0.3676789386369807
SN2013cs 303 0.81 0.06931589460432529 1639.2768336784602 681.7516824860537 6367.950587822164 6580.88999794495 0.35122244515190804 0.3295856561953308
SN2013dy 333 0.94 0.09729023422838307 -1423.8511622705284 -3481.2578436168806 6132.909959261479 9999.999999999867 0.49296794263638244 0.2931947936529293
SN2013gy 275 1.10 0.0989471275318833 -590.8349412205971 -2090.642358244765 6261.42926394076 7997.685292649876 0.5013633924929131 0.38065608402950557
SN2014J 211 1.01 0.1129902331823146 263.56893394461343 624.0114633210503 7098.847443191114 8818.816627928245 0.572519567165775 0.44692932576761896
SN2014J 230 1.01 0.11954070032070147 598.2959036941348 243.41196206318915 6995.603838371654 9999.999999999915 0.605710671433625 0.4109239174621864
SN2014J 263 1.01 0.10232792810975323 586.9153176131458 -243.44761760853874 6825.187221772733 9456.123944242712 0.518493850843174 0.36292426870026134
SN2014J 267 1.01 0.11912443260523421 473.9413476849696 52.85937369228222 6979.369696029328 9998.828721346308 0.6036014500826091 0.40859056705935287
SN2014J 303 1.01 0.09954723640416901 692.0433407182846 12.039428436794175 7033.480605514369 8859.786836642257 0.5044041338219357 0.3883261576179331
SN2014J 349 1.01 0.14808496228097756 804.127315124048 1127.2459643163036 7605.309840643117 9767.022794158382 0.7503439555883272 0.5666124152588553
SN2014J 426 1.01 0.12728235135848429 899.4960228466242 -77.97985625217495 8559.680108261122 9579.164523966181 0.6449374840214729 0.5588799229099808
SN2015F 279 1.18 0.22576309814794512 -324.4532146777446 -1122.6627068890882 6519.16731788726 9652.097432351002 1.143937733318148 0.7492794181882408

SN1990N 280 1.09 0.13881097071385584 -1461.2511950466755 -3826.6681063797714 7172.832821902177 11522.792058367222 0.7033527999072835 0.4245972646465732
SN1990N 227 1.09 0.04568378180251499 -1534.817423125079 -4383.702143912982 7173.778296806654 5839.452448723733 0.23147893625345126 0.2757771567124449
SN1990N 305 1.09 0.17073425888842858 -1423.025696504121 -3692.8218366427122 6908.282437834482 12656.211505272851 0.8651075517425544 0.45793881002919146
SN2003du 375 1.02 0.1513657357827684 -1069.5041140243334 -2744.8848499575297 6887.078504045564 10905.706363652125 0.7669675784653904 0.46970937259024426
SN2003du 221 1.02 0.23941703019802166 -2014.8501169973022 -3590.4791256900935 6221.105360066522 12319.8652882813 1.2131219720550253 0.59406922305223
SN2005cf 317 1.11 0.15387236717278746 -321.2363641371341 -1207.7983158533034 6591.185132831948 11937.56164199415 0.7796686365837702 0.4174735208845352
SN2011fe 309 1.18 0.18130793434176481 -1424.808852390569 -2704.97991756149 5893.6412005205575 9751.603995541374 0.9186841833097061 0.538449357116962
SN2011fe 345 1.18 0.2150948926429472 -1473.4615360724179 -3160.119881131673 6183.736804870508 9972.4216300158 1.089882119605927 0.6553916131323285
SN2011fe 378 1.18 0.3775649455666448 -1650.0571766716487 -3379.6620678894997 6142.8932757334505 12592.369406676897 1.9131150819380651 0.9050604709123385
SN2012cg 342 0.98 0.1628952375574239 -1427.5563148727576 -3391.025939413883 6331.123933569533 11404.779296249539 0.8253873655545279 0.44434749244020116
SN2012hr 284 1.07 0.11144754644159986 108.22995385113555 -2077.963839755925 6483.161578484486 11765.094187246888 0.5647027999975786 0.30177437946848473
SN2013dy 333 0.94 0.11937659860722143 -1474.372746860575 -3807.373550262216 6007.381048084436 11138.850696938956 0.6048791708753318 0.31636207419866835
SN2014J 230 1.01 0.12359277511481923 576.9043604139323 194.46267401170837 6960.140531018915 10207.156464753953 0.6262424646861304 0.4141205067757695
SN2014J 267 1.01 0.11911256877254502 474.0065393925352 53.00895961659613 6979.471776867581 9998.210672189052 0.6035413362465293 0.4085811054974991
SN2018oh 259 0.96 0.048322599792934046 -1558.5403859779135 -2935.1205859502015 7338.524784204516 5382.055323577127 0.2448497816013521 0.3237660566900039
SN2017cbv 318 0.99 0.1357406274138645 -1263.382884219344 -3100.5826063406294 6022.170680292326 10236.447190721074 0.6877954232415937 0.3924045899262036
SN2017fgc 384 1.08 0.0736336844047313 2825.0482375938413 2148.812037643877 10300.292427543 4928.170610762452 0.3731006117687743 0.7562419565221051
SN2017fgc 389 1.08 0.021570739968303592 1609.8319458554222 2474.0119152663274 12645.528918558011 3039.673136192127 0.10929856822378561 0.44095632237072957
SN2017fgc 384 1.08 0.07292930345489172 2782.270048680191 2099.402630338698 10215.677831251876 4873.398085065063 0.3695315256171308 0.7512038103748682
SN2017fgc 384 1.10 0.044423110019299925 1856.9677831247411 1816.1733385219093 10864.826230074174 4107.846948263284 0.22509113402190964 0.577348320713194
SN2017fgc 384 1.10 0.07505748581091473 2370.264948436263 1895.0864378174615 9270.164444899698 5413.5866968053 0.38031498899271426 0.6315631342910245
SN2017fgc 384 1.10 0.0690544921813614 2215.568373265975 1750.1709139826405 9198.439352350088 5198.213660687702 0.34989792357303945 0.6004438148040337
SN2017fgc 384 1.10 0.0690544921813614 2215.568373265975 1750.1709139826405 9198.439352350088 5198.213660687702 0.34989792357303945 0.6004438148040337
SN2017fgc 384 1.10 0.06902031352064619 2215.579703398607 1749.1187223257043 9198.854376149931 5195.590898114113 0.349724740887352 0.6004766728520156
SN2017fgc 384 1.10 0.06902031352064619 2215.579703398607 1749.1187223257043 9198.854376149931 5195.590898114113 0.349724740887352 0.6004766728520156
SN2017fgc 389 1.10 0.067576272850597 1643.4390162415325 1636.8546612294476 9750.987416623513 6205.098034178834 0.3424078116616873 0.521812646079633
SN2017fgc 389 1.10 0.067576272850597 1643.4390162415325 1636.8546612294476 9750.987416623513 6205.098034178834 0.3424078116616873 0.521812646079633
SN2017fgc 389 1.10 0.067576272850597 1643.4390162415325 1636.8546612294476 9750.987416623513 6205.098034178834 0.3424078116616873 0.521812646079633
SN2017fgc 389 1.10 0.067576272850597 1643.4390162415325 1636.8546612294476 9750.987416623513 6205.098034178834 0.3424078116616873 0.521812646079633
SN2017fgc 389 1.10 0.067576272850597 1643.4390162415325 1636.8546612294476 9750.987416623513 6205.098034178834 0.3424078116616873 0.521812646079633
SN2017fgc 389 1.10 0.067576272850597 1643.4390162415325 1636.8546612294476 9750.987416623513 6205.098034178834 0.3424078116616873 0.521812646079633
SN2017fgc 389 1.10 0.067576272850597 1643.4390162415325 1636.8546612294476 9750.987416623513 6205.098034178834 0.3424078116616873 0.521812646079633
SM2017fgc 389 1.10 0.067576272850597 1643.4390162415325 1636.8546612294476 9750.987416623513 6205.098034178834 0.3424078116616873 0.521812646079633
SN2017fgc 389 1.10 0.067576272850597 1643.4390162415325 1636.8546612294476 9750.987416623513 6205.098034178834 0.3424078116616873 0.521812646079633
SN2017fgc 389 1.10 0.067576272850597 1643.4390162415325 1636.8546612294476 9750.987416623513 6205.098034178834 0.3424078116616873 0.521812646079633
0.1129902331823146 263.56893394461343 624.0114633210503 7098.847443191114 8818.816627928245 0.572519567165775 0.44692932576761896

SN2014J 349 1.01 0.13800023716928925 617.9868230914875 471.0895524137726 7266.109563305356 10049.24646202486 0.6992448269883046 0.4903076777095571
SN1990N 227 1.09 0.04134111265976273 -1577.0638341100707 -4584.50188581373 7243.514068862156 5485.072987098235 0.2094747064370476 0.26826837263165804
SN1990N 280 1.09 0.102990294495489 -1465.9781016779227 -3668.445038033441 7500.9004263763045 10272.941781589529 0.5218500499215023 0.36951773733869203
SN1990N 305 1.09 0.1360750480347458 -1488.9738604748848 -4212.504098298653 6761.47645707285 10735.84167411158 0.6894899267727914 0.4211185331944586
SN2019ein 310.8 1.36 0.11825603470517933 1125.205904649107 2223.0749844454945 9137.593761709037 4859.237876188845 0.5992012928666763 1.0927162849776169
SN2013aa 205 0.90 0.03743513338663407 -1261.579121865597 -2755.5710360103403 7691.343040982862 6823.39581756491 0.1896831766753395 0.20734874841866505
SN2013aa 205 0.90 0.11988689430691557 -1383.2381115220337 -4530.508240404496 5986.208079225372 10242.39735368153 0.6074648304043644 0.3443041955673151
SN2013aa 353 0.90 0.10101724693928359 -1422.478612025968 -3793.9207954054586 5941.2209779457 8865.935361242233 0.5118526519069896 0.33263434601030534
SN2013aa 400 0.90 0.12717439873861827 -1296.656775645466 -3625.8798472138196 6264.439872512412 9699.98409206765 0.6443904899542922 0.4035815767162571
SN2013aa 426 0.90 0.07159773902672155 -1161.502428221073 -2770.2492982512704 7138.142278516498 7028.898380941751 0.362784511573543 0.357287366528548
SN2013aa 426 0.90 0.07159773902672155 -1161.502428221073 -2770.2492982512704 7138.142278516498 7028.898380941751 0.362784511573543 0.357287366528548
SN1986G 256 1.57 0.04895302020593202 567.4630101470068 -1056.026537449628 8795.429531526483 3133.694887020986 0.24804411098555376 0.6751499691952975
SN1999aa 256 0.90 0.04232030932830746 466.51855275525736 -160.9092182956351 7497.951162589919 3829.8196824476954 0.21443627910626073 0.40713039871127904
SN2002bo 311 1.10 0.19017664370942955 1563.940513521711 1092.5019338602349 5318.986167182537 5470.126275239989 0.9636217810603162 0.908676097280583
SN2003du 221 1.02 0.24317637597733624 -1944.7469846218369 -3541.279150952037 6154.006435241666 12102.625136998777 1.2321705124268894 0.6076033543441328
SN2003du 375 1.02 0.11941216792109745 -1097.1858666375733 -3079.726285034734 6869.183767931415 9510.950299865866 0.6050593999766546 0.4237895293661426
SN2003gs 207 1.59 0.046543826797593536 1799.570270245221 1218.821177597973 10029.693039345202 4325.150511793289 0.23583676944360815 0.530357751527266
SN2003hv 319 1.55 0.15491537921497972 -2864.3358977018975 -4166.514661752995 6983.726877439095 5500.95905772026 0.7849535606531016 0.9664152730974971
SN2003du 221 1.02 0.2100445161385995 -2011.1334803428304 -3377.069909986341 6643.356596670807 12143.19318521337 1.0642919487667548 0.5646592208356426
SN2003du 375 1.02 0.12737372547576065 -1060.1215075171976 -3102.9917109070993 6634.719525025094 9475.28621551102 0.6454004751013196 0.43825865231626365
SN2003gs 207 1.59 0.046999111303193286 1813.2351648402878 1225.4449939671065 10032.967261242326 4332.575070930889 0.23814368819881299 0.5348024167733822
SN2003hv 319 1.55 0.15550643186327495 -2853.855290112639 -4154.359309713951 6993.505280509757 5492.625913064244 0.7879484142510068 0.9729346233607958
SN2004eo 227 1.31 0.16451665645588112 -839.6918700938172 -2862.464030607803 6593.4006791979255 9105.758436067334 0.8336030672111593 0.5853607989422711
SN2005cf 317 1.11 0.13412092476863782 -348.29860093539276 -1803.5655097893844 6417.200599627428 11064.004781096555 0.6795884178105475 0.38225239612742384
SN2006X 276 1.08 0.1366280819282488 2606.4800270609203 2160.7339325301123 7086.741619119935 5905.853370403861 0.6922921399944018 0.8056090320586194
SN2006X 359 1.08 0.1451038203801766 2868.6857798443157 2335.679813942848 8195.666690751541 5620.563915837274 0.7352385608773314 1.0396895058382498
SN2007af 303 1.08 0.06493930251668185 415.2387775932853 -359.71594261591247 6696.232660952614 6322.088888144863 0.3290463283574968 0.33798542571934237
SN2007le 306 1.05 0.08012850055871024 1618.292149849987 794.6988127558008 6844.904444756252 5912.745123405329 0.40600973345628766 0.45581190459714926
SN2008Q 200 1.09 0.17158169041046095 -1524.5280923983696 -1821.3885354607773 8091.7896988007715 4902.24752806418 0.8694014726818426 1.391684241736478
SN2011by 207 1.11 0.11257591852617906 -1512.1796589021353 -3711.7487648900214 5698.314221331303 7239.356847991424 0.5704202419327841 0.4354239615555483
SN2011by 311 1.11 0.09430757326759255 -1297.1267171455136 -2599.7681151311403 6340.574746682289 6064.40995033602 0.47785485087456003 0.48451481527303
SN2012cg 286 0.98 0.053729733962516964 -1053.4369071560245 -2633.942758395247 6687.5250345912955 6176.199363600772 0.27224763739108077 0.28587700350722356
SN2012cg 342 0.98 0.13438791466969963 -1405.1620797624232 -3464.2506139400452 6357.488670026149 10230.487219595438 0.6809412510447874 0.4103646187004763
SN2013cs 261 0.81 0.06052247848365506 1867.3299800138211 1702.2769296400452 7016.036747503248 6115.2596235675455 0.3066663569881511 0.3412039707111165
SN2013cs 303 0.81 0.07446433100187697 1555.709285876894 897.5915060349671 6902.7217949978285 7335.6205668525545 0.37730948378250156 0.3443120477460084
SN2013dy 333 0.94 0.09302264981589033 -1498.3440842824214 -3850.940869081121 6197.338396747605 9910.2571283185 0.4713441658561238 0.2858442176124948
SN2013gy 275 1.10 0.10198253691016461 -591.1706260753768 -1898.5959273776887 6428.153891938508 8298.505183608298 0.5167437595784512 0.38817952436455927
SN2015F 279 1.18 0.23274745533978447 -297.2115133346609 -938.2014720115573 6718.93519938776 9913.854640432399 1.1793273510203341 0.77510986400872
SN2017cbv 318 1.06 0.1380179512215397 -1256.7922685539968 -3069.2093568065793 6043.79229378827 10318.234784445853 0.6993345837862291 0.39724653500066626
SN2017fgc 384 1.10 0.08355432779947676 2428.4209907596387 1909.3056367572192 8961.92553786316 5763.2813581154605 0.4233683411326135 0.6384411561658087
SN2017fgc 384 1.10 0.08355432779947676 2428.4209907596387 1909.3056367572192 8961.92553786316 5763.2813581154605 0.4233683411326135 0.6384411561658087
SN2017fgc 389 1.10 0.06364843020800985 2160.6688414573805 2282.308979371783 10552.591006474711 5834.397760843343 0.3225055005831644 0.5656804709838962
SN2018oh 259 0.96 0.058317528272610795 -1678.6063254231708 -3952.0925684687013 6000.7146823346875 5094.048022653201 0.29549391221221866 0.33756659888119
SN2019ein 311 1.36 0.11825603470517933 1125.205904649107 2223.0749844454945 9137.593761709037 4859.237876188845 0.5992012928666763 1.0927162849776169
SN2019np 298.9 0.95 0.07121644894542084 -1605.0571921485068 -4254.255136625385 5888.757462818023 5998.321223795668 0.3608525212929437 0.3435537389551534
SN2019np 303.0 0.95 0.08747272749816762 -1952.670035833648 -4558.5458802308685 5607.872106197765 7600.927615830846 0.44322280497691097 0.31712069810503013
SN2019np 367.8 0.95 0.10465069259337847 -1962.1394983329155 -4064.693669297714 6079.898216067759 7700.907963458711 0.5302632585108917 0.40599146087352256
ASASSN-14jg 221 0.92 0.03363363834531327 1802.5353519482535 400.01553346900033 6572.584364056116 5133.738380784513 0.17042106671820673 0.21159076217895073
ASASSN-14jg 267 0.92 0.04370295799684586 1817.9598386453445 1171.5461413486894 6738.927337690996 7257.30212820624 0.22144213611672178 0.19940994764207612
ASASSN-14jg 323 0.92 0.06452979116040485 1808.0580558504478 2602.5666705037142 8104.737497663392 7902.132251377354 0.32697134136223255 0.3252185697069654
SN2011fe 203 1.18 0.0997653531297343 -1069.50395471207 -3081.0151379412678 6399.474088807245 6896.019009371735 0.5055093275169585 0.4549314861005091
SN2011fe 224 1.18 0.15015445420703774 -1359.1333058848743 -3655.259778391029 5853.219906912007 8763.613858440629 0.7608300355652512 0.49279948327812684
SN2011fe 309 1.18 0.1746861417741188 -1396.157645978857 -2647.3226576153143 5932.844102745164 9527.91391115609 0.8851316743191892 0.5344954117800907
SN2011fe 345 1.18 0.2183871918581767 -1478.563949956857 -3150.7431439564916 6194.125328597702 10069.954885550695 1.1065641430746462 0.660085273908492
SN2011fe 378 1.18 0.2518991905726495 -1604.0262740443568 -3397.7768944989716 6422.1168729987785 10751.470667435111 1.2763688638765947 0.7393626690755598
SN1998bu 209 1.05 0.11785483471762288 -1216.5454127919695 -2405.421053663104 5824.001657970079 5068.875543774714 0.5971684194336948 0.6653921631426238
SN1990bu 218 1.05 0.12323103686310341 -1555.9183810402776 -2419.0663598465776 6375.268952569242 5920.2652715967015 0.624409543189584 0.6520754705751409
SN1998bu 237 1.05 0.09892619557686827 -1296.9391381289608 -1969.214637535388 6872.608829594075 4821.2667448402735 0.5012573306370554 0.6929345081172193
SN1998bu 281 1.05 0.11631306270491264 -1345.6317365597824 -1885.7492810769427 7138.200553608443 5754.957615216306 0.589356287176556 0.7089172176694934
SN1998bu 237 1.05 0.09463678917667884 -1352.2972019576418 -2455.4271668954852 6491.31408983225 5104.763366592133 0.4795229822206564 0.5913402250524236
SN1998bu 209 1.05 0.09463678917667884 -1352.2972019576418 -2455.4271668954852 6491.31408983225 5104.763366592133 0.4795229822206564 0.5913402250524236
SN1998bu 218 1.05 0.10309879444621854 -1640.9538380869005 -2541.9998633572027 6439.344712866451 5387.905184953334 0.52239981730475 0.6054743275941938
SN2013aa 400 0.90 0.1214204304760517 -1307.557124457337 -3552.897361579532 6378.142192006017 9677.060357046015 0.6152352317838378 0.39324474885320554
SN2012fr 222 0.90 0.04939568661260861 2366.759630648563 2528.2772972872403 6800.752802483971 6179.0252558328375 0.2502870940506509 0.2671446382147709
SN2012fr 261 0.90 0.05262419152773677 2269.857133494391 2243.7473590668055 6458.704046951729 5902.555287159902 0.2666458728985475 0.28295096164878214
SN2012fr 340 0.90 0.07095010468653595 2206.7013192356153 2238.3351194857014 7426.051882412796 4995.793305749046 0.3595029595165041 0.5182352792236757
SN2012fr 367 0.90 0.04556704950084298 2113.609492505253 3040.1705802480583 7830.173529908789 4329.912487149238 0.23088745568964278 0.404914746216379
SN1993Z 212 0.87 0.10497243110376282 1285.4701928438183 -690.6464123401457 5734.867488628389 8003.352360659617 0.5318935020064387 0.3696129010264114
SN2002er 213 1.23 0.1535288436319217 -232.84348598547888 -1447.5286464021408 7710.414414131252 8649.337549876263 0.777928008713657 0.6725201017479571
SN2003cg 384 1.14 0.16820529722404587 -1408.8396494854383 -1422.5165956324615 8667.54578081194 11290.769133224218 0.8522933465082398 0.6345015717244266
SN2003kf 400 1.03 0.1460752049621589 -1402.9312719164411 -4061.441655827236 8141.0364812630905 10419.8831806932 0.7401605498383653 0.5608074466787993
