SN1986G 256 1.57 0.052605529324675056 488.56632343587944 -1129.9975056546452 8532.400667535587 3047.276344596422 0.26655131183677844 0.7237877227833571
SN1986G 256 1.57 0.052605529324675056 488.56632343587944 -1129.9975056546452 8532.400667535587 3047.276344596422 0.26655131183677844 0.7237877227833571
SN1986G 256 1.57 0.05233904929537978 483.6796111811648 -1129.7245805613866 8545.489724761565 3045.2370647117236 0.2652010621140056 0.721708957297445
SN1990N 227 1.09 0.03116091987065275 -1292.738066489596 -2998.077904691487 7900.622812637543 6119.868972360586 0.1578918447583653 0.19767415484646153
SN1990N 280 1.09 0.049922884137295516 -926.0264848139133 -2259.7592248904343 8003.200723854695 6496.428209650094 0.2529583948360701 0.30221022190606583
SN1990N 305 1.09 0.07142701313451613 -1239.3438097475284 -3089.2181055291567 7285.922913729393 9088.14030075242 0.36191944641563933 0.28137950106561005
SN1990N 280 1.09 0.05793968739324732 -1035.731643866411 -2574.0703616852543 7842.315060169828 7222.846217326546 0.29357939897848045 0.30912382724837334
SN1998bu 237 1.05 0.09703862350467218 -1259.0127395832762 -1902.7842312340226 6964.637954196752 4621.099145656294 0.49169303542913034 0.7186514444311813
SN1998bu 281 1.05 0.11152670668977963 -1278.011961123171 -1774.9628803634732 7301.650169071013 5466.308483885619 0.5651039036128926 0.7320254482047558
SN1999aa 256 0.90 0.04397158164988147 555.3325836024303 -81.15045518294339 7489.060308563758 3762.944339146301 0.22280324754409872 0.43002334939586856
SN2003du 221 1.02 0.1410260343871167 -1660.259606189629 -2297.344672645618 6998.6084600217955 10557.88821366507 0.7145764894222321 0.4593612409773331
SN2003du 375 1.02 0.09917626986927348 -887.5519663911091 -2105.562647399606 7022.208851940971 9055.383421900051 0.5025244527733208 0.37791583062940276
SN2003gs 207 1.59 0.05372200815310044 1718.4944724158102 1090.6946359158676 9737.59470682415 4661.939370085267 0.2722084908477153 0.5513885310712812
SN2003hv 319 1.55 0.15232399902276245 -2865.055352331736 -4149.94808907192 7052.847101325678 5412.251301031113 0.7718230818123658 0.9753831860746552
SN2003hv 319 1.55 0.1556962790539912 -2902.754154441056 -4185.345673767282 6991.070516495667 5524.23942762225 0.7889103666994198 0.9682106149270092
SN2004eo 227 1.31 0.14063438670039038 -721.9052926048741 -2550.7835796671043 6777.460244962994 8557.448676437169 0.7125920173331779 0.5473115532685938
SN2006X 276 1.08 0.14485984951706307 2612.3436955922452 2156.235673624085 6807.827023959005 5817.5946106389565 0.7340023647122572 0.8329779474253002
SN2006X 359 1.08 0.1657556095525636 2734.612328595354 2232.8862834200213 7800.442362398659 5987.044231012655 0.839880821231782 1.061195542240293
SN2007af 303 1.08 0.06986550266163306 348.69937954729033 -402.828478452677 6487.34502217327 6289.5935900699415 0.35400729972047024 0.3541013779075884
SN2007le 306 1.05 0.08913624881375902 1569.3101022794754 781.1022931202283 6730.344892413394 6318.987276752284 0.45165183885665067 0.4665139222536716
SN2008Q 200 1.09 0.20246984075749971 -1706.666133693091 -1938.4197546611026 7502.8645430951565 5404.169190725739 1.025911198957954 1.381271103587627
SN2008Q 200 1.09 0.20121755175776537 -1706.0973918164634 -1950.1968982778671 7497.348984519689 5398.8514640600915 1.0195658721460557 1.373069830387149
SN2008Q 200 1.09 0.20121755175776537 -1706.0973918164634 -1950.1968982778671 7497.348984519689 5398.8514640600915 1.0195658721460557 1.373069830387149
SN2011by 207 1.11 0.07466074845849993 -1175.2331473225186 -2874.0114416375804 6312.908443516446 5238.420503682126 0.3783047276552011 0.4421217588413645
SN2011by 311 1.11 0.08754671676519712 -1165.5284498345297 -2323.635997638551 6557.73659885148 5513.106328667253 0.4435977073197204 0.5117029021517683
SN2011fe 203 1.18 0.05991179975697103 -713.7879263530044 -2276.1642617519897 7139.48131082862 4717.914171768728 0.30357205838878143 0.4455017432104562
SN2011fe 224 1.18 0.0719992588221195 -874.6607270329165 -2539.735846363189 6675.422213332923 5401.562749840176 0.3648190054673543 0.4372277884816615
SN2011fe 309 1.18 0.1709696304513261 -1414.4646390582661 -2442.6793728732023 6142.798000729235 9757.794389331777 0.8663001754014135 0.5288761237433278
SN2011fe 345 1.18 0.23000572371944025 -1495.0657912755294 -2987.02676401702 6263.765867889924 10558.818314997276 1.1654350440805707 0.670469859255364
SN2011fe 378 1.18 0.2533033915319303 -1602.7006611371464 -3340.6002279796508 6442.921211629353 10868.244384741514 1.2834839259733692 0.7378784831695665
SN2012cg 286 0.98 0.04771713385118079 -968.7715143526177 -2347.87033430478 6900.08866815401 5578.721264821345 0.24178189609352346 0.2900112031136294
SN2012cg 342 0.98 0.06247470234098304 -799.018250653094 -1829.490033233916 7476.19159512017 6591.036704541585 0.3165582416787923 0.3482180704627467
SN2011fe 345 1.18 0.09010480392245655 -598.7603918963691 -1808.8161493165833 7791.467135917217 6585.372654915496 0.4565594909252413 0.5238503636134829
SN2011fe 309 1.18 0.07379809033414739 -618.1798237986369 -1322.8321155306478 7803.600379171217 5857.116720527038 0.3739336537839803 0.48314410258499263
SN2011fe 378 1.18 0.10436918624366243 -719.0468666632977 -2042.7333582143438 7868.248282278022 7486.8551805683055 0.5288368706811242 0.538978370328175
SN2012hr 284 1.07 0.06938049563660077 118.92952933554301 -2187.149322709536 6493.01187457867 9240.492348112271 0.35154977747077454 0.2395570188809161
SN2019np 303 0.95 0.05078234920063844 -1619.433943749149 -3329.6883858259685 6210.0252002500465 4982.70629055739 0.2573132895221023 0.31100063699030456
SN2013aa 205 0.90 0.09957799872396518 -1379.6083785844514 -4367.92731476271 6024.580505299052 9862.748502712227 0.5045600059669758 0.2988908799292749
SN2013aa 353 0.90 0.08388289634122024 -1232.6043781655248 -2469.432666301641 6397.83296956997 8459.964890327303 0.42503319227952413 0.31171533708027305
SN2013aa 400 0.90 0.06266944949963456 -828.2923523027285 -2124.334301922437 7190.909697151911 6593.95457688989 0.3175450221804134 0.335825894476335
SN2013aa 426 0.90 0.06189539290777434 -844.5613093247206 -1912.2704254796786 8014.308352531211 7808.989580649621 0.31362289074965016 0.31214037325554805
SN2013cs 261 0.81 0.05161674850914779 1889.1985964370806 2310.087012240558 7321.917217751743 5109.538543993368 0.2615411764597315 0.3634579685871107
SN2013cs 303 0.81 0.07042335197819971 1599.7805698724221 1126.5889916649562 6921.176047737575 6968.472253115384 0.3568339126078791 0.3436999192951495
SN2013dy 333 0.94 0.04216947837736048 -1050.929210884155 -1967.8328210216423 7120.224041466881 5619.76372716543 0.21367202127335552 0.26253925459584454
SN2013gy 275 1.10 0.05791704282270738 -98.36044427410373 -615.597498364051 7845.039153142208 6175.962842434979 0.2934646593292289 0.3615074375279186
SN2014J 211 1.01 0.09470928093833045 268.757861425839 321.3050279348817 7209.2530686658765 8482.796506035113 0.47989029672948574 0.39551611030223777
SN2014J 230 1.01 0.10519122178976356 593.0919447643568 -11.432694439050817 6973.448376329454 9425.69689354791 0.5330021106473903 0.3824142229239295
SN2014J 263 1.01 0.09510275638038646 616.974150158378 -170.52625972721057 6854.9910566124245 9004.63656389313 0.4818840300233429 0.35575763101541746
SN2014J 267 1.01 0.10468133635174268 510.39802594115 -126.58624696293418 6899.864626114709 9079.598515308235 0.5304185299071964 0.39089813610181373
SN2014J 303 1.01 0.09793916547409809 664.0454250091077 2.761202888734715 7010.096737288767 8758.954676021274 0.49625606609142164 0.38516653602556444
SN2014J 349 1.01 0.11350990147052707 701.5692728976841 446.9596119398345 7226.485969941759 8311.070109181059 0.5751527174395437 0.484980616471511
SN2014J 426 1.01 0.11577450989721559 1033.5704831040625 573.9562330202564 8655.636840722313 8756.82273816838 0.5866274493675294 0.5623229853574551
SN2015F 279 1.18 0.14881882885101103 -292.20172631793105 -928.0150953277389 7241.001230749504 8362.486766767273 0.754062444870096 0.6332008319673305
SN2017cbv 318 1.06 0.08588253445502075 -980.6661893483115 -1462.151071718154 6605.073692417203 9134.985273748356 0.4351653241917932 0.3051371493545452
SN2019np 303 0.95 0.04862697240763079 -1633.650767279704 -3305.905575268209 6344.682935344013 4932.192252860747 0.2463920324022874 0.307374315255657
SN2019np 367 0.95 0.04881261281928499 -1484.1827068603043 -2914.8561112461666 7055.187099703956 4502.33169426748 0.24733266917358465 0.37585775900396656
ASASSN-14jg 221 0.92 0.02495532293542864 1747.428368681714 928.1987342310894 7095.846714631445 4095.117139965381 0.12644819187531361 0.21248168753208735
ASASSN-14jg 267 0.92 0.02595577623842645 1812.462909413215 601.6936493518976 6660.493530954564 4635.685422011322 0.1315174715455102 0.1832512272620256
ASASSN-14jg 323 0.92 0.041372079254503966 1741.2319446501679 1527.490625297734 7145.809712432018 5667.484659930314 0.2096316136397192 0.25632375599778373
SN2011fe 309 1.18 0.07379809033414739 -618.1798237986369 -1322.8321155306478 7803.600379171217 5857.116720527038 0.3739336537839803 0.48314410258499263
SN2011fe 345 1.18 0.09010480392245655 -598.7603918963691 -1808.8161493165833 7791.467135917217 6585.372654915496 0.4565594909252413 0.5238503636134829
SN2011fe 378 1.18 0.10436918624366243 -719.0468666632977 -2042.7333582143438 7868.248282278022 7486.8551805683055 0.5288368706811242 0.538978370328175
SN2013aa 400 0.90 0.06266944949963456 -828.2923523027285 -2124.334301922437 7190.909697151911 6593.95457688989 0.3175450221804134 0.335825894476335
SN2013aa 426 0.90 0.06189539290777434 -844.5613093247206 -1912.2704254796786 8014.308352531211 7808.989580649621 0.31362289074965016 0.31214037325554805
SN1990N 227 1.09 0.03116091987065275 -1292.738066489596 -2998.077904691487 7900.622812637543 6119.868972360586 0.1578918447583653 0.19767415484646153
SN1990N 280 1.09 0.05793968739324732 -1035.731643866411 -2574.0703616852543 7842.315060169828 7222.846217326546 0.29357939897848045 0.30912382724837334
SN1990N 305 1.09 0.07142564109364771 -1239.3370305053609 -3089.176552887729 7285.938979497405 9088.04064163034 0.3619124943081696 0.281377802035894
SN2003gs 207 1.59 0.05370537674598779 1718.5844966151053 1090.7615937393534 9738.191114823467 4662.290056241219 0.27212421979407364 0.5512101278624479
SN2012cg 286 0.98 0.04771713385118079 -968.7715143526177 -2347.87033430478 6900.08866815401 5578.721264821345 0.24178189609352346 0.2900112031136294
SN2012cg 342 0.98 0.062481506384738095 -799.1057063012174 -1829.744098938857 7476.010941054296 6591.52362848179 0.3165927176514132 0.3482218537640805
SN2013dy 333 0.94 0.04216947837736048 -1050.929210884155 -1967.8328210216423 7120.224041466881 5619.76372716543 0.21367202127335552 0.26253925459584454
SN2013gy 275 1.10 0.05791704282270738 -98.36044427410373 -615.597498364051 7845.039153142208 6175.962842434979 0.2934646593292289 0.3615074375279186
ASASSN-14jg 221 0.92 0.024955326137389724 1747.4296390877607 928.1961709544984 7095.842424659655 4095.114928196961 0.12644820809959534 0.21248170109513317
ASASSN-14jg 267 0.92 0.02595577623842645 1812.462909413215 601.6936493518976 6660.493530954564 4635.685422011322 0.1315174715455102 0.1832512272620256
ASASSN-14jg 323 0.92 0.0413717300647236 1741.2334109872863 1527.5055731315713 7145.811814880318 5667.428113203324 0.20962984430111103 0.2563242254298501
SN2003gs 207 1.59 0.05371217624077711 1718.6985047151993 1091.110128196049 9738.120144874241 4660.969979576458 0.2721586727171634 0.551432029468903
SN2017fgc 384 1.10 0.08099196645070011 2246.3884837832015 1593.0861968474373 8952.857583901561 4568.700402192899 0.4103849002722266 0.7798864172524166
SN2017fgc 384 1.10 0.08099196645070011 2246.3884837832015 1593.0861968474373 8952.857583901561 4568.700402192899 0.4103849002722266 0.7798864172524166
SN2018oh 259 0.96 0.059095495355160385 -1689.524488143257 -3987.1618602305925 5983.715928475842 5176.669266410117 0.29943585803201206 0.3356567169515198
SN2019ein 310 1.36 0.10100589002994269 2167.433620074721 2223.0749844454945 8797.11516492316 4859.237876188845 0.5117951066427924 0.8985437632015022
SN2005cf 317 1.11 0.04127383378151575 486.53300754855076 597.7040843530679 8458.037467264749 5985.8783572624525 0.20913380551872482 0.28657410518894344
SN2002bo 311 1.10 0.18947701425636795 1565.0195970343893 1093.835493725437 5325.38637418536 5457.5372863089015 0.9600767706610814 0.9085134483119178
SN2012hr 284 1.07 0.04407512379647276 231.50342421303094 -716.6881563464677 7380.55511789284 8277.359668450745 0.22332789381909318 0.19311284348377922
SN2012fr 221 0.90 0.042325153438407204 2413.833464849624 2955.6123714962855 7054.1625373984 5171.9663874747075 0.21446082412877726 0.28366694153985467
SN2012fr 260 0.90 0.04754060480391562 2294.5427655035824 2530.3622662908197 6618.229786618907 5300.34676876991 0.24088742644879443 0.29169076347115735
SN2012fr 339 0.90 0.07723141055237909 2178.836651769345 2185.3538976535747 7308.707022337482 5295.142516963497 0.39133022824818076 0.5238142187075776
SN2012fr 366 0.90 0.04864447484687489 2106.7357370711416 2984.5887854158536 7764.188680101811 4577.30619468754 0.24648071696075016 0.40545256426369086
SN1993Z 212 0.87 0.055912117929602864 1705.4197172729823 1572.674459829493 6938.895809481837 4298.790103761637 0.2833057393972028 0.44347637206001317
SN2002er 213 1.23 0.06920152329697282 836.2840544098083 434.0609916736904 9494.727291247757 4765.943361033232 0.35064292770568806 0.6774382112060623
SN2003cg 384 1.14 0.10358146808017604 -931.4237617239152 -1385.048545722356 9394.862211275586 10057.389147775464 0.5248455163020236 0.4754530515065838
SN2003kf 300 1.03 0.03735012300275648 -389.7080980477807 -501.44734049539784 9620.944681992007 4853.870492875148 0.1892524305231154 0.3637826530115791
