SN1986G 256 104.23706174145944 18.262818150170176 115.90728612973547 19.73867517332518 0.012953879396542398 0.004911229120901117
SN1990N 305 132.17577322966608 90.00566820158333 624.6402276635342 73.80196849628095 0.07626330856407236 0.022244899044132287
SN1998bu 281 55.59196063519419 13.337664037347572 91.52654950794137 10.795557055967091 0.017383466962210364 0.0022354135106612836
SN1993Z 212 135.3094543530999 14.300322393904857 39.9126441217515 19.297312619788347 0.010049655204378548 0.0032830589988008226
SN1999aa 258 83.63657428208347 14.184896542298981 98.10513177720944 18.427222258851963 0.009129170459239219 0.0025808568530289976
SN2002bo 311 127.69018677961921 31.49691453558817 105.00848239374238 16.2941513124806 0.07655301314014934 0.016897025210899072
SN2002er 213 242.26692770971988 39.39852899637058 77.01237928757693 34.08618724400306 0.014485162541979752 0.014358904464798273
SN2003cg 384 203.5609044342726 102.5046051058576 417.8462405138541 91.27058563686239 0.20300108874878436 0.0467198624011198
SN2003du 375 174.90834972765492 20.096567590042916 155.46302090686956 59.94976237992238 0.03019307335551086 0.006623486111569491
SN2003gs 207 77.02979167800959 5.349036312537244 18.857690456327543 11.175053460909686 0.0053994173119613085 0.0038232773941451704
SN2003hv 319 47.0181414420651 14.671629742317169 46.7280494253281 6.970374267344982 0.014318436662217441 0.002859385732370508
SN2003kf 400 601.844771198495 502.74536095379483 1969.5139092944219 413.07343636952226 0.24546098524887933 0.06715127185348217
SN2004eo 227 47.58760891472281 1.2426289092489917 76.42764891807653 27.494768848766366 0.01183670878117561 0.006751529351744358
SN2005cf 317 88.55077025484009 7.639710607213639 257.1382887802438 82.36478935877521 0.03854033866385983 0.02169560280814965
SN2006X 276 51.11599345917216 5.179134402823018 17.811597318426166 6.683904078160143 0.007229863296181033 0.0017161153065791857
SN2007af 303 86.29251527655352 7.490904821449815 105.96383716013405 24.805306703234706 0.015538423837132052 0.0057383422428410125
SN2007le 306 112.19076632223363 15.455217962093656 92.88758959198641 23.51705314359122 0.01683512078899837 0.0030985192783218206
SN2008Q 200 137.56158418510057 21.33108739181749 15.925808443289718 8.765363068701776 0.012800956817425312 0.013574864477093267
SN2011by 311 22.226749262172838 9.425271457579905 63.07019103839023 3.0212955903349763 0.010801710520728834 0.0012688758353646774
SN2011fe 309 23.84839278308198 6.801356097179332 35.867133834177224 3.77320983602902 0.007679000758297757 0.0011566719774949404
SN2012cg 286 57.313460529173184 5.699978587271918 43.39700242361104 19.165920672893076 0.007359674682328418 0.0014620145122665462
SN2012fr 261 34.57929554470121 6.241905928789749 155.17083260402225 26.464119488710345 0.022822524394504915 0.010165649038523081
SN2012hr 284 65.31535413788986 13.470314528832683 131.14512353119 21.61461862658766 0.014827303032570916 0.0033405862128917485
SN2013aa 400 9.777743801270068 4.5752127858991685 63.13495994091506 11.440378262452496 0.014402719640684755 0.0023406896738999558
SN2013cs 303 33.42429344703068 3.6742890728749167 21.41495721340438 7.739546780108718 0.003672352843974942 0.0009654818904136222
SN2013dy 333 64.66992071276172 34.97406643440804 345.52097574079215 28.793907073728175 0.04160454880238296 0.005050655942552872
SN2013gy 275 210.48365238126982 26.102963759715394 108.63791236092912 54.23825958132988 0.02389820382210416 0.0036689085314529214
SN2014J 303 29.45549123483774 3.9636242203792595 38.14082034827023 8.068375015059727 0.006139494711647541 0.0016566177631465546
SN2015F 279 49.367776357951286 5.4088381625125495 35.790367397382326 12.918387682183605 0.011231014084828607 0.002688946429820614
SN2017cbv 318 16.028664183151864 2.1350881027241955 14.824547611236293 4.7732652757526886 0.0031268537463361307 0.0005543382387191376
N2017fgc 384 568.3832869265206 83.93792843089454 85.4109431147308 70.8532456304949 0.03400295170360169 0.03341937135849959
SN2018oh 259 41.78745578980134 17.28361880307104 230.19050524312033 21.413152163477065 0.0306375758667261 0.00694005933789359
SN2019np 303 40.99523096887003 11.520969260110071 74.03623810866264 7.892198286523743 0.007460989490649264 0.0012808673983977078
ASASSN-14jg 325 186.9391927445992 24.030931777132697 246.92838228464834 55.58620638353981 0.02743773595135549 0.00896623830660664
SN2019ein 311 1845.5600345559258 890.7472566534449 208.8488420202782 64.23446760414983 0.11802185829900944 0.15012953352596356
