SN1986G 256 100.25955782786437 45.973735021854125 17.708704064961598 24.515717735849872 0.006446568778527103 0.006918164303265928
SN1990N 227 215.28879891238572 108.69636816167105 4.0174157950049275e-09 688.0936637815599 0.02783541901214841 0.014130278552024662
SN1990N 280 204.30391375493855 42.10459889437897 1.4760155868548578e-07 80.42414273620535 0.03745260569231946 0.01627265436174334
SN1990N 305 112.00958349472063 46.89506115273542 3.300575138687216e-09 223.38038299732418 0.01619134719718154 0.006475202441753276
SN1998bu 209 294.2448162745077 79.41367764174306 120.77022535160715 84.71444932664893 0.05578374100748772 0.03691031998919986
SN1998bu 218 712.2502098551855 206.25319120435876 667.0180523737495 360.05495041290794 0.21681444563624547 0.124127336480699
SN1998bu 237 78.43158172995156 22.960307591206444 82.92062570317668 20.09519527772095 0.015431016295239809 0.007782478197907135
SN1998bu 281 444.25945579971915 96.21662781733689 163.23126396237282 133.16354487947967 0.07318105779050607 0.03557976584810857
SN1999aa 256 159.46190673226843 73.13334289471877 182.87394369547047 50.89751079242854 0.016071181002553798 0.01418295590507167
SN2002bo 311 1939.2403731737386 310.2734425276297 1514.575620294746 415.07357770634354 1.686340674068691 0.2155474824357593
SN2003du 221 699.3350325363675 209.0010184259517 27.34003795402086 944.2393047412538 0.1046049445496536 0.04299177206742496
SN2003du 375 694.088801180471 306.9447242574523 360.0285035770965 1400.5762755885908 0.09132898900983302 0.057310198560939336
SN2003gs 207 734.8830724245207 421.996270976797 1400.881212129159 880.377625582172 0.17894524635150372 0.04287955617661643
SN2003hv 319 592.9570349667091 284.607311009946 234.6687552599684 234.58187320821742 0.07992154684896352 0.01822592130359108
SN2004eo 227 212.1017321297824 54.52783107922477 70.77763727540615 166.89264190020498 0.05414673544999143 0.018010253548677767
SN2005cf 317 644.234922140253 224.07027211492846 38.983529208411674 1159.6169106945592 0.11225230655341419 0.06820446163745356
SN2006X 276 95.68767050697956 24.778873099792683 56.61589253025091 25.32331566237778 0.021357506089863885 0.012585107605147396
SN2006X 359 303.66686967819794 129.57736904650147 120.78939785359537 100.7031189154035 0.05895980878983811 0.04482264063253406
SN2007af 303 692.6450512361233 165.11059196337865 1238.1464263754679 1032.181661774294 0.2271154898575078 0.0957003302876343
SN2007le 306 145.7051337700825 54.18354515363012 113.90978866858616 122.65539419827756 0.018372030725144817 0.015752428804572845
SN2008Q 200 174.17643340763644 81.61324058674064 26.646157824958618 35.85196108849113 0.033654120436337316 0.032941414419306314
SN2011by 207 277.668083669108 142.03251865701492 630.9350477844239 458.0438596297418 0.09236871112566962 0.011593258162861157
SN2011by 311 182.40599627889236 78.50079072507764 224.4300040327021 174.52469900316666 0.02523880323506792 0.013280320504287372
SN2011fe 203 411.0313214282138 256.28184758896884 1378.6184757415901 603.7432300774884 0.206042102681857 0.03670563410972808
SN2011fe 224 65.15120011431709 10.487527690538405 73.58574876667873 41.107995145382354 0.02223191598251184 0.005210633719185467
SN2011fe 309 69.76587841504806 25.014654752787045 497.65627953338065 53.70251883034885 0.0803540266062402 0.019432699707932103
SN2011fe 345 54.926509220482146 14.350845349777087 78.78116016000514 39.819335235566115 0.024774024243172564 0.006901750648092226
SN2011fe 378 179.7100305379229 61.598088434330435 23.967970934444487 168.8813442996846 0.058330988756535786 0.01858725551398558
SN2012cg 286 274.81066518265635 89.92741700569968 1746.1157962341158 469.7394705994823 0.10956379953468591 0.02250785342665574
SN2012cg 342 207.36898983752482 55.44579953154894 192.8754753901904 281.27042502833797 0.042912488669010714 0.013370747553825928
SN2012hr 284 199.61135653273035 66.7504863070665 68.39919137420817 512.0731751057732 0.023766934321350543 0.0068294196602164845
SN2013aa 205 1548.5311304231143 544.3482916535614 697.3319726394739 2580.7935925452834 0.06295056791210805 0.07014018536914372
SN2013aa 353 800.0607891629852 308.53238372786797 1464.447416186147 1697.3960410678158 0.13050162111042424 0.03992813874132838
SN2013aa 400 120.12933975558926 32.51897955869589 113.56807530250049 131.56910608047937 0.025111008223873126 0.007460729088015278
SN2013aa 426 151.2738276215286 102.19540570200172 1520.857849491211 212.18597711774262 0.12280007180765558 0.025290971816175345
SN2013cs 261 235.02899479174712 42.778369206061576 294.184539255582 74.23978165070946 0.039976910662950234 0.018873156879661228
SN2013cs 303 190.48715805344133 41.43746793220434 522.3617954634333 173.94593255736316 0.061049828451462555 0.025910364538146952
SN2013dy 333 325.0411586072233 85.33635274138042 419.565003857738 580.6602890252773 0.051241330089184634 0.013309094692615996
SN2013gy 275 391.9655781811784 49.000119804824045 726.518877709111 300.73800668825766 0.10315395164782802 0.028575284688562116
SN2014J 211 400.4338717714395 82.99182188442265 220.23259819071424 190.67993388665988 0.08247660379909594 0.03398715543323236
SN2014J 230 70.26940765805077 16.30796490841268 178.29655812500872 130.67556696394436 0.02432606446818548 0.01081563639498824
SN2014J 263 56.2899156378626 7.013791739452344 104.94005946339173 47.5402778213583 0.015859046263756237 0.0052678341107803076
SN2014J 267 185.2455700011134 64.07564924031264 33.65363679631902 311.9051162273568 0.03137789129740871 0.020325944271547654
SN2014J 303 91.94605877173908 14.750113002740537 182.1483249406327 102.81995578022632 0.022772231391884206 0.008537288657222742
SN2014J 349 307.25806540725404 52.861912834512964 376.05571976685076 240.5738122426842 0.0906528380375838 0.038976368557251784
SN2014J 426 28.776597439267924 12.969735233098667 15.080830669304406 21.559925442666923 0.00517982847763312 0.0026156755378231597
SN2015F 279 99.06790732736981 23.127095549411262 211.4028916137374 114.45119080273192 0.05525911332316414 0.021178568536791786

SN1990N 280 202.45901231181105 34.286450116565135 1160.230947220738 86.96399166023123 0.13467290361091291 0.038577295143123976
SN1990N 227 209.7201575346063 96.54928540721845 165.16576216951984 306.4704163973505 0.01936444485637794 0.02257584522282443
SN1990N 305 138.02777100528283 54.28396198135381 1115.6951803029817 320.40513872749614 0.10819736256739226 0.024766734108814054
SN2003du 375 428.7789476761389 146.6341676456994 809.7731223108083 716.0204535257822 0.09048889883673092 0.029262296268963404
SN2003du 221 631.9780484844545 68.78624629954544 534.90779062111 178.9749926457534 0.2740319957452112 0.06152198180199451
SN2005cf 317 646.3258312675488 216.14465512619728 1620.2787996011511 1782.5613374090742 0.2101925426655821 0.07868382211226456
SN2011fe 309 74.6547616151026 29.27718991582339 547.0819767809684 42.76188152471011 0.09053200832771398 0.021048334777580304
SN2011fe 345 57.5415730009533 17.8089241951105 223.41878318918208 17.80611042314708 0.05662470872839298 0.014265282114037669
SN2011fe 378 276.4561453936721 64.82853489744018 1573.7413295879744 324.476962731238 0.4165782958343166 0.11543373215048794
SN2012cg 342 128.45699448789287 26.691819828196966 982.7949084989714 58.56883975165649 0.13106070020537497 0.0327180478103758
SN2012hr 284 144.39475283537953 44.97873611638779 574.1496208242188 365.0586952031048 0.03655782137079966 0.008578103317018821
SN2013dy 333 306.238901162021 67.8711897511334 1334.826494269219 407.6525733305313 0.12772400067521264 0.028396675994993868
SN2014J 230 70.75712343613482 11.224615212840368 260.15476586168717 118.01587340371401 0.033246866876977726 0.012436790322991926
SN2014J 267 146.81620622009575 20.780374759686808 656.1034737080697 189.54555191191193 0.10199254135011841 0.03253427290448026
SN2018oh 259 790.5483390958772 289.25420133332625 2885.521343535818 1473.478832601441 0.36101002039869284 0.0863605261214122
SN2017cbv 318 59.91008626071981 7.427290115291479 160.90902479861816 40.457524684649904 0.022108682991654364 0.005389222801969435
SN2017fgc 389 5452.895129265256 1999.0554921948965 3981.1436470268063 2846.7998556579346 0.8660564217636219 0.3346314357374289
SN2017fgc 384 3184.8770546746505 1491.1815101938012 2008.8917882593091 1449.4653643735953 0.33704367683086744 1.078287277592227
SN2017fgc 384 3172.824702027603 1808.1389682932556 2365.526124445121 1939.3204950958702 0.4271369312789727 0.6514288068998672
SN2017fgc 384 0.0 0.0 9.099497904687939e-13 0.0 0.0 0.0
SN2017fgc 384 0.0 0.0 9.099497904687939e-13 0.0 0.0 0.0
SN2017fgc 384 903.430975157099 261.89866930064215 559.2465333677437 360.0237516471442 0.08594800275393617 0.04959885469830083
SN2017fgc 389 3660.9680557649963 568.860712081868 2996.10646867721 1706.1442428417017 291.8219924447971 47.61682511888179
SN2017fgc 389 3714.3940721431713 580.8489741560202 2923.4160227641237 1872.1507907420407 30.49154566199657 28.63953738175052
SN2017fgc 389 3825.6232631640055 638.7857299719769 3022.9456897602604 1856.6053109219722 65400.84651786804 22881.33052342309
SN2017fgc 389 3318.9419762661832 478.9224855147892 2673.925379793811 1520.6838007132833 0.6245650971226888 0.5468095277623173
SN2014J 349 353.5528584166927 33.49832577727861 471.27218129134195 185.18938146510877 0.09929406513709223 0.032870410312819454
SN1990N 227 431.24665744670733 214.692273990366 286.8944203703568 702.377894259376 0.03862058523775785 0.045413334296245035
SN1990N 280 94.23295660314868 15.308759460723827 493.6624922129669 70.01093064484614 0.05768643048252679 0.01844349802285668
SN1990N 305 174.83247598052407 74.08680527310523 1425.2895390000738 387.34951719547684 0.12707630277199886 0.02694291219616676
SN2019ein 310.8 1865.8564720333377 688.5519146520387 707.8092976297337 257.6799731588153 0.2399470939564491 0.09561385865149805
SN2013aa 205 576.8796532528926 174.40673537213638 2144.338611185298 1158.5789707675665 0.24988055496735564 0.07231490585390213
SN2013aa 205 145.73194248723604 67.08171602730644 614.3029676474807 406.27257372154486 0.04188210395583967 0.011417919131873192
SN2013aa 353 187.93834376537927 76.85295063858821 628.6576887192327 543.2065378664083 0.07310668023345143 0.018534072515531307
SN2013aa 400 108.97569305431642 41.62516821233135 197.51617721963825 245.52984092535416 0.012555915290820863 0.0034965731491942023
SN2013aa 426 416.2523427400704 206.48164082364323 2904.325530850846 574.1925221709425 0.39735753717033967 0.09252265284295313
SN2013aa 426 429.541467558414 206.85850587035878 2912.5845688099216 582.9943704694434 0.4034535909711238 0.09371118316402928
SN1986G 256 81.0900002583426 49.551521576912485 14.359022643758465 30.150101584421662 0.003664194673576976 0.002896913653678545
SN1999aa 256 125.18243778446022 54.409763664579025 120.10176934906954 51.880867781533105 0.011082139462340263 0.010070499691276852
SN2002bo 311 397.07591766771344 102.21169007725892 381.90219004772047 107.74057989926649 0.2014966985071336 0.07732657766729371
SN2003du 221 64.91517122154664 10.174803775027065 553.4386816586183 51.50411003848701 0.12591242157568067 0.030931103013972307
SN2003du 375 210.68326403594287 71.64345536901523 504.27930439926047 369.4599895996993 0.05361609128617095 0.01660241114303644
SN2003gs 207 970.544224425831 563.8225065070892 1983.4550921051596 1063.1107339513217 0.2089730206330864 0.03882255429726829
SN2003hv 319 202.6212871028266 98.49944127349873 105.21739607914418 90.22752974813108 0.031985119565677886 0.01143696308937576
SN2003du 221 356.96478573624205 44.092669546741206 1055.3623230235003 167.89824623575458 0.23929783979322414 0.058567429337640205
SN2003du 375 376.3273118349419 141.094782616302 1097.2635989917735 738.9481203289923 0.12160451865338977 0.03470805548675845
SN2003gs 207 1030.8982301065994 603.9222128859202 2102.812497220181 1135.9729296012554 0.22420635608684591 0.04106867104040644
SN2003hv 319 223.9397401173499 107.91088627311154 113.14887034945063 98.47628682833637 0.035099692059733546 0.011793490902313682
SN2004eo 227 104.29480978099531 42.570834186865206 38.021159434098074 149.39702696915342 0.01705790388954071 0.004763765332752395
SN2005cf 317 580.7376050936464 200.12758406916484 1680.1042552916283 1857.6897827482853 0.2076493991516459 0.087965034637311
SN2006X 276 43.30341623049319 18.42632815954268 33.45111616330097 25.317095596896525 0.007982228109708852 0.007434589205092768
SN2006X 359 100.1114270981631 46.69508101124114 106.67681913473923 42.44787456818243 0.02185586417912145 0.017097480674791398
SN2007af 303 215.12278377718476 58.86480040544471 297.97701605378916 252.563427707492 0.022465891642388016 0.016167200691294858
SN2007le 306 144.87528360078844 52.13703567454113 131.84582529291436 135.74148911980038 0.021539958934480952 0.016996199038296925
SN2008Q 200 61.50058534010906 31.817088869493166 8.706171109732308 9.094753456589302 0.02053388585482804 0.02450447617950705
SN2011by 207 172.27560753867238 90.76098390914753 411.8831234246775 276.85017276222015 0.05916429983716133 0.00807159492840046
SN2011by 311 155.1687335864771 67.7109987056318 189.80510048461292 149.04012894765737 0.02092036254721548 0.011539936068909924
SN2012cg 286 194.7852144216858 132.43033673511894 2860.016026665874 264.15159008165773 0.23314167499775496 0.04563931696564286
SN2012cg 342 86.73516246928695 11.971344377788613 447.63087341108474 42.35495266589803 0.05888898103429056 0.015556022204098253
SN2013cs 261 522.1280904932264 206.62586217130664 1017.8877764496739 943.5083126414185 0.045976441692399526 0.037446954544778796
SN2013cs 303 70.03876785338164 16.57171130498112 94.32278256373431 89.58734780559513 0.01262943169671528 0.007098254337171775
SN2013dy 333 155.238756944775 44.319901390543045 738.2896860998014 297.5029833084225 0.05897831489488499 0.012996372130139242
SN2013gy 275 400.4790917009299 37.01129763298491 689.2215138384837 267.10642253491693 0.11353560291486609 0.032559314863574024
SN2015F 279 32.68029219186416 10.256073116297445 154.40991410122143 30.057868516516393 0.034622023780345075 0.010428722007498375
SN2017cbv 318 78.13238697446263 11.925012296305109 158.83453227349105 36.489537961351346 0.022699089650854553 0.005484827539054419
SN2017fgc 384 1318.988529975178 493.78056687786255 2538.3831404446255 1290.1104170106903 0.3688357618976789 0.20658054719043925
SN2017fgc 384 1333.6049185792203 445.70496100701706 2461.1701702244613 1218.0430618076537 0.36027843515339336 0.2013267016589145
SN2017fgc 389 2241.7876658758623 364.62224652465926 1808.3184942921735 1057.0162023308856 0.3204755391235488 0.09580123637621629
SN2018oh 259 419.0972282559047 225.61537652516688 1115.2560893015402 763.3488508833057 0.09551532433554906 0.012863068944144403
SN2019ein 311 1846.786454527164 702.9639513718832 710.702555090775 258.01010665335934 0.24198360379588038 0.09499104528434406
SN2019np 298.9 414.4241491271511 172.71673119476074 1058.3063253680261 686.6481151921896 0.14576634017954251 0.03496393706097782
SN2019np 303.0 36.953363789839 15.467335230541773 123.17661937844734 67.6886545451568 0.012098506103632186 0.0017391340455019167
SN2019np 367.8 178.51248599386759 54.23990563354653 1053.8159822921634 170.73468616062564 0.1562389166925855 0.033966204328188795
ASASSN-14jg 221 367.91190466860246 209.78410667795785 1818.2234742299015 1283.6190904011396 0.08044557714990393 0.013472128038248592
ASASSN-14jg 267 138.71211543653044 39.3673621404764 1263.2780353744558 372.63278208782316 0.05798831702051064 0.015261475583256802
ASASSN-14jg 323 285.6651645885475 57.70939455546607 902.2407618690092 219.69569400530466 0.06552557733090296 0.02433531504454106
SN2011fe 203 409.7615399749252 254.84513067393348 1337.8363938293778 600.7974367741723 0.199615360197473 0.03514884105332792
SN2011fe 224 353.17160696254336 209.96343828919865 1123.9354373573685 516.9177335388767 0.16663229176970965 0.026854163715380644
SN2011fe 309 82.82756198370184 28.598991855313614 393.2571931936491 24.095198482969625 0.07061820064233322 0.015031209242359572
SN2011fe 345 57.796890203505264 18.096803371563144 202.62771673320427 16.877691962566114 0.047559022602489336 0.0121614538379096
SN2011fe 378 149.0047361042191 37.94813278423131 729.6708855974543 30.62401256049707 0.23609273104044157 0.062176340868186054
SN1998bu 209 165.8188082567448 48.9890398050795 86.74901172500616 43.35722190980888 0.037491693835630564 0.026284698221911082
SN1990bu 218 273.20534069023387 89.0826229229278 386.4787155097214 140.35293411144815 0.10066735377681424 0.05517756098236912
SN1998bu 237 95.33213227152885 35.02319055636914 29.519551857693056 38.058823334125286 0.009961027994328396 0.00956606650261937
SN1998bu 281 230.18088886476252 77.71211011375257 64.21639008358703 121.36948459578832 0.02543998224952255 0.020455089225937646
SN1998bu 237 149.26826417827104 22.90892967299508 91.39999981088998 33.82355035467987 0.02637478514439053 0.01099620088808957
SN1998bu 209 151.84337188296902 22.739535576296575 89.45358785062929 34.86602365883503 0.026325029469037347 0.0108992199553135
SN1998bu 218 449.83254134498253 97.08609393010614 397.8075216813734 181.5653851075999 0.10012535567724934 0.04641159547431147
SN2013aa 400 181.99349418360313 68.70133223070374 224.31959247966637 396.95975456256593 0.02724954498798238 0.00834354039358161
SN2012fr 222 343.03884194673634 254.8717747919223 443.24518455091226 566.48755122471914 0.02493611044693655 0.021334156223112164
SN2012fr 261 165.7388121896017 237.46405983440003 91.42783971488544 347.69788761929533 0.018396953855572665 0.018538035957785987
SN2012fr 340 217.39142008258278 282.19029457161196 147.52462763772428 295.70716414659566 0.023211121134738912 0.023560690423231768
SN2012fr 367 119.53812501931128 248.62166895807171 72.53879636376485 232.193653366795125 0.011279138733843615 0.01327213733931184
SN1993Z 212 957.7287757445334 428.9401700022418 2010.3146329298331 1534.6749686624044 0.14577459709235474 0.061254155438709226
SN2002er 213 1864.4391963671376 685.0789782531391 2200.4282740158806 1281.9820026608204 0.35259242806237673 0.08363416105718283
SN2003cg 384 777.1125980162294 83.13732848135749 415.062023976933 270.8780898554807 0.3218715782426779 0.12151693406449023
SN2003kf 400 395.8957354439162 187.12577175172103 153.5832662790666 623.7465924621101 0.11235312881547181 0.05658734682069394
