SN1986G 256 81.98035288478698 41.17741608663938 14.00012116927236 21.3957127441026 0.005074037290357014 0.007050881973965509
SN1986G 256 98.72394358553309 55.53727128642136 33.746299068454476 34.066602537444425 0.005281666516622673 0.007686819129640419
SN1990N 227 378.90193492461884 193.01597957087284 2237.565630818191 762.0766112511067 0.07867249277168585 0.031821554223743505
SN1990N 280 455.8363616841595 263.87705412416346 2309.000489377667 638.4609880513326 0.22738541365618753 0.06016478598050483
SN1990N 305 211.39834809327675 123.92449516972697 2210.786986933922 398.985893772144 0.12476705425861505 0.10591848943599369
SN1990N 280 463.35611162435623 259.53849876652777 2253.7566894555384 664.6259802752343 0.2546479665708591 0.07201886405295219
SN1998bu 237 82.61551068452918 33.0879719909445 107.60310713308662 31.064695956693722 0.013611038335725868 0.008278893168519317
SN1998bu 281 155.12741214981656 51.418904746432595 191.8354016054599 50.15082834251018 0.029083102159588366 0.013601427368041527
SN1999aa 256 246.191326864384 107.9821839706086 99.94142687870553 150.3465903289253 0.0143140729773179 0.022138687962759637
SN2003du 221 291.65452527754957 183.94487817558286 2091.444314179106 139.7275788867792 0.15253114569165308 0.1620180266817442
SN2003du 375 346.9120647543759 136.06953718481492 1664.3957633725838 704.9334157096595 0.1773526110605534 0.0553991307606809
SN2003gs 207 984.0945987006114 615.7512894327373 2208.34101731835 1181.3384748960652 0.25817481339063436 0.06022655826076414
SN2003hv 319 70.30313752665859 30.95614160279749 71.08050941898725 28.988868303449358 0.018269890415509412 0.008273546089058198
SN2004eo 227 124.51104694446597 60.014203781507454 133.68062162395884 182.67513809855944 0.035646666350547584 0.011587591007044082
SN2006X 276 99.19570945064798 28.052028771836326 81.8651962881979 26.025058423337523 0.02440595126430116 0.01354471065956986
SN2006X 359 123.41811511935641 56.885500262714835 160.19381098638527 49.88585604898151 0.03492589496512793 0.017566408293649086
SN2007af 303 145.44006991710398 43.33977050879593 216.30386692285578 137.8475926841759 0.020876918387209842 0.014194490389767766
SN2007le 306 399.31929130785767 95.00679824746236 524.4449331553127 367.8367700925751 0.04662495209047836 0.02862777427403531
SN2008Q 200 205.7309334676372 61.839707093290734 179.79009564546794 28.2188286205239 0.14357552486191041 0.07590397587564662
SN2011by 207 122.02359118378754 43.85548058611268 224.82210483209397 108.48201835364384 0.021799491375026302 0.00620179926324324
SN2011by 311 97.06153157855647 33.419338460509756 169.88484260703 67.29890236439074 0.018190962980810552 0.006725669499709123
SN2011fe 203 261.2771765922505 137.23900584374783 701.5047383313831 308.92640901907396 0.08399603231022766 0.013221936213870345
SN2011fe 224 150.55987104362333 64.02120989371173 209.04294237225406 139.7250060341224 0.020772876372395627 0.006566771291145598
SN2011fe 309 89.5813110523554 27.850051676592276 215.48337883666758 36.902965363685354 0.042136646717524845 0.009900018781832647
SN2011fe 345 1329.7897620552926 487.57512295428046 2562.0679725783875 44.94762024290316 0.29514410143740527 0.023367062177448442
SN2011fe 378 1316.5770824666015 500.5779379161467 2522.939740411966 78.39623272762273 0.4028972923887298 0.07155379549710553
SN2012cg 286 199.245150323239 98.52518971300545 1489.2168150820382 265.818261228002 0.12008399094250385 0.02244044817410206
SN2012cg 342 686.0200212843457 333.8766952056966 3729.980368739372 605.4342597919258 0.36465887124408697 0.09448664535297743
SN2011fe 345 1309.7095740818163 454.86080333700045 2058.0060176139677 427.49774774252285 0.298082782611202 0.07292706575868732
SN2011fe 309 922.7164002956987 433.93005513926596 2690.0089719859307 549.5760494493142 0.41238326650444135 0.06371685947166417
SN2011fe 378 1060.141614840319 401.675876943564 1787.6653375501078 361.66520741123776 0.2851042737201642 0.07510958005249505
SN2012hr 284 157.24402819891358 34.41900060938009 480.8661577027717 177.44209879097116 0.03841629374134406 0.01104618157352571
SN2019np 303 185.22259896239865 93.93387738420586 735.3527048844413 394.79367652646374 0.06985263475764453 0.011592735410684386
SN2013aa 205 86.11208000391747 32.2302968872291 1732.0854128541955 187.74625645293466 0.15491541316323323 0.03283367175901492
SN2013aa 353 117.79433756053697 55.76222641473682 1483.7309281403332 134.30645528420516 0.16279579453941978 0.037959022708211665
SN2013aa 400 429.6847858623329 217.29909186414778 2483.7691263619445 567.3589261913262 0.2829581651782366 0.057133570149483705
SN2013aa 426 595.9920943774531 345.93886868752264 2877.8522145193 418.6658649202492 0.3398578441402427 0.09774978675591588
SN2013cs 261 276.9188239519595 73.33409408993671 480.5596863990497 591.3662598936783 0.03253588932339054 0.16997624973360187
SN2013cs 303 89.79173044003561 12.979546381959592 148.28475096977607 43.116701690016384 0.01562706502612109 0.005517725584557617
SN2013dy 333 355.5717684061496 147.39973816805644 2216.831909480143 521.8065198175235 0.15354618859387237 0.022275705287062506
SN2013gy 275 882.6766249962456 320.97672356314007 2376.4525715859872 747.7896123757304 0.3324082356195571 0.06412305295243259
SN2014J 211 294.5940994594438 69.0993201926725 98.40126227566564 191.6297712525444 0.0512240225371152 0.024412669377479223
SN2014J 230 80.30523010065433 25.202568733242092 317.69771484478974 145.07882056907536 0.03535583810008294 0.01336448526277712
SN2014J 263 201.18598969587967 59.24079851508687 968.2891885503925 251.4589644790642 0.05628772016607381 0.023124436440230944
SN2014J 267 140.65287549334224 25.754827584955823 135.1172510201695 69.59819899005642 0.02758132214837357 0.00966895219758312
SN2014J 303 238.69435952400357 76.75965259646551 975.5818483455711 350.36646722177795 0.05911576632050071 0.06236418585054901
SN2014J 349 172.13541574949267 48.885963857556725 128.77979950142947 116.10576414702689 0.02975136955853297 0.012624548893706022
SN2014J 426 368.3960240398672 158.9392032420105 779.8089197816009 134.75322011453255 0.053964864430344796 0.03703165846496552
SN2015F 279 1477.681825345215 550.7938387787249 2145.441021647972 518.3586836378009 0.19685389233575298 0.032989388247871815
SN2017cbv 318 145.6198520009167 46.431720584753805 269.7293452336759 449.649500317232 0.03658993115370745 0.01257072049071545
SN2019np 303 180.71894279740133 88.50347443626895 713.2289575692233 375.5120059963905 0.06724717580691619 0.011959954304988363
SN2019np 367 241.41442477969605 69.13811773079023 230.5993957590297 150.54272250421062 0.022180018221073752 0.009236057346550456
ASASSN-14jg 221 362.6066903492054 190.71954542238117 2306.211846004059 1261.697984627324 0.09133456197497059 0.008826300249592125
ASASSN-14jg 267 312.53972082841 163.27590852661933 1831.7660774557273 1165.3724873467474 0.06758559580418062 0.1269001004385779
ASASSN-14jg 323 210.10597781210365 62.14854787307427 243.5073824355513 74.7063918072849 0.019644843906167272 0.012736592739799641
SN2011fe 309 433.0425423138073 172.50015033595392 492.59654808006195 219.75124174883481 0.05257920664141524 0.012230456512495748
SN2011fe 345 347.708660092249 142.0538258475465 497.3156564060825 172.10240849590065 0.05321680845441989 0.019354747647879547
SN2011fe 378 247.36146609706893 96.34281066861409 229.21608043956005 116.97194294838938 0.04356414772449546 0.021661088734036917
SN2013aa 400 124.83973447480501 48.08053325329086 278.80561608247325 107.20396026877754 0.021627199026168484 0.004423286329469083
SN2013aa 426 114.51976941710338 57.722978410085624 368.8742263722168 121.82379051940815 0.021166679716003427 0.007044309886552708
SN1990N 227 401.3643183944264 207.05129640045337 193.07234798073887 821.4380823311061 0.040577043058956805 0.03415776177665392
SN1990N 280 327.94116765706855 184.23050233354385 943.4951875012159 433.4343685131708 0.07672913367985128 0.025937831779010233
SN1990N 305 167.25980101911793 53.08623590955838 1637.8122937406845 411.6500104219943 0.11111475477459642 0.029995088639839382
SN2003gs 207 375.0573975306803 138.70634561270853 220.78853566376432 274.7174875670716 0.02642104037898703 45.199085054170865
SN2012cg 286 160.74511312098466 58.53184187578249 225.44274537706875 240.4385615859048 0.009233327471134908 0.005106837506463114
SN2012cg 342 144.28535539767662 67.27123194708746 320.35489059145084 133.51860920089152 0.02397485265809164 0.006041836092579698
SN2013dy 333 204.90340498221735 58.219370016071316 460.1111253541533 185.2843692126402 0.022904215412083668 0.005167538787488448
SN2013gy 275 580.34352976366 250.663593563154 1064.499543792217 557.3703578897286 0.09995595909935047 0.01672559541242679
ASASSN-14jg 221 128.48444542853932 52.603869871778976 567.238708356497 268.39898683799873 0.016777776247648372 0.007121573832136492
ASASSN-14jg 267 289.81917994984883 137.53523581661827 1584.9818201132073 883.3041058960162 0.04711883380800578 0.03208791445721004
ASASSN-14jg 323 198.948016707705 58.787267689995595 243.3502133640619 75.46346833933767 0.01923544955363773 0.01252690998455396
SN2003gs 207 339.6005152486012 134.6722640470218 150.5326823332083 162.60701098843342 0.024753673097514684 0.016925214771318326
SN2017fgc 384 2720.213279323463 1502.759264677607 3049.6338907557474 2562.0050704724513 0.3146431946933859 0.06640371853313795
SN2018oh 259 591.9628600794551 305.2224084958849 1613.3351537096207 1113.167941216095 0.22429468281156048 0.050180780305540885
SN2019ein 310 1443.7044280088423 572.3533533584284 681.9577076557689 248.73416656257783 0.14537252396933578 0.0529050721197016
SN2005cf 317 490.65270304677114 191.60465586858265 677.3832224269102 352.7251433899907 0.031305410497956376 0.015879371741202658
SN2002bo 311 398.8451739060911 106.08227783592196 377.29066125074337 111.06767650656964 0.20636529743062035 0.07948774935719184
SN2012hr 284 151.90010743005965 55.66859590655683 387.4275367469396 429.57615456004544 0.02299755712176572 0.009119584017686007
SN2012fr 221 257.35033577617475 61.50744504644181 245.11854847239252 128.0550578626687 0.020631889928409718 0.019773782043918445
SN2012fr 260 164.27006120086253 39.12636429337168 220.69387469563492 122.71975180467108 0.020000495078797316 0.01761797550326031
SN2012fr 339 171.48919337683668 67.66259484194062 211.84453007641247 72.27387204218957 0.026803896128661176 0.02046065247847967
SN2012fr 366 164.8736712109855 55.671938294261494 72.77351499396165 43.55081201495473 0.012929856907115053 0.01349355597553932
SN1993Z 212 294.9945733212179 160.54568822314198 561.5853287110187 248.04355839704954 0.053873437533183806 0.045274152587483754
SN2002er 213 976.831802350222 341.6215910638632 564.3653405262045 311.3756406670676 0.09885810076941814 0.05368708766805169
SN2003cg 384 674.6747959118168 352.66418661358045 2272.4621700879356 559.0007770197155 0.16372838861804945 0.0668404148400114
SN2003kf 300 361.40324368222537 136.35925166684063 429.4010145522289 279.9277878257868 0.019152295703289267 0.018945448418392297
