phase 340
delta 0.85 0.05
ebv 0.0177
Rv 3.1
redshift 0.004
flux_scale 1e16
resolution 4
vSi 11.90 0.10
3490.630935 0.0 0.0
3494.402622 3.00264e-18 3.00264e-18
3498.174308 -1.957149e-18 -1.957149e-18
3501.945995 2.085811e-17 2.085811e-17
3505.717682 2.044971e-17 2.044971e-17
3509.489368 1.04064e-16 1.04064e-16
3513.261055 -4.92175e-17 -4.92175e-17
3517.032741 1.212523e-16 1.212523e-16
3520.804428 -3.174579e-17 -3.174579e-17
3524.576115 1.583025e-16 1.583025e-16
3528.347801 6.865252e-17 6.865252e-17
3532.119488 -4.329585e-18 -4.329585e-18
3535.891174 -2.0596e-17 -2.0596e-17
3539.662861 4.770063e-17 4.770063e-17
3543.434548 4.295477e-17 4.295477e-17
3547.206234 3.837211e-17 3.837211e-17
3550.977921 6.041026e-17 6.041026e-17
3554.749607 -1.661175e-18 -1.661175e-18
3558.521294 -2.673702e-18 -2.673702e-18
3562.292981 -2.003699e-17 -2.003699e-17
3566.064667 5.497493e-17 5.497493e-17
3569.836354 9.995607e-17 9.995607e-17
3573.608040 1.705393e-16 1.705393e-16
3577.379727 1.487503e-17 1.487503e-17
3581.151414 4.347019e-17 4.347019e-17
3584.923100 6.84007e-18 6.84007e-18
3588.694787 4.573363e-17 4.573363e-17
3592.466473 1.036853e-16 1.036853e-16
3596.238160 1.253305e-16 1.253305e-16
3600.009847 -1.037512e-17 -1.037512e-17
3603.781533 8.197313e-17 8.197313e-17
3607.553220 -3.57032e-17 -3.57032e-17
3611.324906 -1.427511e-17 -1.427511e-17
3615.096593 5.729515e-17 5.729515e-17
3618.868280 -2.731435e-18 -2.731435e-18
3622.639966 -1.201388e-16 -1.201388e-16
3626.411653 -3.662372e-17 -3.662372e-17
3630.183339 1.041801e-16 1.041801e-16
3633.955026 -3.335836e-17 -3.335836e-17
3637.726713 -6.326449e-17 -6.326449e-17
3641.498399 -2.509282e-17 -2.509282e-17
3645.270086 4.145948e-17 4.145948e-17
3649.041772 4.496155e-17 4.496155e-17
3652.813459 1.34371e-16 1.34371e-16
3656.585146 1.741878e-17 1.741878e-17
3660.356832 7.555014e-18 7.555014e-18
3664.128519 -2.446199e-17 -2.446199e-17
3667.900205 4.361098e-17 4.361098e-17
3671.671892 -5.377139e-18 -5.377139e-18
3675.443579 1.9113e-17 1.9113e-17
3679.215265 8.343785e-17 8.343785e-17
3682.986952 -6.625721e-17 -6.625721e-17
3686.758638 -2.753468e-17 -2.753468e-17
3690.530325 5.658089e-17 5.658089e-17
3694.302012 2.698072e-17 2.698072e-17
3698.073698 6.652112e-17 6.652112e-17
3701.845385 6.716452e-17 6.716452e-17
3705.617071 -2.74009e-17 -2.74009e-17
3709.388758 4.494463e-17 4.494463e-17
3713.160445 4.361031e-18 4.361031e-18
3716.932131 -6.928885e-18 -6.928885e-18
3720.703818 -7.715955e-18 -7.715955e-18
3724.475504 5.467019e-17 5.467019e-17
3728.247191 5.058937e-17 5.058937e-17
3732.018878 1.28578e-17 1.28578e-17
3735.790564 -2.502947e-17 -2.502947e-17
3739.562251 3.986084e-17 3.986084e-17
3743.333937 9.055121e-18 9.055121e-18
3747.105624 1.43731e-17 1.43731e-17
3750.877311 2.125525e-17 2.125525e-17
3754.648997 5.064439e-17 5.064439e-17
3758.420684 7.601847e-18 7.601847e-18
3762.192370 2.810162e-17 2.810162e-17
3765.964057 1.775926e-17 1.775926e-17
3769.735744 5.518726e-17 5.518726e-17
3773.507430 1.32832e-17 1.32832e-17
3777.279117 -8.004412e-18 -8.004412e-18
3781.050803 1.48603e-17 1.48603e-17
3784.822490 5.947315e-17 5.947315e-17
3788.594177 9.091365e-18 9.091365e-18
3792.365863 3.567419e-17 3.567419e-17
3796.137550 3.562589e-17 3.562589e-17
3799.909236 5.932208e-18 5.932208e-18
3803.680923 9.13499e-18 9.13499e-18
3807.452610 -1.335603e-18 -1.335603e-18
3811.224296 -8.647205e-18 -8.647205e-18
3814.995983 3.037321e-17 3.037321e-17
3818.767669 4.455888e-17 4.455888e-17
3822.539356 -3.628149e-18 -3.628149e-18
3826.311042 1.351244e-17 1.351244e-17
3830.082729 9.111933e-18 9.111933e-18
3833.854416 7.415897e-18 7.415897e-18
3837.626102 2.068312e-17 2.068312e-17
3841.397789 3.547831e-17 3.547831e-17
3845.169475 4.263512e-17 4.263512e-17
3848.941162 3.761926e-17 3.761926e-17
3852.712849 2.752361e-17 2.752361e-17
3856.484535 -2.126729e-17 -2.126729e-17
3860.256222 3.025973e-17 3.025973e-17
3864.027908 2.04431e-17 2.04431e-17
3867.799595 7.116953e-17 7.116953e-17
3871.571282 6.495572e-17 6.495572e-17
3875.342968 1.383041e-17 1.383041e-17
3879.114655 5.779137e-17 5.779137e-17
3882.886341 4.012547e-17 4.012547e-17
3886.658028 1.966951e-17 1.966951e-17
3890.429715 2.119672e-17 2.119672e-17
3894.201401 4.888805e-17 4.888805e-17
3897.973088 3.41907e-17 3.41907e-17
3901.744774 3.336957e-17 3.336957e-17
3905.516461 2.094767e-17 2.094767e-17
3909.288148 8.349463e-18 8.349463e-18
3913.059834 -4.484475e-19 -4.484475e-19
3916.831521 3.10184e-17 3.10184e-17
3920.603207 9.86472e-18 9.86472e-18
3924.374894 2.667238e-17 2.667238e-17
3928.146581 4.622207e-17 4.622207e-17
3931.918267 3.086047e-17 3.086047e-17
3935.689954 3.016745e-17 3.016745e-17
3939.461640 -6.219755e-18 -6.219755e-18
3943.233327 3.415643e-17 3.415643e-17
3947.005014 2.642867e-17 2.642867e-17
3950.776700 5.46594e-17 5.46594e-17
3954.548387 4.898505e-17 4.898505e-17
3958.320073 3.638752e-17 3.638752e-17
3962.091760 4.418547e-17 4.418547e-17
3965.863447 2.860937e-17 2.860937e-17
3969.635133 4.536155e-17 4.536155e-17
3973.406820 4.909175e-17 4.909175e-17
3977.178506 6.457896e-17 6.457896e-17
3980.950193 5.269092e-17 5.269092e-17
3984.721880 2.645849e-18 2.645849e-18
3988.493566 1.212708e-17 1.212708e-17
3992.265253 4.161606e-17 4.161606e-17
3996.036939 1.153175e-17 1.153175e-17
3999.808626 2.331389e-17 2.331389e-17
4003.580313 1.804347e-17 1.804347e-17
4007.351999 4.553658e-17 4.553658e-17
4011.123686 4.299518e-17 4.299518e-17
4014.895372 1.804393e-17 1.804393e-17
4018.667059 4.922977e-17 4.922977e-17
4022.438746 1.189672e-17 1.189672e-17
4026.210432 1.545897e-17 1.545897e-17
4029.982119 5.244253e-17 5.244253e-17
4033.753805 -9.962594e-18 -9.962594e-18
4037.525492 3.508332e-17 3.508332e-17
4041.297179 1.948419e-17 1.948419e-17
4045.068865 3.627447e-17 3.627447e-17
4048.840552 4.047856e-17 4.047856e-17
4052.612238 2.826017e-17 2.826017e-17
4056.383925 4.869017e-17 4.869017e-17
4060.155612 6.751696e-17 6.751696e-17
4063.927298 3.296724e-17 3.296724e-17
4067.698985 4.686992e-17 4.686992e-17
4071.470671 4.900395e-17 4.900395e-17
4075.242358 3.698654e-17 3.698654e-17
4079.014045 1.33832e-17 1.33832e-17
4082.785731 3.385439e-17 3.385439e-17
4086.557418 3.439019e-17 3.439019e-17
4090.329104 3.920652e-17 3.920652e-17
4094.100791 2.373514e-17 2.373514e-17
4097.872478 2.644548e-17 2.644548e-17
4101.644164 1.332529e-17 1.332529e-17
4105.415851 1.006322e-17 1.006322e-17
4109.187537 3.113945e-17 3.113945e-17
4112.959224 4.31525e-17 4.31525e-17
4116.730911 2.381263e-17 2.381263e-17
4120.502597 4.484136e-17 4.484136e-17
4124.274284 3.782081e-17 3.782081e-17
4128.045970 1.845859e-17 1.845859e-17
4131.817657 2.673721e-17 2.673721e-17
4135.589344 3.36688e-17 3.36688e-17
4139.361030 1.500228e-17 1.500228e-17
4143.132717 3.868299e-17 3.868299e-17
4146.904403 3.534014e-17 3.534014e-17
4150.676090 3.883557e-17 3.883557e-17
4154.447777 2.435706e-17 2.435706e-17
4158.219463 2.740815e-17 2.740815e-17
4161.991150 1.30379e-17 1.30379e-17
4165.762836 3.514016e-17 3.514016e-17
4169.534523 3.26594e-17 3.26594e-17
4173.306210 2.662726e-17 2.662726e-17
4177.077896 9.617935e-18 9.617935e-18
4180.849583 2.264423e-17 2.264423e-17
4184.621269 3.499346e-17 3.499346e-17
4188.392956 3.232853e-17 3.232853e-17
4192.164643 3.925703e-17 3.925703e-17
4195.936329 2.94235e-17 2.94235e-17
4199.708016 3.313583e-17 3.313583e-17
4203.479702 1.374043e-17 1.374043e-17
4207.251389 3.906415e-17 3.906415e-17
4211.023076 3.947001e-17 3.947001e-17
4214.794762 2.530317e-17 2.530317e-17
4218.566449 3.152328e-17 3.152328e-17
4222.338135 2.018246e-17 2.018246e-17
4226.109822 4.885608e-17 4.885608e-17
4229.881509 4.026754e-17 4.026754e-17
4233.653195 2.940703e-17 2.940703e-17
4237.424882 1.473036e-17 1.473036e-17
4241.196568 2.409893e-17 2.409893e-17
4244.968255 4.41157e-17 4.41157e-17
4248.739942 4.727581e-17 4.727581e-17
4252.511628 4.14567e-17 4.14567e-17
4256.283315 5.560053e-17 5.560053e-17
4260.055001 3.312641e-17 3.312641e-17
4263.826688 4.154499e-17 4.154499e-17
4267.598375 3.561714e-17 3.561714e-17
4271.370061 4.780441e-17 4.780441e-17
4275.141748 5.172344e-17 5.172344e-17
4278.913434 3.930747e-17 3.930747e-17
4282.685121 6.007061e-17 6.007061e-17
4286.456808 5.832354e-17 5.832354e-17
4290.228494 6.477231e-17 6.477231e-17
4294.000181 6.586763e-17 6.586763e-17
4297.771867 6.025223e-17 6.025223e-17
4301.543554 6.523684e-17 6.523684e-17
4305.315241 6.327511e-17 6.327511e-17
4309.086927 6.589769e-17 6.589769e-17
4312.858614 6.764673e-17 6.764673e-17
4316.630300 6.703994e-17 6.703994e-17
4320.401987 7.843939e-17 7.843939e-17
4324.173674 7.570143e-17 7.570143e-17
4327.945360 6.52168e-17 6.52168e-17
4331.717047 6.703733e-17 6.703733e-17
4335.488733 7.628035e-17 7.628035e-17
4339.260420 7.470757e-17 7.470757e-17
4343.032107 5.340108e-17 5.340108e-17
4346.803793 5.636931e-17 5.636931e-17
4350.575480 7.655659e-17 7.655659e-17
4354.347166 4.777106e-17 4.777106e-17
4358.118853 6.750041e-17 6.750041e-17
4361.890540 6.101986e-17 6.101986e-17
4365.662226 7.081548e-17 7.081548e-17
4369.433913 7.498853e-17 7.498853e-17
4373.205599 6.186962e-17 6.186962e-17
4376.977286 6.736979e-17 6.736979e-17
4380.748973 7.006051e-17 7.006051e-17
4384.520659 7.087715e-17 7.087715e-17
4388.292346 8.174482e-17 8.174482e-17
4392.064032 6.775048e-17 6.775048e-17
4395.835719 8.067814e-17 8.067814e-17
4399.607406 7.071552e-17 7.071552e-17
4403.379092 6.548647e-17 6.548647e-17
4407.150779 7.768774e-17 7.768774e-17
4410.922465 7.573625e-17 7.573625e-17
4414.694152 6.857644e-17 6.857644e-17
4418.465839 7.542205e-17 7.542205e-17
4422.237525 6.667075e-17 6.667075e-17
4426.009212 7.028988e-17 7.028988e-17
4429.780898 7.480279e-17 7.480279e-17
4433.552585 6.746603e-17 6.746603e-17
4437.324271 7.120297e-17 7.120297e-17
4441.095958 7.585852e-17 7.585852e-17
4444.867645 7.318461e-17 7.318461e-17
4448.639331 5.682335e-17 5.682335e-17
4452.411018 7.69541e-17 7.69541e-17
4456.182704 6.795521e-17 6.795521e-17
4459.954391 7.024808e-17 7.024808e-17
4463.726078 7.952529e-17 7.952529e-17
4467.497764 7.290327e-17 7.290327e-17
4471.269451 5.93038e-17 5.93038e-17
4475.041137 6.888119e-17 6.888119e-17
4478.812824 6.359041e-17 6.359041e-17
4482.584511 6.003447e-17 6.003447e-17
4486.356197 5.88583e-17 5.88583e-17
4490.127884 6.78048e-17 6.78048e-17
4493.899570 6.793098e-17 6.793098e-17
4497.671257 6.132263e-17 6.132263e-17
4501.442944 6.90135e-17 6.90135e-17
4505.214630 6.574065e-17 6.574065e-17
4508.986317 7.998572e-17 7.998572e-17
4512.758003 5.750403e-17 5.750403e-17
4516.529690 6.653648e-17 6.653648e-17
4520.301377 5.741835e-17 5.741835e-17
4524.073063 7.292625e-17 7.292625e-17
4527.844750 6.958521e-17 6.958521e-17
4531.616436 6.988561e-17 6.988561e-17
4535.388123 7.650229e-17 7.650229e-17
4539.159810 7.047953e-17 7.047953e-17
4542.931496 7.720669e-17 7.720669e-17
4546.703183 6.061659e-17 6.061659e-17
4550.474869 8.419769e-17 8.419769e-17
4554.246556 8.054049e-17 8.054049e-17
4558.018243 9.190747e-17 9.190747e-17
4561.789929 8.264981e-17 8.264981e-17
4565.561616 8.267526e-17 8.267526e-17
4569.333302 9.717655e-17 9.717655e-17
4573.104989 1.250306e-16 1.250306e-16
4576.876676 1.025687e-16 1.025687e-16
4580.648362 1.020534e-16 1.020534e-16
4584.420049 1.058658e-16 1.058658e-16
4588.191735 1.309694e-16 1.309694e-16
4591.963422 9.81005e-17 9.81005e-17
4595.735109 1.145848e-16 1.145848e-16
4599.506795 1.117446e-16 1.117446e-16
4603.278482 1.305206e-16 1.305206e-16
4607.050168 1.293115e-16 1.293115e-16
4610.821855 1.327829e-16 1.327829e-16
4614.593542 1.411695e-16 1.411695e-16
4618.365228 1.216381e-16 1.216381e-16
4622.136915 1.581664e-16 1.581664e-16
4625.908601 1.558521e-16 1.558521e-16
4629.680288 1.488961e-16 1.488961e-16
4633.451975 1.529165e-16 1.529165e-16
4637.223661 1.503872e-16 1.503872e-16
4640.995348 1.541477e-16 1.541477e-16
4644.767034 1.660532e-16 1.660532e-16
4648.538721 1.473566e-16 1.473566e-16
4652.310408 1.583181e-16 1.583181e-16
4656.082094 1.752044e-16 1.752044e-16
4659.853781 1.684477e-16 1.684477e-16
4663.625467 1.783935e-16 1.783935e-16
4667.397154 1.712655e-16 1.712655e-16
4671.168841 1.795949e-16 1.795949e-16
4674.940527 1.800318e-16 1.800318e-16
4678.712214 1.867335e-16 1.867335e-16
4682.483900 1.729746e-16 1.729746e-16
4686.255587 1.908959e-16 1.908959e-16
4690.027274 1.839743e-16 1.839743e-16
4693.798960 2.038959e-16 2.038959e-16
4697.570647 1.717387e-16 1.717387e-16
4701.342333 1.804325e-16 1.804325e-16
4705.114020 1.888072e-16 1.888072e-16
4708.885707 1.948164e-16 1.948164e-16
4712.657393 1.83723e-16 1.83723e-16
4716.429080 1.86602e-16 1.86602e-16
4720.200766 1.929198e-16 1.929198e-16
4723.972453 1.710921e-16 1.710921e-16
4727.744140 1.888043e-16 1.888043e-16
4731.515826 1.899106e-16 1.899106e-16
4735.287513 1.888898e-16 1.888898e-16
4739.059199 1.723499e-16 1.723499e-16
4742.830886 1.662992e-16 1.662992e-16
4746.602573 1.778781e-16 1.778781e-16
4750.374259 2.055203e-16 2.055203e-16
4754.145946 1.753271e-16 1.753271e-16
4757.917632 1.756631e-16 1.756631e-16
4761.689319 1.951773e-16 1.951773e-16
4765.461006 1.750463e-16 1.750463e-16
4769.232692 1.758527e-16 1.758527e-16
4773.004379 1.729535e-16 1.729535e-16
4776.776065 1.723502e-16 1.723502e-16
4780.547752 1.610038e-16 1.610038e-16
4784.319439 1.548248e-16 1.548248e-16
4788.091125 1.613318e-16 1.613318e-16
4791.862812 1.603614e-16 1.603614e-16
4795.634498 1.660043e-16 1.660043e-16
4799.406185 1.580683e-16 1.580683e-16
4803.177872 1.577742e-16 1.577742e-16
4806.949558 1.28353e-16 1.28353e-16
4810.721245 1.335093e-16 1.335093e-16
4814.492931 1.317847e-16 1.317847e-16
4818.264618 1.193765e-16 1.193765e-16
4822.036305 1.142609e-16 1.142609e-16
4825.807991 1.192768e-16 1.192768e-16
4829.579678 1.209296e-16 1.209296e-16
4833.351364 1.146356e-16 1.146356e-16
4837.123051 1.095534e-16 1.095534e-16
4840.894738 9.891722e-17 9.891722e-17
4844.666424 9.763544e-17 9.763544e-17
4848.438111 8.834302e-17 8.834302e-17
4852.209797 9.439273e-17 9.439273e-17
4855.981484 8.328868e-17 8.328868e-17
4859.753171 8.59042e-17 8.59042e-17
4863.524857 8.779079e-17 8.779079e-17
4867.296544 8.185796e-17 8.185796e-17
4871.068230 8.456399e-17 8.456399e-17
4874.839917 8.138397e-17 8.138397e-17
4878.611604 8.10961e-17 8.10961e-17
4882.383290 7.418846e-17 7.418846e-17
4886.154977 8.091163e-17 8.091163e-17
4889.926663 8.271615e-17 8.271615e-17
4893.698350 7.878954e-17 7.878954e-17
4897.470037 8.028979e-17 8.028979e-17
4901.241723 9.035783e-17 9.035783e-17
4905.013410 7.879037e-17 7.879037e-17
4908.785096 7.401551e-17 7.401551e-17
4912.556783 7.569926e-17 7.569926e-17
4916.328470 6.309793e-17 6.309793e-17
4920.100156 7.430753e-17 7.430753e-17
4923.871843 7.922334e-17 7.922334e-17
4927.643529 7.156899e-17 7.156899e-17
4931.415216 7.021447e-17 7.021447e-17
4935.186903 6.845013e-17 6.845013e-17
4938.958589 7.210045e-17 7.210045e-17
4942.730276 7.157074e-17 7.157074e-17
4946.501962 6.181881e-17 6.181881e-17
4950.273649 6.910583e-17 6.910583e-17
4954.045336 7.917897e-17 7.917897e-17
4957.817022 6.842028e-17 6.842028e-17
4961.588709 6.922355e-17 6.922355e-17
4965.360395 7.576484e-17 7.576484e-17
4969.132082 7.624951e-17 7.624951e-17
4972.903769 8.490375e-17 8.490375e-17
4976.675455 7.179925e-17 7.179925e-17
4980.447142 7.194283e-17 7.194283e-17
4984.218828 8.01013e-17 8.01013e-17
4987.990515 8.496976e-17 8.496976e-17
4991.762202 6.819944e-17 6.819944e-17
4995.533888 7.456255e-17 7.456255e-17
4999.305575 7.363836e-17 7.363836e-17
5003.077261 8.057329e-17 8.057329e-17
5006.848948 7.079869e-17 7.079869e-17
5010.620635 6.5889e-17 6.5889e-17
5014.392321 7.95256e-17 7.95256e-17
5018.164008 7.275026e-17 7.275026e-17
5021.935694 6.998715e-17 6.998715e-17
5025.707381 8.011289e-17 8.011289e-17
5029.479067 7.138699e-17 7.138699e-17
5033.250754 7.094213e-17 7.094213e-17
5037.022441 6.777753e-17 6.777753e-17
5040.794127 7.162087e-17 7.162087e-17
5044.565814 5.976251e-17 5.976251e-17
5048.337500 5.523416e-17 5.523416e-17
5052.109187 6.521028e-17 6.521028e-17
5055.880874 6.028859e-17 6.028859e-17
5059.652560 6.296015e-17 6.296015e-17
5063.424247 6.836719e-17 6.836719e-17
5067.195933 6.196613e-17 6.196613e-17
5070.967620 5.314976e-17 5.314976e-17
5074.739307 5.798606e-17 5.798606e-17
5078.510993 6.636898e-17 6.636898e-17
5082.282680 6.12124e-17 6.12124e-17
5086.054366 5.684308e-17 5.684308e-17
5089.826053 6.753085e-17 6.753085e-17
5093.597740 5.262802e-17 5.262802e-17
5097.369426 5.966334e-17 5.966334e-17
5101.141113 6.365873e-17 6.365873e-17
5104.912799 5.483998e-17 5.483998e-17
5108.684486 6.536627e-17 6.536627e-17
5112.456173 5.956883e-17 5.956883e-17
5116.227859 5.635102e-17 5.635102e-17
5119.999546 5.608158e-17 5.608158e-17
5123.771232 5.790489e-17 5.790489e-17
5127.542919 5.655977e-17 5.655977e-17
5131.314606 5.682141e-17 5.682141e-17
5135.086292 4.737744e-17 4.737744e-17
5138.857979 5.643325e-17 5.643325e-17
5142.629665 5.42409e-17 5.42409e-17
5146.401352 5.83001e-17 5.83001e-17
5150.173039 5.828319e-17 5.828319e-17
5153.944725 6.061919e-17 6.061919e-17
5157.716412 6.280139e-17 6.280139e-17
5161.488098 5.866202e-17 5.866202e-17
5165.259785 6.197931e-17 6.197931e-17
5169.031472 6.300038e-17 6.300038e-17
5172.803158 6.219785e-17 6.219785e-17
5176.574845 5.948327e-17 5.948327e-17
5180.346531 7.115381e-17 7.115381e-17
5184.118218 7.270866e-17 7.270866e-17
5187.889905 7.56797e-17 7.56797e-17
5191.661591 7.328808e-17 7.328808e-17
5195.433278 7.798911e-17 7.798911e-17
5199.204964 8.405254e-17 8.405254e-17
5202.976651 8.003921e-17 8.003921e-17
5206.748338 8.242904e-17 8.242904e-17
5210.520024 7.713052e-17 7.713052e-17
5214.291711 8.237459e-17 8.237459e-17
5218.063397 7.525399e-17 7.525399e-17
5221.835084 8.558653e-17 8.558653e-17
5225.606771 9.569804e-17 9.569804e-17
5229.378457 8.299713e-17 8.299713e-17
5233.150144 9.429236e-17 9.429236e-17
5236.921830 9.844969e-17 9.844969e-17
5240.693517 9.498284e-17 9.498284e-17
5244.465204 9.466973e-17 9.466973e-17
5248.236890 8.866435e-17 8.866435e-17
5252.008577 1.013273e-16 1.013273e-16
5255.780263 9.980904e-17 9.980904e-17
5259.551950 1.112161e-16 1.112161e-16
5263.323637 1.067913e-16 1.067913e-16
5267.095323 8.807127e-17 8.807127e-17
5270.867010 9.309473e-17 9.309473e-17
5274.638696 1.042727e-16 1.042727e-16
5278.410383 1.054927e-16 1.054927e-16
5282.182070 1.015101e-16 1.015101e-16
5285.953756 1.050411e-16 1.050411e-16
5289.725443 1.104599e-16 1.104599e-16
5293.497129 9.960762e-17 9.960762e-17
5297.268816 1.093453e-16 1.093453e-16
5301.040503 9.827952e-17 9.827952e-17
5304.812189 9.931353e-17 9.931353e-17
5308.583876 1.053578e-16 1.053578e-16
5312.355562 1.045077e-16 1.045077e-16
5316.127249 1.007129e-16 1.007129e-16
5319.898936 1.06758e-16 1.06758e-16
5323.670622 1.061203e-16 1.061203e-16
5327.442309 1.141458e-16 1.141458e-16
5331.213995 1.107586e-16 1.107586e-16
5334.985682 1.034955e-16 1.034955e-16
5338.757369 9.92489e-17 9.92489e-17
5342.529055 1.012515e-16 1.012515e-16
5346.300742 9.10123e-17 9.10123e-17
5350.072428 9.843372e-17 9.843372e-17
5353.844115 1.010509e-16 1.010509e-16
5357.615802 9.104213e-17 9.104213e-17
5361.387488 8.98719e-17 8.98719e-17
5365.159175 8.813135e-17 8.813135e-17
5368.930861 9.637932e-17 9.637932e-17
5372.702548 8.669721e-17 8.669721e-17
5376.474235 8.030573e-17 8.030573e-17
5380.245921 8.047317e-17 8.047317e-17
5384.017608 7.919272e-17 7.919272e-17
5387.789294 7.918338e-17 7.918338e-17
5391.560981 8.255052e-17 8.255052e-17
5395.332668 7.402947e-17 7.402947e-17
5399.104354 9.156784e-17 9.156784e-17
5402.876041 6.887136e-17 6.887136e-17
5406.647727 7.041918e-17 7.041918e-17
5410.419414 6.907299e-17 6.907299e-17
5414.191101 6.644568e-17 6.644568e-17
5417.962787 6.208913e-17 6.208913e-17
5421.734474 5.293475e-17 5.293475e-17
5425.506160 5.832102e-17 5.832102e-17
5429.277847 5.341622e-17 5.341622e-17
5433.049534 4.14591e-17 4.14591e-17
5436.821220 4.892887e-17 4.892887e-17
5440.592907 5.445384e-17 5.445384e-17
5444.364593 3.918933e-17 3.918933e-17
5448.136280 3.379453e-17 3.379453e-17
5451.907967 2.995478e-17 2.995478e-17
5455.679653 3.536265e-17 3.536265e-17
5459.451340 3.489137e-17 3.489137e-17
5463.223026 3.547082e-17 3.547082e-17
5466.994713 2.725236e-17 2.725236e-17
5470.766400 2.990864e-17 2.990864e-17
5474.538086 3.432036e-17 3.432036e-17
5478.309773 2.503967e-17 2.503967e-17
5482.081459 2.993397e-17 2.993397e-17
5485.853146 2.157784e-17 2.157784e-17
5489.624833 2.718311e-17 2.718311e-17
5493.396519 3.2842e-17 3.2842e-17
5497.168206 2.74631e-17 2.74631e-17
5500.939892 2.418211e-17 2.418211e-17
5504.711579 3.063304e-17 3.063304e-17
5508.483266 2.994342e-17 2.994342e-17
5512.254952 2.666722e-17 2.666722e-17
5516.026639 2.724378e-17 2.724378e-17
5519.798325 2.568732e-17 2.568732e-17
5523.570012 2.544066e-17 2.544066e-17
5527.341699 1.730591e-17 1.730591e-17
5531.113385 1.96628e-17 1.96628e-17
5534.885072 2.443428e-17 2.443428e-17
5538.656758 2.718647e-17 2.718647e-17
5542.428445 2.682281e-17 2.682281e-17
5546.200132 2.416407e-17 2.416407e-17
5549.971818 2.791604e-17 2.791604e-17
5553.743505 2.504953e-17 2.504953e-17
5557.515191 2.882667e-17 2.882667e-17
5561.286878 2.605504e-17 2.605504e-17
5565.058565 2.689207e-17 2.689207e-17
5568.830251 1.246147e-17 1.246147e-17
5572.601938 1.629117e-17 1.629117e-17
5576.373624 3.619664e-17 3.619664e-17
5580.145311 1.293851e-17 1.293851e-17
5583.916998 1.778371e-17 1.778371e-17
5587.688684 1.774566e-17 1.774566e-17
5591.460371 1.605569e-17 1.605569e-17
5595.232057 1.479076e-17 1.479076e-17
5599.003744 1.702216e-17 1.702216e-17
5602.775431 1.442892e-17 1.442892e-17
5606.547117 2.690842e-17 2.690842e-17
5610.318804 1.771206e-17 1.771206e-17
5614.090490 1.76678e-17 1.76678e-17
5617.862177 1.78471e-17 1.78471e-17
5621.633864 1.059642e-17 1.059642e-17
5625.405550 2.088635e-17 2.088635e-17
5629.177237 1.743652e-17 1.743652e-17
5632.948923 1.442463e-17 1.442463e-17
5636.720610 1.66513e-17 1.66513e-17
5640.492296 1.318763e-17 1.318763e-17
5644.263983 2.065098e-17 2.065098e-17
5648.035670 1.349988e-17 1.349988e-17
5651.807356 1.624697e-17 1.624697e-17
5655.579043 1.203971e-17 1.203971e-17
5659.350729 1.464398e-17 1.464398e-17
5663.122416 2.365777e-17 2.365777e-17
5666.894103 1.309064e-17 1.309064e-17
5670.665789 1.280156e-17 1.280156e-17
5674.437476 1.065258e-17 1.065258e-17
5678.209162 6.051685e-18 6.051685e-18
5681.980849 9.378182e-18 9.378182e-18
5685.752536 1.253015e-17 1.253015e-17
5689.524222 6.529984e-18 6.529984e-18
5693.295909 8.699474e-18 8.699474e-18
5697.067595 6.81545e-18 6.81545e-18
5700.839282 4.309355e-18 4.309355e-18
5704.610969 1.255737e-17 1.255737e-17
5708.382655 9.165421e-18 9.165421e-18
5712.154342 1.358746e-17 1.358746e-17
5715.926028 7.66238e-18 7.66238e-18
5719.697715 1.118527e-17 1.118527e-17
5723.469402 4.401902e-18 4.401902e-18
5727.241088 8.109582e-18 8.109582e-18
5731.012775 1.200683e-17 1.200683e-17
5734.784461 1.255144e-18 1.255144e-18
5738.556148 1.836681e-18 1.836681e-18
5742.327835 5.844489e-18 5.844489e-18
5746.099521 2.840181e-18 2.840181e-18
5749.871208 8.527849e-18 8.527849e-18
5753.642894 8.877413e-18 8.877413e-18
5757.414581 1.479451e-17 1.479451e-17
5761.186268 9.974733e-18 9.974733e-18
5764.957954 9.903757e-18 9.903757e-18
5768.729641 9.525773e-18 9.525773e-18
5772.501327 6.929265e-18 6.929265e-18
5776.273014 1.700516e-17 1.700516e-17
5780.044701 9.436591e-18 9.436591e-18
5783.816387 1.118189e-17 1.118189e-17
5787.588074 8.570311e-18 8.570311e-18
5791.359760 8.720594e-18 8.720594e-18
5795.131447 5.487165e-18 5.487165e-18
5798.903134 3.246111e-18 3.246111e-18
5802.674820 4.735677e-18 4.735677e-18
5806.446507 8.172695e-18 8.172695e-18
5810.218193 1.435147e-17 1.435147e-17
5813.989880 1.372447e-17 1.372447e-17
5817.761567 1.56864e-17 1.56864e-17
5821.533253 9.636783e-18 9.636783e-18
5825.304940 7.982682e-18 7.982682e-18
5829.076626 1.206559e-17 1.206559e-17
5832.848313 1.445323e-17 1.445323e-17
5836.620000 1.048774e-17 1.048774e-17
5840.391686 1.103878e-17 1.103878e-17
5844.163373 8.35156e-18 8.35156e-18
5847.935059 5.171479e-18 5.171479e-18
5851.706746 1.264378e-17 1.264378e-17
5855.478433 1.366461e-17 1.366461e-17
5859.250119 9.553472e-18 9.553472e-18
5863.021806 1.375792e-17 1.375792e-17
5866.793492 1.615304e-17 1.615304e-17
5870.565179 1.221658e-17 1.221658e-17
5874.336866 1.193457e-17 1.193457e-17
5878.108552 1.182361e-17 1.182361e-17
5881.880239 9.115817e-18 9.115817e-18
5885.651925 1.163639e-17 1.163639e-17
5889.423612 6.622833e-18 6.622833e-18
5893.195299 1.289794e-17 1.289794e-17
5896.966985 1.656567e-17 1.656567e-17
5900.738672 1.600072e-17 1.600072e-17
5904.510358 1.315136e-17 1.315136e-17
5908.282045 1.446283e-17 1.446283e-17
5912.053732 7.409651e-18 7.409651e-18
5915.825418 1.034608e-17 1.034608e-17
5919.597105 1.455551e-17 1.455551e-17
5923.368791 1.537473e-17 1.537473e-17
5927.140478 2.204348e-17 2.204348e-17
5930.912165 1.552321e-17 1.552321e-17
5934.683851 1.176524e-17 1.176524e-17
5938.455538 1.511631e-17 1.511631e-17
5942.227224 9.402402e-18 9.402402e-18
5945.998911 1.223695e-17 1.223695e-17
5949.770598 1.237395e-17 1.237395e-17
5953.542284 5.254189e-18 5.254189e-18
5957.313971 1.365409e-17 1.365409e-17
5961.085657 1.189706e-17 1.189706e-17
5964.857344 1.935719e-17 1.935719e-17
5968.629031 1.188652e-17 1.188652e-17
5972.400717 8.811652e-18 8.811652e-18
5976.172404 1.477976e-17 1.477976e-17
5979.944090 7.919125e-18 7.919125e-18
5983.715777 1.365602e-17 1.365602e-17
5987.487464 1.172981e-17 1.172981e-17
5991.259150 1.121397e-17 1.121397e-17
5995.030837 1.085848e-17 1.085848e-17
5998.802523 1.993422e-17 1.993422e-17
6002.574210 1.324892e-17 1.324892e-17
6006.345897 1.081028e-17 1.081028e-17
6010.117583 1.105383e-17 1.105383e-17
6013.889270 1.219933e-17 1.219933e-17
6017.660956 9.046659e-18 9.046659e-18
6021.432643 1.103479e-17 1.103479e-17
6025.204330 6.587817e-18 6.587817e-18
6028.976016 8.763186e-18 8.763186e-18
6032.747703 8.767953e-18 8.767953e-18
6036.519389 1.033009e-17 1.033009e-17
6040.291076 9.429155e-18 9.429155e-18
6044.062763 1.412937e-17 1.412937e-17
6047.834449 6.101525e-18 6.101525e-18
6051.606136 1.157593e-17 1.157593e-17
6055.377822 1.122339e-17 1.122339e-17
6059.149509 5.737367e-18 5.737367e-18
6062.921196 3.947312e-18 3.947312e-18
6066.692882 4.772321e-18 4.772321e-18
6070.464569 8.935917e-18 8.935917e-18
6074.236255 7.452977e-18 7.452977e-18
6078.007942 8.948705e-18 8.948705e-18
6081.779629 1.680592e-18 1.680592e-18
6085.551315 6.117289e-18 6.117289e-18
6089.323002 4.862273e-18 4.862273e-18
6093.094688 8.245124e-18 8.245124e-18
6096.866375 8.513813e-18 8.513813e-18
6100.638062 6.721896e-18 6.721896e-18
6104.409748 4.744799e-18 4.744799e-18
6108.181435 3.286405e-18 3.286405e-18
6111.953121 4.71319e-18 4.71319e-18
6115.724808 4.555468e-18 4.555468e-18
6119.496495 4.363527e-18 4.363527e-18
6123.268181 6.460584e-18 6.460584e-18
6127.039868 3.75499e-18 3.75499e-18
6130.811554 9.330319e-18 9.330319e-18
6134.583241 8.041191e-18 8.041191e-18
6138.354928 2.631911e-18 2.631911e-18
6142.126614 5.413952e-18 5.413952e-18
6145.898301 8.746938e-18 8.746938e-18
6149.669987 3.647614e-19 3.647614e-19
6153.441674 5.766978e-18 5.766978e-18
6157.213361 8.893944e-18 8.893944e-18
6160.985047 9.527512e-18 9.527512e-18
6164.756734 5.783132e-18 5.783132e-18
6168.528420 4.783263e-18 4.783263e-18
6172.300107 5.670606e-18 5.670606e-18
6176.071794 2.731805e-18 2.731805e-18
6179.843480 5.857821e-18 5.857821e-18
6183.615167 6.319385e-18 6.319385e-18
6187.386853 4.529844e-18 4.529844e-18
6191.158540 8.042494e-18 8.042494e-18
6194.930227 5.670164e-18 5.670164e-18
6198.701913 2.810508e-18 2.810508e-18
6202.473600 5.873367e-18 5.873367e-18
6206.245286 1.078582e-17 1.078582e-17
6210.016973 7.767163e-18 7.767163e-18
6213.788660 6.275052e-18 6.275052e-18
6217.560346 5.928502e-18 5.928502e-18
6221.332033 7.77904e-18 7.77904e-18
6225.103719 5.734244e-18 5.734244e-18
6228.875406 9.108823e-18 9.108823e-18
6232.647092 6.971864e-18 6.971864e-18
6236.418779 8.768853e-18 8.768853e-18
6240.190466 6.226888e-18 6.226888e-18
6243.962152 2.658527e-18 2.658527e-18
6247.733839 6.45063e-18 6.45063e-18
6251.505525 3.345321e-18 3.345321e-18
6255.277212 6.675516e-18 6.675516e-18
6259.048899 7.891195e-18 7.891195e-18
6262.820585 8.466359e-18 8.466359e-18
6266.592272 6.176072e-18 6.176072e-18
6270.363958 1.132362e-17 1.132362e-17
6274.135645 7.139743e-18 7.139743e-18
6277.907332 1.890375e-18 1.890375e-18
6281.679018 2.729814e-18 2.729814e-18
6285.450705 -8.22815e-20 -8.22815e-20
6289.222391 3.200824e-18 3.200824e-18
6292.994078 5.81124e-18 5.81124e-18
6296.765765 2.159283e-18 2.159283e-18
6300.537451 1.019219e-17 1.019219e-17
6304.309138 2.773341e-18 2.773341e-18
6308.080824 1.116431e-17 1.116431e-17
6311.852511 6.250178e-18 6.250178e-18
6315.624198 7.336772e-18 7.336772e-18
6319.395884 1.01453e-17 1.01453e-17
6323.167571 4.447799e-18 4.447799e-18
6326.939257 5.684609e-18 5.684609e-18
6330.710944 4.176714e-18 4.176714e-18
6334.482631 5.216928e-18 5.216928e-18
6338.254317 4.506829e-18 4.506829e-18
6342.026004 8.862563e-18 8.862563e-18
6345.797690 8.337857e-18 8.337857e-18
6349.569377 2.662315e-18 2.662315e-18
6353.341064 6.106161e-18 6.106161e-18
6357.112750 3.161489e-18 3.161489e-18
6360.884437 6.794995e-18 6.794995e-18
6364.656123 5.638861e-18 5.638861e-18
6368.427810 2.026654e-18 2.026654e-18
6372.199497 8.445061e-18 8.445061e-18
6375.971183 4.982902e-18 4.982902e-18
6379.742870 8.154231e-18 8.154231e-18
6383.514556 4.153475e-18 4.153475e-18
6387.286243 5.687634e-18 5.687634e-18
6391.057930 2.961071e-18 2.961071e-18
6394.829616 4.606096e-18 4.606096e-18
6398.601303 6.635048e-18 6.635048e-18
6402.372989 4.219095e-18 4.219095e-18
6406.144676 7.37322e-18 7.37322e-18
6409.916363 1.28169e-19 1.28169e-19
6413.688049 3.941512e-18 3.941512e-18
6417.459736 6.375655e-18 6.375655e-18
6421.231422 6.013982e-18 6.013982e-18
6425.003109 5.810109e-18 5.810109e-18
6428.774796 7.98139e-18 7.98139e-18
6432.546482 5.94474e-18 5.94474e-18
6436.318169 4.395571e-18 4.395571e-18
6440.089855 5.032203e-18 5.032203e-18
6443.861542 8.487085e-18 8.487085e-18
6447.633229 8.013403e-18 8.013403e-18
6451.404915 4.995243e-18 4.995243e-18
6455.176602 5.867036e-18 5.867036e-18
6458.948288 5.660989e-18 5.660989e-18
6462.719975 1.11155e-17 1.11155e-17
6466.491662 9.2077e-18 9.2077e-18
6470.263348 6.98229e-18 6.98229e-18
6474.035035 7.988419e-18 7.988419e-18
6477.806721 7.521102e-18 7.521102e-18
6481.578408 6.550395e-18 6.550395e-18
6485.350095 7.16002e-18 7.16002e-18
6489.121781 1.063936e-17 1.063936e-17
6492.893468 9.764275e-18 9.764275e-18
6496.665154 1.090864e-17 1.090864e-17
6500.436841 1.394185e-17 1.394185e-17
6504.208528 1.304562e-17 1.304562e-17
6507.980214 9.655709e-18 9.655709e-18
6511.751901 9.517949e-18 9.517949e-18
6515.523587 8.030067e-18 8.030067e-18
6519.295274 1.023696e-17 1.023696e-17
6523.066961 1.098028e-17 1.098028e-17
6526.838647 1.128579e-17 1.128579e-17
6530.610334 9.329936e-18 9.329936e-18
6534.382020 1.254278e-17 1.254278e-17
6538.153707 1.228701e-17 1.228701e-17
6541.925394 1.128025e-17 1.128025e-17
6545.697080 1.413108e-17 1.413108e-17
6549.468767 1.318029e-17 1.318029e-17
6553.240453 1.222733e-17 1.222733e-17
6557.012140 1.295003e-17 1.295003e-17
6560.783827 1.149883e-17 1.149883e-17
6564.555513 1.110646e-17 1.110646e-17
6568.327200 1.076081e-17 1.076081e-17
6572.098886 1.096866e-17 1.096866e-17
6575.870573 1.275783e-17 1.275783e-17
6579.642260 1.129507e-17 1.129507e-17
6583.413946 1.265308e-17 1.265308e-17
6587.185633 1.190473e-17 1.190473e-17
6590.957319 9.826533e-18 9.826533e-18
6594.729006 8.633072e-18 8.633072e-18
6598.500693 9.387426e-18 9.387426e-18
6602.272379 1.037516e-17 1.037516e-17
6606.044066 1.196232e-17 1.196232e-17
6609.815752 1.08775e-17 1.08775e-17
6613.587439 9.327226e-18 9.327226e-18
6617.359126 1.081623e-17 1.081623e-17
6621.130812 1.517135e-17 1.517135e-17
6624.902499 1.353967e-17 1.353967e-17
6628.674185 1.536955e-17 1.536955e-17
6632.445872 1.402673e-17 1.402673e-17
6636.217559 1.311989e-17 1.311989e-17
6639.989245 1.401813e-17 1.401813e-17
6643.760932 1.052923e-17 1.052923e-17
6647.532618 8.697976e-18 8.697976e-18
6651.304305 8.008989e-18 8.008989e-18
6655.075992 1.06033e-17 1.06033e-17
6658.847678 1.265051e-17 1.265051e-17
6662.619365 1.441171e-17 1.441171e-17
6666.391051 1.351301e-17 1.351301e-17
6670.162738 9.310374e-18 9.310374e-18
6673.934425 1.231086e-17 1.231086e-17
6677.706111 8.294134e-18 8.294134e-18
6681.477798 9.114909e-18 9.114909e-18
6685.249484 1.119976e-17 1.119976e-17
6689.021171 9.06583e-18 9.06583e-18
6692.792858 1.080774e-17 1.080774e-17
6696.564544 8.694047e-18 8.694047e-18
6700.336231 1.145851e-17 1.145851e-17
6704.107917 1.272066e-17 1.272066e-17
6707.879604 9.701756e-18 9.701756e-18
6711.651291 8.212424e-18 8.212424e-18
6715.422977 7.97198e-18 7.97198e-18
6719.194664 8.856501e-18 8.856501e-18
6722.966350 6.786147e-18 6.786147e-18
6726.738037 2.31172e-18 2.31172e-18
6730.509724 1.006073e-17 1.006073e-17
6734.281410 6.221654e-18 6.221654e-18
6738.053097 5.459949e-18 5.459949e-18
6741.824783 1.036313e-17 1.036313e-17
6745.596470 9.586587e-18 9.586587e-18
6749.368157 9.260945e-18 9.260945e-18
6753.139843 9.846883e-18 9.846883e-18
6756.911530 3.892166e-18 3.892166e-18
6760.683216 1.079407e-17 1.079407e-17
6764.454903 8.686068e-18 8.686068e-18
6768.226590 9.016383e-18 9.016383e-18
6771.998276 7.33785e-18 7.33785e-18
6775.769963 5.864691e-18 5.864691e-18
6779.541649 5.72445e-18 5.72445e-18
6783.313336 6.091854e-18 6.091854e-18
6787.085023 5.698542e-18 5.698542e-18
6790.856709 6.424312e-18 6.424312e-18
6794.628396 5.189521e-18 5.189521e-18
6798.400082 7.591849e-18 7.591849e-18
6802.171769 6.01679e-18 6.01679e-18
6805.943456 7.062142e-18 7.062142e-18
6809.715142 3.855199e-18 3.855199e-18
6813.486829 7.620977e-18 7.620977e-18
6817.258515 5.674991e-18 5.674991e-18
6821.030202 1.683859e-18 1.683859e-18
6824.801889 5.717711e-18 5.717711e-18
6828.573575 3.478236e-18 3.478236e-18
6832.345262 4.431116e-18 4.431116e-18
6836.116948 6.101482e-18 6.101482e-18
6839.888635 5.748173e-18 5.748173e-18
6843.660321 2.855052e-18 2.855052e-18
6847.432008 7.375331e-18 7.375331e-18
6851.203695 7.668201e-18 7.668201e-18
6854.975381 1.07791e-17 1.07791e-17
6858.747068 8.450941e-18 8.450941e-18
6862.518754 5.525057e-18 5.525057e-18
6866.290441 4.46374e-18 4.46374e-18
6870.062128 -1.612268e-19 -1.612268e-19
6873.833814 6.276698e-18 6.276698e-18
6877.605501 5.806921e-18 5.806921e-18
6881.377187 9.366023e-18 9.366023e-18
6885.148874 7.21866e-18 7.21866e-18
6888.920561 3.297452e-18 3.297452e-18
6892.692247 3.205036e-18 3.205036e-18
6896.463934 5.700295e-18 5.700295e-18
6900.235620 6.584463e-18 6.584463e-18
6904.007307 8.784872e-18 8.784872e-18
6907.778994 7.826432e-18 7.826432e-18
6911.550680 9.884089e-18 9.884089e-18
6915.322367 1.127975e-17 1.127975e-17
6919.094053 4.754395e-18 4.754395e-18
6922.865740 7.628735e-18 7.628735e-18
6926.637427 4.475497e-18 4.475497e-18
6930.409113 9.06375e-18 9.06375e-18
6934.180800 8.032378e-18 8.032378e-18
6937.952486 4.154521e-18 4.154521e-18
6941.724173 7.388415e-18 7.388415e-18
6945.495860 1.146e-17 1.146e-17
6949.267546 1.076501e-17 1.076501e-17
6953.039233 7.491746e-18 7.491746e-18
6956.810919 6.086144e-18 6.086144e-18
6960.582606 9.03149e-18 9.03149e-18
6964.354293 1.041194e-17 1.041194e-17
6968.125979 1.064898e-17 1.064898e-17
6971.897666 8.309098e-18 8.309098e-18
6975.669352 8.066772e-18 8.066772e-18
6979.441039 1.117772e-17 1.117772e-17
6983.212726 1.117234e-17 1.117234e-17
6986.984412 8.611476e-18 8.611476e-18
6990.756099 7.606213e-18 7.606213e-18
6994.527785 1.082354e-17 1.082354e-17
6998.299472 7.883376e-18 7.883376e-18
7002.071159 7.932247e-18 7.932247e-18
7005.842845 1.006006e-17 1.006006e-17
7009.614532 1.072004e-17 1.072004e-17
7013.386218 6.042964e-18 6.042964e-18
7017.157905 7.288168e-18 7.288168e-18
7020.929592 1.098394e-17 1.098394e-17
7024.701278 8.382219e-18 8.382219e-18
7028.472965 1.006066e-17 1.006066e-17
7032.244651 9.013739e-18 9.013739e-18
7036.016338 1.4946e-17 1.4946e-17
7039.788025 7.180543e-18 7.180543e-18
7043.559711 1.346873e-17 1.346873e-17
7047.331398 8.713837e-18 8.713837e-18
7051.103084 6.573111e-18 6.573111e-18
7054.874771 1.236836e-17 1.236836e-17
7058.646458 9.507983e-18 9.507983e-18
7062.418144 9.253184e-18 9.253184e-18
7066.189831 1.119579e-17 1.119579e-17
7069.961517 1.141912e-17 1.141912e-17
7073.733204 1.2501e-17 1.2501e-17
7077.504891 1.183447e-17 1.183447e-17
7081.276577 9.567405e-18 9.567405e-18
7085.048264 1.130694e-17 1.130694e-17
7088.819950 1.224704e-17 1.224704e-17
7092.591637 9.622965e-18 9.622965e-18
7096.363324 1.225439e-17 1.225439e-17
7100.135010 1.280303e-17 1.280303e-17
7103.906697 1.650238e-17 1.650238e-17
7107.678383 1.283432e-17 1.283432e-17
7111.450070 1.539168e-17 1.539168e-17
7115.221757 1.45001e-17 1.45001e-17
7118.993443 1.661084e-17 1.661084e-17
7122.765130 1.488069e-17 1.488069e-17
7126.536816 1.962364e-17 1.962364e-17
7130.308503 2.070522e-17 2.070522e-17
7134.080190 2.016385e-17 2.016385e-17
7137.851876 2.018382e-17 2.018382e-17
7141.623563 2.006668e-17 2.006668e-17
7145.395249 2.636581e-17 2.636581e-17
7149.166936 2.068716e-17 2.068716e-17
7152.938623 2.522631e-17 2.522631e-17
7156.710309 2.721529e-17 2.721529e-17
7160.481996 2.651574e-17 2.651574e-17
7164.253682 2.638944e-17 2.638944e-17
7168.025369 2.163884e-17 2.163884e-17
7171.797056 2.59738e-17 2.59738e-17
7175.568742 2.771556e-17 2.771556e-17
7179.340429 3.026947e-17 3.026947e-17
7183.112115 3.053908e-17 3.053908e-17
7186.883802 2.539486e-17 2.539486e-17
7190.655489 2.848856e-17 2.848856e-17
7194.427175 2.796735e-17 2.796735e-17
7198.198862 3.220989e-17 3.220989e-17
7201.970548 2.919621e-17 2.919621e-17
7205.742235 3.346854e-17 3.346854e-17
7209.513922 3.276518e-17 3.276518e-17
7213.285608 3.384337e-17 3.384337e-17
7217.057295 3.704519e-17 3.704519e-17
7220.828981 3.693845e-17 3.693845e-17
7224.600668 3.325674e-17 3.325674e-17
7228.372355 3.607161e-17 3.607161e-17
7232.144041 3.544136e-17 3.544136e-17
7235.915728 2.928243e-17 2.928243e-17
7239.687414 3.415624e-17 3.415624e-17
7243.459101 3.31864e-17 3.31864e-17
7247.230788 3.311532e-17 3.311532e-17
7251.002474 3.201732e-17 3.201732e-17
7254.774161 3.255011e-17 3.255011e-17
7258.545847 3.280482e-17 3.280482e-17
7262.317534 2.971858e-17 2.971858e-17
7266.089221 3.542034e-17 3.542034e-17
7269.860907 3.486558e-17 3.486558e-17
7273.632594 2.984203e-17 2.984203e-17
7277.404280 3.366208e-17 3.366208e-17
7281.175967 3.137794e-17 3.137794e-17
7284.947654 3.296176e-17 3.296176e-17
7288.719340 2.193533e-17 2.193533e-17
7292.491027 2.801126e-17 2.801126e-17
7296.262713 2.438063e-17 2.438063e-17
7300.034400 3.316961e-17 3.316961e-17
7303.806087 2.59978e-17 2.59978e-17
7307.577773 3.143604e-17 3.143604e-17
7311.349460 2.72952e-17 2.72952e-17
7315.121146 2.80555e-17 2.80555e-17
7318.892833 2.340686e-17 2.340686e-17
7322.664520 2.740325e-17 2.740325e-17
7326.436206 2.592629e-17 2.592629e-17
7330.207893 2.924155e-17 2.924155e-17
7333.979579 2.652381e-17 2.652381e-17
7337.751266 2.76754e-17 2.76754e-17
7341.522953 2.321442e-17 2.321442e-17
7345.294639 2.187915e-17 2.187915e-17
7349.066326 2.200723e-17 2.200723e-17
7352.838012 2.158292e-17 2.158292e-17
7356.609699 2.553804e-17 2.553804e-17
7360.381386 2.501214e-17 2.501214e-17
7364.153072 1.671027e-17 1.671027e-17
7367.924759 2.152232e-17 2.152232e-17
7371.696445 1.31443e-17 1.31443e-17
7375.468132 9.622313e-18 9.622313e-18
7379.239819 2.078858e-17 2.078858e-17
7383.011505 1.911547e-17 1.911547e-17
7386.783192 1.665313e-17 1.665313e-17
7390.554878 2.032118e-17 2.032118e-17
7394.326565 1.820177e-17 1.820177e-17
7398.098252 2.100156e-17 2.100156e-17
7401.869938 1.760492e-17 1.760492e-17
7405.641625 1.881116e-17 1.881116e-17
7409.413311 2.5236e-17 2.5236e-17
7413.184998 2.088804e-17 2.088804e-17
7416.956685 2.662856e-17 2.662856e-17
7420.728371 2.655919e-17 2.655919e-17
7424.500058 3.402025e-17 3.402025e-17
7428.271744 2.611226e-17 2.611226e-17
7432.043431 1.628981e-17 1.628981e-17
7435.815117 2.366356e-17 2.366356e-17
7439.586804 2.716661e-17 2.716661e-17
7443.358491 2.789e-17 2.789e-17
7447.130177 3.334812e-17 3.334812e-17
7450.901864 3.598941e-17 3.598941e-17
7454.673550 2.630742e-17 2.630742e-17
7458.445237 2.883943e-17 2.883943e-17
7462.216924 2.289472e-17 2.289472e-17
7465.988610 2.660317e-17 2.660317e-17
7469.760297 3.208855e-17 3.208855e-17
7473.531983 3.599447e-17 3.599447e-17
7477.303670 3.628856e-17 3.628856e-17
7481.075357 2.802353e-17 2.802353e-17
7484.847043 2.903648e-17 2.903648e-17
7488.618730 2.790788e-17 2.790788e-17
7492.390416 3.56237e-17 3.56237e-17
7496.162103 3.308261e-17 3.308261e-17
7499.933790 2.84266e-17 2.84266e-17
7503.705476 2.586751e-17 2.586751e-17
7507.477163 2.649457e-17 2.649457e-17
7511.248849 2.329434e-17 2.329434e-17
7515.020536 3.093336e-17 3.093336e-17
7518.792223 2.415388e-17 2.415388e-17
7522.563909 2.85576e-17 2.85576e-17
7526.335596 2.259336e-17 2.259336e-17
7530.107282 2.628977e-17 2.628977e-17
7533.878969 3.078042e-17 3.078042e-17
7537.650656 2.714294e-17 2.714294e-17
7541.422342 1.758657e-17 1.758657e-17
7545.194029 2.207056e-17 2.207056e-17
7548.965715 2.358664e-17 2.358664e-17
7552.737402 2.956375e-17 2.956375e-17
7556.509089 2.090668e-17 2.090668e-17
7560.280775 1.835275e-17 1.835275e-17
7564.052462 2.439323e-17 2.439323e-17
7567.824148 2.197111e-17 2.197111e-17
7571.595835 2.297653e-17 2.297653e-17
7575.367522 1.436983e-17 1.436983e-17
7579.139208 2.123915e-17 2.123915e-17
7582.910895 1.823927e-17 1.823927e-17
7586.682581 1.994825e-17 1.994825e-17
7590.454268 1.304128e-17 1.304128e-17
7594.225955 1.320522e-17 1.320522e-17
7597.997641 9.201974e-18 9.201974e-18
7601.769328 7.604232e-18 7.604232e-18
7605.541014 4.024606e-18 4.024606e-18
7609.312701 3.828418e-18 3.828418e-18
7613.084388 8.125055e-18 8.125055e-18
7616.856074 9.011627e-18 9.011627e-18
7620.627761 1.13071e-17 1.13071e-17
7624.399447 5.488755e-18 5.488755e-18
7628.171134 1.201116e-17 1.201116e-17
7631.942821 9.175605e-18 9.175605e-18
7635.714507 9.952308e-18 9.952308e-18
7639.486194 1.038123e-17 1.038123e-17
7643.257880 8.774296e-18 8.774296e-18
7647.029567 5.665093e-18 5.665093e-18
7650.801254 4.925677e-18 4.925677e-18
7654.572940 7.8367e-18 7.8367e-18
7658.344627 1.07687e-17 1.07687e-17
7662.116313 8.503609e-18 8.503609e-18
7665.888000 7.271855e-18 7.271855e-18
7669.659687 1.196496e-17 1.196496e-17
7673.431373 6.223915e-18 6.223915e-18
7677.203060 7.350226e-18 7.350226e-18
7680.974746 8.552785e-18 8.552785e-18
7684.746433 1.163238e-17 1.163238e-17
7688.518120 6.197458e-18 6.197458e-18
7692.289806 6.832541e-18 6.832541e-18
7696.061493 1.327643e-17 1.327643e-17
7699.833179 9.61171e-18 9.61171e-18
7703.604866 7.650665e-18 7.650665e-18
7707.376553 3.270483e-18 3.270483e-18
7711.148239 1.107263e-17 1.107263e-17
7714.919926 1.480502e-17 1.480502e-17
7718.691612 1.255857e-17 1.255857e-17
7722.463299 9.164309e-18 9.164309e-18
7726.234986 1.885122e-17 1.885122e-17
7730.006672 6.638604e-18 6.638604e-18
7733.778359 1.369252e-17 1.369252e-17
7737.550045 9.364867e-18 9.364867e-18
7741.321732 1.074695e-17 1.074695e-17
7745.093419 4.076627e-18 4.076627e-18
7748.865105 1.06396e-17 1.06396e-17
7752.636792 8.672622e-18 8.672622e-18
7756.408478 1.054377e-17 1.054377e-17
7760.180165 1.39047e-17 1.39047e-17
7763.951852 1.579511e-17 1.579511e-17
7767.723538 1.094422e-17 1.094422e-17
7771.495225 7.676127e-18 7.676127e-18
7775.266911 3.235069e-18 3.235069e-18
7779.038598 1.199154e-17 1.199154e-17
7782.810285 1.176241e-17 1.176241e-17
7786.581971 1.14514e-17 1.14514e-17
7790.353658 1.133974e-17 1.133974e-17
7794.125344 2.491897e-17 2.491897e-17
7797.897031 2.450948e-18 2.450948e-18
7801.668718 8.669209e-18 8.669209e-18
7805.440404 1.668862e-18 1.668862e-18
7809.212091 9.121367e-18 9.121367e-18
7812.983777 1.312825e-17 1.312825e-17
7816.755464 3.204725e-18 3.204725e-18
7820.527151 9.183274e-18 9.183274e-18
7824.298837 5.291992e-18 5.291992e-18
7828.070524 1.23737e-17 1.23737e-17
7831.842210 6.694101e-18 6.694101e-18
7835.613897 8.244967e-18 8.244967e-18
7839.385584 1.293269e-17 1.293269e-17
7843.157270 1.36548e-17 1.36548e-17
7846.928957 5.304335e-18 5.304335e-18
7850.700643 9.238294e-18 9.238294e-18
7854.472330 2.00606e-17 2.00606e-17
7858.244017 5.597494e-18 5.597494e-18
7862.015703 7.018767e-18 7.018767e-18
7865.787390 3.819329e-18 3.819329e-18
7869.559076 1.306776e-17 1.306776e-17
7873.330763 1.333631e-17 1.333631e-17
7877.102450 4.220604e-18 4.220604e-18
7880.874136 1.000495e-17 1.000495e-17
7884.645823 2.355568e-18 2.355568e-18
7888.417509 1.036696e-17 1.036696e-17
7892.189196 3.501599e-18 3.501599e-18
7895.960883 7.075845e-18 7.075845e-18
7899.732569 7.549994e-18 7.549994e-18
7903.504256 2.469267e-18 2.469267e-18
7907.275942 8.23999e-18 8.23999e-18
7911.047629 1.053207e-17 1.053207e-17
7914.819316 1.053795e-17 1.053795e-17
7918.591002 6.164623e-18 6.164623e-18
7922.362689 1.037033e-17 1.037033e-17
7926.134375 5.950195e-18 5.950195e-18
7929.906062 7.633707e-18 7.633707e-18
7933.677749 1.20309e-17 1.20309e-17
7937.449435 3.671055e-18 3.671055e-18
7941.221122 1.360498e-18 1.360498e-18
7944.992808 8.250549e-18 8.250549e-18
7948.764495 8.353903e-18 8.353903e-18
7952.536182 1.014132e-17 1.014132e-17
7956.307868 5.630104e-18 5.630104e-18
7960.079555 4.223148e-18 4.223148e-18
7963.851241 1.212298e-17 1.212298e-17
7967.622928 5.855124e-18 5.855124e-18
7971.394615 4.999635e-18 4.999635e-18
7975.166301 7.730644e-18 7.730644e-18
7978.937988 9.231721e-18 9.231721e-18
7982.709674 2.395602e-18 2.395602e-18
7986.481361 -3.773809e-18 -3.773809e-18
7990.253048 1.21911e-17 1.21911e-17
7994.024734 1.312618e-17 1.312618e-17
7997.796421 -9.934068e-19 -9.934068e-19
8001.568107 -3.505594e-18 -3.505594e-18
8005.339794 7.403707e-19 7.403707e-19
8009.111481 8.524693e-18 8.524693e-18
8012.883167 3.972001e-18 3.972001e-18
8016.654854 1.127633e-17 1.127633e-17
8020.426540 2.225139e-18 2.225139e-18
8024.198227 3.866892e-18 3.866892e-18
8027.969914 1.881608e-18 1.881608e-18
8031.741600 1.840016e-19 1.840016e-19
8035.513287 6.162661e-18 6.162661e-18
8039.284973 7.593754e-18 7.593754e-18
8043.056660 4.115521e-18 4.115521e-18
8046.828346 1.043433e-17 1.043433e-17
8050.600033 1.264463e-17 1.264463e-17
8054.371720 -3.829705e-18 -3.829705e-18
8058.143406 5.666566e-19 5.666566e-19
8061.915093 7.467499e-18 7.467499e-18
8065.686779 5.577206e-18 5.577206e-18
8069.458466 7.970536e-18 7.970536e-18
8073.230153 1.090108e-17 1.090108e-17
8077.001839 1.021758e-17 1.021758e-17
8080.773526 2.718006e-18 2.718006e-18
8084.545212 1.338514e-17 1.338514e-17
8088.316899 1.504274e-18 1.504274e-18
8092.088586 1.044515e-17 1.044515e-17
8095.860272 1.044492e-17 1.044492e-17
8099.631959 -4.261555e-19 -4.261555e-19
8103.403645 4.358756e-18 4.358756e-18
8107.175332 4.957214e-18 4.957214e-18
8110.947019 4.835999e-18 4.835999e-18
8114.718705 2.564323e-19 2.564323e-19
8118.490392 1.592995e-18 1.592995e-18
8122.262078 4.612417e-18 4.612417e-18
8126.033765 2.207892e-18 2.207892e-18
8129.805452 4.860467e-18 4.860467e-18
8133.577138 6.065233e-19 6.065233e-19
8137.348825 2.236745e-18 2.236745e-18
8141.120511 5.138105e-18 5.138105e-18
8144.892198 4.599639e-18 4.599639e-18
8148.663885 1.060287e-18 1.060287e-18
8152.435571 2.739674e-18 2.739674e-18
8156.207258 3.512048e-18 3.512048e-18
8159.978944 3.884447e-18 3.884447e-18
8163.750631 -3.245935e-18 -3.245935e-18
8167.522318 8.5205e-18 8.5205e-18
8171.294004 7.800379e-18 7.800379e-18
8175.065691 -4.959835e-19 -4.959835e-19
8178.837377 1.394686e-18 1.394686e-18
8182.609064 4.639589e-18 4.639589e-18
8186.380751 4.497713e-18 4.497713e-18
8190.152437 1.794093e-18 1.794093e-18
8193.924124 9.726517e-18 9.726517e-18
8197.695810 5.480029e-18 5.480029e-18
8201.467497 7.748907e-18 7.748907e-18
8205.239184 8.000295e-18 8.000295e-18
8209.010870 7.663459e-18 7.663459e-18
8212.782557 4.056792e-18 4.056792e-18
8216.554243 1.94133e-18 1.94133e-18
8220.325930 -3.647523e-18 -3.647523e-18
8224.097617 1.855387e-18 1.855387e-18
8227.869303 -9.294573e-19 -9.294573e-19
8231.640990 2.655746e-18 2.655746e-18
8235.412676 2.12575e-18 2.12575e-18
8239.184363 8.08114e-18 8.08114e-18
8242.956050 3.249644e-18 3.249644e-18
8246.727736 1.050077e-18 1.050077e-18
8250.499423 -2.076048e-18 -2.076048e-18
8254.271109 6.904589e-19 6.904589e-19
8258.042796 1.521146e-18 1.521146e-18
8261.814483 5.868363e-18 5.868363e-18
8265.586169 5.687675e-18 5.687675e-18
8269.357856 1.977188e-18 1.977188e-18
8273.129542 -1.359593e-18 -1.359593e-18
8276.901229 1.944208e-18 1.944208e-18
8280.672916 1.001231e-17 1.001231e-17
8284.444602 8.416504e-18 8.416504e-18
8288.216289 2.010614e-18 2.010614e-18
8291.987975 -4.123897e-18 -4.123897e-18
8295.759662 -2.193445e-18 -2.193445e-18
8299.531349 1.614066e-17 1.614066e-17
8303.303035 5.555721e-18 5.555721e-18
8307.074722 8.612608e-18 8.612608e-18
8310.846408 1.05326e-17 1.05326e-17
8314.618095 1.207487e-17 1.207487e-17
8318.389782 1.13992e-17 1.13992e-17
8322.161468 3.282412e-18 3.282412e-18
8325.933155 7.821323e-19 7.821323e-19
8329.704841 9.867175e-18 9.867175e-18
8333.476528 1.807011e-17 1.807011e-17
8337.248215 1.202674e-17 1.202674e-17
8341.019901 -1.06977e-18 -1.06977e-18
8344.791588 1.768767e-17 1.768767e-17
8348.563274 -1.588858e-18 -1.588858e-18
8352.334961 1.603053e-17 1.603053e-17
8356.106648 1.251457e-17 1.251457e-17
8359.878334 6.634111e-18 6.634111e-18
8363.650021 9.239741e-18 9.239741e-18
8367.421707 -9.992226e-18 -9.992226e-18
8371.193394 -3.527217e-18 -3.527217e-18
8374.965081 -5.996476e-18 -5.996476e-18
8378.736767 2.156334e-18 2.156334e-18
8382.508454 6.941576e-18 6.941576e-18
8386.280140 1.134789e-17 1.134789e-17
8390.051827 -3.378029e-18 -3.378029e-18
8393.823514 -3.985825e-18 -3.985825e-18
8397.595200 3.963746e-18 3.963746e-18
8401.366887 9.664493e-18 9.664493e-18
8405.138573 9.792785e-18 9.792785e-18
8408.910260 3.861371e-18 3.861371e-18
8412.681947 6.299948e-18 6.299948e-18
8416.453633 -1.832305e-18 -1.832305e-18
8420.225320 1.045947e-18 1.045947e-18
8423.997006 1.412086e-17 1.412086e-17
8427.768693 2.13651e-17 2.13651e-17
8431.540380 1.750672e-18 1.750672e-18
8435.312066 1.856771e-18 1.856771e-18
8439.083753 3.253775e-18 3.253775e-18
8442.855439 1.370248e-18 1.370248e-18
8446.627126 5.416019e-18 5.416019e-18
8450.398813 1.467752e-17 1.467752e-17
8454.170499 1.828276e-17 1.828276e-17
8457.942186 9.36449e-18 9.36449e-18
8461.713872 4.906962e-18 4.906962e-18
8465.485559 -2.084368e-18 -2.084368e-18
8469.257246 -2.954902e-18 -2.954902e-18
8473.028932 1.07913e-17 1.07913e-17
8476.800619 5.545432e-18 5.545432e-18
8480.572305 -3.195783e-18 -3.195783e-18
8484.343992 3.801518e-18 3.801518e-18
8488.115679 3.448792e-18 3.448792e-18
8491.887365 1.750088e-18 1.750088e-18
8495.659052 -1.769625e-20 -1.769625e-20
8499.430738 3.517338e-18 3.517338e-18
8503.202425 1.896351e-17 1.896351e-17
8506.974112 2.598159e-17 2.598159e-17
8510.745798 1.306157e-17 1.306157e-17
8514.517485 6.020708e-18 6.020708e-18
8518.289171 1.675438e-17 1.675438e-17
8522.060858 6.829073e-18 6.829073e-18
8525.832545 4.410597e-18 4.410597e-18
8529.604231 4.838447e-18 4.838447e-18
8533.375918 8.210632e-18 8.210632e-18
8537.147604 9.570733e-18 9.570733e-18
8540.919291 1.254947e-17 1.254947e-17
8544.690978 1.334261e-17 1.334261e-17
8548.462664 1.191243e-17 1.191243e-17
8552.234351 9.575538e-18 9.575538e-18
8556.006037 1.128262e-17 1.128262e-17
8559.777724 1.329279e-17 1.329279e-17
8563.549411 1.120631e-17 1.120631e-17
8567.321097 6.577505e-18 6.577505e-18
8571.092784 1.066813e-17 1.066813e-17
8574.864470 2.14657e-17 2.14657e-17
8578.636157 1.41962e-17 1.41962e-17
8582.407844 8.553105e-18 8.553105e-18
8586.179530 1.757404e-17 1.757404e-17
8589.951217 2.032699e-17 2.032699e-17
8593.722903 1.058623e-17 1.058623e-17
8597.494590 4.975436e-18 4.975436e-18
8601.266277 1.148148e-17 1.148148e-17
8605.037963 1.525701e-17 1.525701e-17
8608.809650 1.919625e-17 1.919625e-17
8612.581336 1.294169e-17 1.294169e-17
8616.353023 1.963436e-17 1.963436e-17
8620.124710 2.820565e-17 2.820565e-17
8623.896396 3.536053e-17 3.536053e-17
8627.668083 2.789652e-17 2.789652e-17
8631.439769 1.110657e-17 1.110657e-17
8635.211456 2.001584e-17 2.001584e-17
8638.983143 2.352968e-17 2.352968e-17
8642.754829 3.058851e-17 3.058851e-17
8646.526516 2.670267e-17 2.670267e-17
8650.298202 3.005929e-17 3.005929e-17
8654.069889 3.385261e-17 3.385261e-17
8657.841575 2.551554e-17 2.551554e-17
8661.613262 2.331629e-17 2.331629e-17
8665.384949 1.26522e-17 1.26522e-17
8669.156635 2.71255e-17 2.71255e-17
8672.928322 2.723801e-17 2.723801e-17
8676.700008 3.050809e-17 3.050809e-17
8680.471695 1.719608e-17 1.719608e-17
8684.243382 1.613813e-17 1.613813e-17
8688.015068 1.40854e-17 1.40854e-17
8691.786755 1.836703e-17 1.836703e-17
8695.558441 2.786423e-17 2.786423e-17
8699.330128 2.608182e-17 2.608182e-17
8703.101815 2.719313e-17 2.719313e-17
8706.873501 2.097702e-17 2.097702e-17
8710.645188 2.659948e-17 2.659948e-17
8714.416874 3.466893e-17 3.466893e-17
8718.188561 2.878077e-17 2.878077e-17
8721.960248 2.527528e-17 2.527528e-17
8725.731934 2.090679e-17 2.090679e-17
8729.503621 2.084471e-17 2.084471e-17
8733.275307 2.692118e-17 2.692118e-17
8737.046994 2.747695e-17 2.747695e-17
8740.818681 2.683003e-17 2.683003e-17
8744.590367 1.919792e-17 1.919792e-17
8748.362054 1.783293e-17 1.783293e-17
8752.133740 2.21089e-17 2.21089e-17
8755.905427 2.095367e-17 2.095367e-17
8759.677114 2.415027e-17 2.415027e-17
8763.448800 3.089115e-17 3.089115e-17
8767.220487 3.610184e-17 3.610184e-17
8770.992173 7.977748e-18 7.977748e-18
8774.763860 -5.296265e-19 -5.296265e-19
8778.535547 -1.188533e-18 -1.188533e-18
8782.307233 3.141868e-17 3.141868e-17
8786.078920 2.029134e-17 2.029134e-17
8789.850606 2.848245e-17 2.848245e-17
8793.622293 4.907566e-18 4.907566e-18
8797.393980 1.655639e-17 1.655639e-17
8801.165666 1.586594e-17 1.586594e-17
8804.937353 2.129417e-17 2.129417e-17
8808.709039 1.704738e-17 1.704738e-17
8812.480726 2.73864e-17 2.73864e-17
8816.252413 1.956478e-17 1.956478e-17
8820.024099 2.301345e-17 2.301345e-17
8823.795786 1.827697e-17 1.827697e-17
8827.567472 7.190116e-18 7.190116e-18
8831.339159 5.335497e-18 5.335497e-18
8835.110846 7.558071e-18 7.558071e-18
8838.882532 2.60439e-17 2.60439e-17
8842.654219 2.267173e-17 2.267173e-17
8846.425905 1.896891e-17 1.896891e-17
8850.197592 5.642784e-18 5.642784e-18
8853.969279 8.293655e-18 8.293655e-18
8857.740965 1.250551e-17 1.250551e-17
8861.512652 1.388092e-17 1.388092e-17
8865.284338 4.376666e-17 4.376666e-17
8869.056025 3.209487e-17 3.209487e-17
8872.827712 2.02749e-17 2.02749e-17
8876.599398 1.635097e-17 1.635097e-17
8880.371085 -9.555041e-18 -9.555041e-18
8884.142771 -8.596675e-18 -8.596675e-18
8887.914458 -6.884477e-18 -6.884477e-18
8891.686145 -6.16526e-18 -6.16526e-18
8895.457831 4.478364e-18 4.478364e-18
8899.229518 3.596035e-19 3.596035e-19
8903.001204 3.071582e-17 3.071582e-17
8906.772891 2.203717e-17 2.203717e-17
8910.544578 1.417145e-17 1.417145e-17
8914.316264 9.677425e-20 9.677425e-20
8918.087951 9.728456e-18 9.728456e-18
8921.859637 3.035379e-18 3.035379e-18
8925.631324 6.186007e-18 6.186007e-18
8929.403011 2.314782e-17 2.314782e-17
8933.174697 2.53849e-17 2.53849e-17
8936.946384 1.601454e-17 1.601454e-17
8940.718070 1.104747e-17 1.104747e-17
8944.489757 1.352337e-17 1.352337e-17
8948.261444 1.303343e-17 1.303343e-17
8952.033130 1.350303e-17 1.350303e-17
8955.804817 -3.931519e-18 -3.931519e-18
8959.576503 2.135218e-18 2.135218e-18
8963.348190 5.615413e-18 5.615413e-18
8967.119877 2.694855e-17 2.694855e-17
8970.891563 2.585259e-17 2.585259e-17
8974.663250 8.60547e-18 8.60547e-18
8978.434936 2.471103e-17 2.471103e-17
8982.206623 3.240058e-17 3.240058e-17
8985.978310 2.080212e-17 2.080212e-17
8989.749996 7.379488e-18 7.379488e-18
8993.521683 9.371648e-18 9.371648e-18
8997.293369 3.753743e-17 3.753743e-17
9001.065056 4.379766e-17 4.379766e-17
9004.836743 3.188449e-17 3.188449e-17
9008.608429 2.069053e-17 2.069053e-17
9012.380116 2.185744e-17 2.185744e-17
9016.151802 2.245044e-17 2.245044e-17
9019.923489 1.547454e-17 1.547454e-17
9023.695176 9.398073e-18 9.398073e-18
9027.466862 7.885514e-18 7.885514e-18
9031.238549 1.402502e-17 1.402502e-17
9035.010235 2.515819e-17 2.515819e-17
9038.781922 1.790591e-17 1.790591e-17
9042.553609 1.923549e-17 1.923549e-17
9046.325295 5.320173e-18 5.320173e-18
9050.096982 -1.091929e-17 -1.091929e-17
9053.868668 3.229947e-18 3.229947e-18
9057.640355 4.105284e-18 4.105284e-18
9061.412042 5.185823e-18 5.185823e-18
9065.183728 2.41652e-17 2.41652e-17
9068.955415 1.213838e-17 1.213838e-17
9072.727101 1.59561e-17 1.59561e-17
9076.498788 1.194583e-17 1.194583e-17
9080.270475 -9.302368e-19 -9.302368e-19
9084.042161 9.687749e-18 9.687749e-18
9087.813848 1.54868e-17 1.54868e-17
9091.585534 2.525489e-17 2.525489e-17
9095.357221 2.111191e-17 2.111191e-17
9099.128908 1.400801e-17 1.400801e-17
9102.900594 1.591178e-17 1.591178e-17
9106.672281 1.978856e-17 1.978856e-17
9110.443967 1.156438e-17 1.156438e-17
9114.215654 1.36511e-17 1.36511e-17
9117.987341 1.537519e-18 1.537519e-18
9121.759027 -2.028774e-18 -2.028774e-18
9125.530714 3.395544e-18 3.395544e-18
9129.302400 2.512522e-18 2.512522e-18
9133.074087 1.285775e-17 1.285775e-17
9136.845774 2.334064e-17 2.334064e-17
9140.617460 2.941089e-17 2.941089e-17
9144.389147 2.720064e-17 2.720064e-17
9148.160833 3.394269e-18 3.394269e-18
9151.932520 -1.478862e-18 -1.478862e-18
9155.704207 -5.496051e-18 -5.496051e-18
9159.475893 3.820242e-18 3.820242e-18
9163.247580 1.46888e-17 1.46888e-17
9167.019266 3.42218e-17 3.42218e-17
9170.790953 3.45061e-17 3.45061e-17
9174.562640 1.074726e-17 1.074726e-17
9178.334326 3.913782e-18 3.913782e-18
9182.106013 -7.843465e-19 -7.843465e-19
9185.877699 5.283914e-18 5.283914e-18
9189.649386 2.369181e-17 2.369181e-17
9193.421073 2.742903e-17 2.742903e-17
9197.192759 3.068466e-17 3.068466e-17
9200.964446 2.008566e-17 2.008566e-17
9204.736132 2.964396e-17 2.964396e-17
9208.507819 2.071472e-17 2.071472e-17
9212.279506 1.604014e-17 1.604014e-17
9216.051192 2.080746e-17 2.080746e-17
9219.822879 1.07008e-17 1.07008e-17
9223.594565 2.079257e-17 2.079257e-17
9227.366252 3.654873e-17 3.654873e-17
9231.137939 4.560063e-17 4.560063e-17
9234.909625 4.831782e-17 4.831782e-17
9238.681312 3.501426e-17 3.501426e-17
9242.452998 2.488389e-17 2.488389e-17
9246.224685 9.640186e-18 9.640186e-18
9249.996371 6.739486e-18 6.739486e-18
9253.768058 8.907007e-18 8.907007e-18
9257.539745 3.207846e-18 3.207846e-18
9261.311431 1.071297e-17 1.071297e-17
9265.083118 1.988472e-17 1.988472e-17
9268.854804 2.399352e-17 2.399352e-17
9272.626491 4.002946e-17 4.002946e-17
9276.398178 3.993313e-17 3.993313e-17
9280.169864 4.343114e-17 4.343114e-17
9283.941551 2.822513e-17 2.822513e-17
9287.713237 3.172356e-17 3.172356e-17
9291.484924 2.064723e-17 2.064723e-17
9295.256611 2.457659e-17 2.457659e-17
9299.028297 3.2277e-17 3.2277e-17
9302.799984 1.766922e-17 1.766922e-17
9306.571670 1.453677e-17 1.453677e-17
9310.343357 4.679916e-17 4.679916e-17
9314.115044 3.238395e-17 3.238395e-17
9317.886730 3.054026e-17 3.054026e-17
9321.658417 3.94615e-17 3.94615e-17
9325.430103 4.019618e-17 4.019618e-17
9329.201790 4.620925e-17 4.620925e-17
9332.973477 2.641847e-17 2.641847e-17
9336.745163 2.09832e-17 2.09832e-17
9340.516850 1.816448e-17 1.816448e-17
9344.288536 3.471415e-17 3.471415e-17
9348.060223 3.539845e-17 3.539845e-17
9351.831910 3.282388e-17 3.282388e-17
9355.603596 2.676749e-17 2.676749e-17
9359.375283 4.541879e-17 4.541879e-17
9363.146969 4.879006e-17 4.879006e-17
9366.918656 3.034784e-17 3.034784e-17
9370.690343 -1.215899e-18 -1.215899e-18
9374.462029 3.570404e-17 3.570404e-17
9378.233716 3.055522e-17 3.055522e-17
9382.005402 1.188471e-17 1.188471e-17
9385.777089 2.833138e-17 2.833138e-17
9389.548776 2.412699e-17 2.412699e-17
9393.320462 4.158631e-17 4.158631e-17
9397.092149 4.906815e-17 4.906815e-17
9400.863835 5.631273e-17 5.631273e-17
9404.635522 3.918692e-17 3.918692e-17
9408.407209 3.063141e-17 3.063141e-17
9412.178895 2.717439e-17 2.717439e-17
