3810.659 75.344 8.552
3811.536 76.767 9.016
3812.412 94.153 9.591
3813.292 88.019 10.209
3814.169 95.615 10.807
3815.048 94.403 11.499
3815.926 86.476 12.209
3816.806 90.772 12.69
3817.684 94.7 12.549
3818.562 97.127 11.458
3819.443 96.98 9.65
3820.322 81.688 8.416
3821.202 78.157 8.737
3822.082 88.852 9.837
3822.963 92.402 10.133
3823.842 88.734 9.581
3824.724 92.074 8.536
3825.604 93.969 7.858
3826.484 90.069 8.136
3827.366 88.935 9.692
3828.247 89.949 12.295
3829.13 88.696 15.404
3830.011 99.158 18.12
3830.894 71.863 19.084
3831.775 75.42 18.586
3832.657 76.71 17.923
3833.54 83.956 17.061
3834.422 85.521 15.321
3835.307 77.08 13.323
3836.189 71.226 12.2
3837.073 69.02 12.285
3837.956 67.543 12.7
3838.839 71.087 12.179
3839.724 59.579 11.51
3840.608 59.182 11.381
3841.493 57.2 11.632
3842.377 66.135 11.569
3843.263 61.05 11.343
3844.147 52.346 11.389
3845.032 58.96 11.842
3845.918 61.865 12.678
3846.803 70.969 13.203
3847.69 67.397 12.52
3848.575 80.264 10.972
3849.463 83.146 10.513
3850.348 77.124 11.481
3851.234 76.25 11.906
3852.122 91.203 10.538
3853.008 102.906 8.353
3853.897 95.827 7.392
3854.783 96.051 8.208
3855.672 99.089 9.004
3856.559 99.759 8.517
3857.446 104.67 7.594
3858.336 97.354 6.839
3859.223 95.759 6.496
3860.113 98.422 6.313
3861.001 93.578 6.42
3861.892 89.835 7.108
3862.78 96.599 8.185
3863.669 97.921 9.067
3864.56 94.328 9.173
3865.449 88.982 8.281
3866.34 88.69 7.352
3867.23 90.056 7.33
3868.121 89.038 7.648
3869.011 92.98 7.537
3869.901 96.485 6.787
3870.794 91.54 5.682
3871.684 91.115 4.794
3872.577 99.469 4.523
3873.468 88.46 4.961
3874.361 96.378 5.976
3875.252 101.359 6.959
3876.144 103.102 7.258
3877.038 96.458 6.702
3877.93 95.917 5.6
3878.824 95.468 4.578
3879.716 89.803 4.087
3880.611 92.717 4.211
3881.504 86.757 4.771
3882.396 93.428 5.321
3883.292 86.296 5.671
3884.185 90.279 5.592
3885.081 84.313 5.408
3885.975 83.986 5.328
3886.871 80.068 5.25
3887.765 76.286 5.102
3888.659 81.336 4.787
3889.556 75.43 4.373
3890.451 72.661 4.266
3891.348 72.086 4.653
3892.243 68.169 5.36
3893.141 60.354 6.046
3894.036 64.07 6.346
3894.934 80.15 6.341
3895.83 84.872 6.23
3896.726 74.226 6.206
3897.625 66.735 6.5
3898.522 64.057 6.823
3899.421 70.319 7.003
3900.318 65.484 7.099
3901.217 67.159 7.052
3902.115 85.096 6.734
3903.012 82.459 6.523
3903.912 80.908 7.228
3904.81 87.925 8.954
3905.711 87.559 10.849
3906.609 85.398 12.149
3907.51 91.389 12.625
3908.409 87.222 13.557
3909.308 85.743 15.098
3910.21 91.626 14.411
3911.109 87.761 12.34
3912.011 85.843 11.526
3912.911 85.756 11.98
3913.813 91.783 12.262
3914.714 98.682 11.597
3915.614 96.764 10.619
3916.517 99.195 9.948
3917.418 95.311 9.388
3918.322 104.131 9.217
3919.223 97.667 9.138
3920.127 90.251 8.841
3921.029 101.406 7.911
3921.931 101.416 6.869
3922.835 94.732 6.649
3923.737 100.847 7.229
3924.642 104.753 7.327
3925.545 98.017 6.59
3926.45 99.069 6.302
3927.354 101.892 6.861
3928.257 94.039 7.017
3929.163 97.777 6.261
3930.067 100.601 5.534
3930.973 91.629 5.723
3931.877 88.681 6.582
3932.784 92.323 7.043
3933.689 84.279 6.684
3934.594 79.935 6.115
3935.501 78.39 5.918
3936.406 82.925 5.779
3937.314 78.551 6.02
3938.22 73.131 6.948
3939.128 62.691 8.278
3940.034 57.308 9.851
3940.941 59.479 11.376
3941.849 64.957 12.364
3942.756 74.575 12.477
3943.665 81.116 12.21
3944.573 78.678 12.367
3945.482 89.971 11.607
3946.39 92.311 10.234
3947.298 94.852 9.98
3948.208 86.417 10.358
3949.116 85.337 10.078
3950.027 90.188 9.253
3950.936 88.978 9.208
3951.847 87.263 10.032
3952.756 84.558 9.718
3953.665 96.951 7.915
3954.577 93.3 7.081
3955.487 81.742 7.778
3956.399 92.734 8.636
3957.309 90.458 8.718
3958.221 94.967 8.15
3959.132 93.387 7.88
3960.045 84.241 7.244
3960.956 94.591 7.321
3961.867 97.421 7.21
3962.781 92.599 6.241
3963.692 92.582 4.658
3964.606 83.72 3.937
3965.518 91.201 4.452
3966.433 87.813 5.334
3967.345 75.184 5.746
3968.258 74.405 5.581
3969.173 76.522 5.372
3970.086 65.976 5.335
3971.002 62.588 5.522
3971.915 65.034 5.761
3972.831 54.412 6.154
3973.745 48.72 6.759
3974.659 46.416 7.662
3975.576 67.166 8.452
3976.49 75.297 8.738
3977.407 70.626 8.453
3978.322 65.272 8.223
3979.24 55.08 8.63
3980.155 54.643 9.112
3981.071 57.736 8.876
3981.989 64.247 7.953
3982.905 63.483 7.507
3983.823 69.773 7.845
3984.74 76.73 8.275
3985.659 81.002 7.884
3986.576 87.112 6.976
3987.493 85.692 6.702
3988.412 80.244 7.608
3989.33 85.294 8.747
3990.25 77.598 8.358
3991.168 92.997 6.748
3992.088 88.569 6.205
3993.006 86.336 6.668
3993.925 93.536 6.777
3994.846 95.279 6.331
3995.765 96.83 6.142
3996.686 98.65 6.583
3997.606 92.405 7.149
3998.528 88.673 7.337
3999.447 95.938 7.684
4000.368 94.923 8.526
4001.29 99.11 8.485
4002.211 86.588 7.809
4003.133 86.756 7.55
4004.054 92.617 7.738
4004.978 93.576 7.762
4005.899 94.856 7.498
4006.821 98.961 7.559
4007.745 100.529 8.556
4008.666 99.907 10.502
4009.591 94.868 12.108
4010.513 94.144 11.714
4011.438 93.84 10.366
4012.361 90.218 10.924
4013.284 91.344 11.925
4014.209 91.114 11.411
4015.133 91.253 10.198
4016.059 93.897 9.799
4016.983 95.058 9.904
4017.909 95.046 9.095
4018.833 95.382 8.595
4019.758 98.891 10.221
4020.685 99.296 11.346
4021.61 94.622 10.888
4022.537 105.026 9.686
4023.462 98.401 8.626
4024.39 93.919 8.271
4025.316 98.382 8.813
4026.242 101.77 9.244
4027.171 106.961 8.491
4028.097 96.772 7.457
4029.026 93.973 8.102
4029.953 93.5 9.365
4030.882 94.456 8.79
4031.809 93.598 7.89
4032.739 90.815 7.985
4033.667 89.263 8.324
4034.595 94.995 8.053
4035.525 100.384 7.732
4036.453 94.966 8.107
4037.384 89.739 8.573
4038.313 90.6 8.676
4039.244 95.278 8.718
4040.173 92.026 8.84
4041.103 87.142 9.889
4042.035 94.404 11.588
4042.965 94.84 12.725
4043.897 95.547 13.043
4044.827 97.706 13.951
4045.76 95.18 16.969
4046.691 96.681 21.422
4047.622 95.679 25.269
4048.555 99.194 22.652
4049.486 96.286 16.358
4050.42 94.142 12.942
4051.352 103.654 11.801
4052.286 93.768 10.713
4053.218 90.297 9.683
4054.151 97.483 9.545
4055.086 99.661 9.992
4056.019 102.839 9.777
4056.954 103.425 8.542
4057.887 96.513 7.579
4058.823 106.238 8.439
4059.757 96.096 10.019
4060.691 104.161 10.604
4061.627 105.838 10.683
4062.561 100.852 11.278
4063.498 98.307 12.462
4064.433 94.757 13.321
4065.37 93.939 13.696
4066.305 99.677 13.915
4067.241 95.813 13.849
4068.179 94.603 12.469
4069.115 96.818 11.245
4070.053 94.532 11.195
4070.989 96.202 11.05
4071.928 97.638 10.788
4072.865 99.323 10.616
4073.802 94.019 10.589
4074.741 89.925 10.933
4075.679 97.394 12.031
4076.618 97.981 13.787
4077.556 91.737 14.563
4078.497 85.949 13.099
4079.435 93.486 11.374
4080.373 92.958 11.772
4081.314 89.867 12.221
4082.253 91.107 11.728
4083.194 94.305 10.966
4084.134 89.369 10.333
4085.076 85.042 10.081
4086.015 90.604 10.615
4086.955 88.365 11.222
4087.898 90.845 10.723
4088.838 88.838 9.559
4089.781 87.024 8.769
4090.722 93.8 8.746
4091.665 88.816 9.295
4092.606 85.172 9.558
4093.548 86.746 9.111
4094.492 87.471 8.363
4095.434 89.373 7.907
4096.378 89.407 7.954
4097.321 81.576 8.193
4098.265 88.167 8.051
4099.208 82.505 7.915
4100.151 79.077 7.739
4101.097 81.618 7.438
4102.04 76.665 7.128
4102.986 72.395 6.984
4103.93 70.186 7.213
4104.876 66.465 7.433
4105.821 64.331 7.325
4106.768 70.934 7.07
4107.712 92.516 6.962
4108.657 111.978 7.601
4109.605 92.584 7.879
4110.55 73.029 7.487
4111.498 65.136 7.22
4112.444 67.241 7.298
4113.392 69.894 7.653
4114.338 75.082 8.075
4115.285 78.057 8.296
4116.234 75.826 8.069
4117.181 78.437 7.489
4118.13 80.095 7.006
4119.078 81.002 6.684
4120.027 84.733 6.81
4120.975 85.351 7.505
4121.923 83.767 8.027
4122.874 86.877 8.511
4123.822 93.068 9.436
4124.773 91.583 10.146
4125.722 84.78 9.914
4126.673 86.642 9.536
4127.623 92.993 9.934
4128.572 87.562 10.309
4129.524 91.867 9.848
4130.474 97.352 8.916
4131.427 85.577 8.884
4132.377 87.19 9.596
4133.33 89.484 9.675
4134.281 85.962 9.347
4135.232 83.19 9.535
4136.186 84.507 9.955
4137.137 89.575 9.893
4138.091 93.944 9.716
4139.043 91.362 9.492
4139.998 92.74 8.792
4140.95 91.878 9.091
4141.903 96.889 8.785
4142.858 94.556 7.684
4143.811 92.791 7.13
4144.766 94.932 7.455
4145.72 97.633 8.085
4146.676 97.0 8.477
4147.63 93.555 8.382
4148.584 90.72 8.176
4149.541 86.172 8.429
4150.495 81.738 8.101
4151.452 86.578 7.229
4152.407 88.743 7.71
4153.365 94.152 8.509
4154.32 93.642 8.818
4155.276 95.536 9.555
4156.234 94.742 10.696
4157.19 90.087 11.394
4158.149 89.422 10.998
4159.106 92.548 9.832
4160.065 95.179 9.271
4161.022 90.147 10.822
4161.979 90.655 11.627
4162.939 87.82 10.644
4163.896 88.811 11.456
4164.857 94.661 12.721
4165.815 92.742 12.865
4166.775 91.213 12.384
4167.734 92.523 12.451
4168.693 91.091 13.197
4169.654 91.552 13.673
4170.613 95.791 13.48
4171.575 94.116 13.969
4172.535 98.558 13.066
4173.497 100.291 11.643
4174.457 97.965 10.968
4175.417 86.092 11.07
4176.38 94.755 11.375
4177.341 96.34 11.004
4178.304 89.912 10.584
4179.265 86.642 10.952
4180.229 81.752 11.255
4181.191 87.743 10.327
4182.155 90.657 9.37
4183.117 95.106 9.063
4184.079 87.44 8.541
4185.044 87.652 8.29
4186.007 88.233 8.299
4186.972 89.878 7.836
4187.935 89.089 7.212
4188.901 88.208 7.221
4189.865 90.15 7.952
4190.829 94.541 8.684
4191.795 97.482 8.913
4192.759 94.035 8.567
4193.726 94.993 8.286
4194.691 90.216 8.062
4195.658 94.825 7.329
4196.624 94.375 7.126
4197.589 91.433 7.466
4198.557 92.648 7.396
4199.523 96.108 7.153
4200.491 95.757 7.268
4201.457 101.481 7.41
4202.426 106.922 7.148
4203.393 89.865 7.132
4204.36 92.745 7.563
4205.33 84.911 7.168
4206.297 86.928 6.848
4207.267 86.873 7.823
4208.235 89.582 8.7
4209.205 93.227 8.414
4210.174 90.411 7.686
4211.142 91.295 7.281
4212.113 92.876 7.303
4213.082 94.68 7.57
4214.054 101.605 7.723
4215.023 91.136 7.435
4215.995 93.119 7.327
4216.965 97.948 7.397
4217.935 91.174 6.93
4218.908 95.529 6.498
4219.878 95.362 6.391
4220.851 87.097 6.561
4221.822 87.099 6.692
4222.796 92.943 6.753
4223.767 88.299 6.927
4224.739 82.622 7.291
4225.713 92.204 7.496
4226.685 90.242 6.902
4227.66 95.724 6.246
4228.633 96.818 6.523
4229.608 97.38 6.794
4230.581 90.854 6.762
4231.554 90.288 6.743
4232.53 88.845 6.651
4233.504 90.144 6.357
4234.48 90.041 6.249
4235.454 87.937 6.761
4236.431 91.055 7.362
4237.405 93.655 7.074
4238.38 95.742 6.694
4239.357 88.956 6.796
4240.333 93.935 6.315
4241.31 94.679 6.108
4242.286 88.227 6.559
4243.264 92.2 6.85
4244.241 94.659 6.842
4245.217 92.857 7.058
4246.196 95.682 7.9
4247.173 96.618 9.148
4248.152 91.225 9.951
4249.129 95.908 9.45
4250.109 99.165 8.318
4251.087 98.456 8.056
4252.065 99.107 8.517
4253.045 92.437 8.942
4254.024 92.06 9.0
4255.005 98.384 8.271
4255.984 93.388 7.603
4256.965 89.293 7.757
4257.944 88.769 8.38
4258.926 91.954 8.741
4259.906 99.504 8.757
4260.886 90.979 8.41
4261.869 89.254 7.625
4262.849 94.128 7.149
4263.832 93.57 7.873
4264.813 91.137 8.852
4265.796 91.949 9.014
4266.778 93.45 8.701
4267.759 94.838 8.402
4268.743 93.948 8.266
4269.725 93.578 7.779
4270.71 94.639 7.124
4271.692 95.789 6.988
4272.677 98.408 7.345
4273.66 95.626 7.334
4274.644 93.682 6.95
4275.629 95.687 7.151
4276.613 90.29 7.833
4277.599 87.097 8.191
4278.583 90.308 7.981
4279.57 94.658 7.583
4280.554 94.679 7.62
4281.539 91.478 7.913
4282.526 88.833 7.842
4283.511 89.887 7.436
4284.499 94.237 7.168
4285.485 94.718 7.498
4286.473 90.839 8.346
4287.459 92.63 8.134
4288.446 92.212 6.942
4289.434 92.27 6.273
4290.421 97.934 6.139
4291.411 93.801 6.676
4292.398 92.203 7.524
4293.388 93.621 7.944
4294.375 92.228 7.963
4295.363 90.48 8.075
4296.354 89.115 8.107
4297.342 88.693 7.916
4298.333 86.696 7.699
4299.322 91.474 7.588
4300.313 88.937 7.698
4301.303 88.851 7.343
4302.292 87.756 6.279
4303.284 92.064 5.749
4304.274 90.362 6.29
4305.267 92.466 6.907
4306.257 91.97 6.994
4307.25 83.488 7.11
4308.241 82.441 7.932
4309.232 84.791 8.698
4310.226 84.903 8.541
4311.217 83.722 7.725
4312.212 83.512 7.36
4313.204 83.934 8.326
4314.198 85.275 10.057
4315.191 87.026 10.934
4316.183 82.459 10.909
4317.179 84.052 9.679
4318.172 88.341 9.071
4319.168 89.106 9.279
4320.161 89.523 9.127
4321.157 87.992 9.433
4322.152 86.131 10.084
4323.146 89.399 9.167
4324.143 95.217 7.445
4325.137 91.969 6.758
4326.135 90.978 7.583
4327.13 93.425 8.199
4328.128 93.049 8.086
4329.124 91.602 7.547
4330.119 87.307 7.247
4331.118 81.958 7.408
4332.114 82.805 7.549
4333.113 84.583 7.528
4334.11 80.273 7.598
4335.11 86.99 7.693
4336.107 90.217 7.686
4337.107 82.425 7.801
4338.105 81.429 7.8
4339.103 77.595 7.322
4340.103 79.231 7.334
4341.102 77.76 7.55
4342.103 77.664 7.521
4343.101 73.63 7.885
4344.103 64.99 8.171
4345.102 66.947 7.787
4346.102 96.473 7.548
4347.104 148.788 8.451
4348.104 174.64 9.212
4349.107 126.714 9.151
4350.107 75.078 9.669
4351.11 71.721 9.355
4352.111 68.216 8.124
4353.113 72.278 7.438
4354.116 79.464 7.155
4355.118 81.81 6.906
4356.122 80.998 8.202
4357.125 81.385 14.029
4358.129 80.664 25.562
4359.132 77.584 36.278
4360.135 79.378 34.834
4361.14 85.043 23.025
4362.143 87.888 14.164
4363.149 88.999 11.494
4364.153 85.948 10.268
4365.159 87.652 8.998
4366.164 94.612 8.265
4367.168 91.441 8.161
4368.175 89.208 8.653
4369.18 89.773 9.039
4370.187 89.883 8.348
4371.193 96.676 7.348
4372.201 103.107 7.421
4373.207 95.612 7.609
4374.213 92.632 7.353
4375.221 91.245 8.841
4376.228 91.169 9.797
4377.237 93.025 9.052
4378.244 94.073 8.975
4379.254 90.973 8.855
4380.261 90.108 8.668
4381.269 90.313 8.594
4382.279 88.491 8.254
4383.287 87.405 7.729
4384.298 91.05 7.749
4385.307 95.675 8.182
4386.318 94.075 8.303
4387.327 91.349 7.899
4388.336 93.59 7.016
4389.348 88.613 6.855
4390.358 90.548 7.328
4391.37 79.975 7.439
4392.381 79.233 7.978
4393.393 81.227 8.19
4394.404 84.692 7.93
4395.415 89.292 7.715
4396.429 89.732 7.65
4397.44 88.519 7.634
4398.454 89.01 7.477
4399.466 89.073 7.87
4400.48 88.85 9.014
4401.493 87.23 9.11
4402.505 87.864 8.923
4403.52 89.243 9.692
4404.534 83.179 10.206
4405.549 92.818 10.756
4406.563 91.217 11.606
4407.579 90.052 11.719
4408.593 89.911 11.625
4409.607 93.168 11.287
4410.624 88.542 10.619
4411.638 85.913 10.628
4412.656 88.957 11.722
4413.671 84.663 11.919
4414.689 90.244 10.427
4415.704 90.597 10.654
4416.723 86.683 12.503
4417.739 95.63 11.415
4418.755 94.547 10.324
4419.774 95.115 10.443
4420.791 93.898 11.509
4421.81 89.761 11.996
4422.827 86.436 11.363
4423.847 88.416 10.077
4424.865 89.899 9.985
4425.883 89.993 10.963
4426.903 91.757 11.167
4427.922 91.881 10.653
4428.943 93.271 9.996
4429.962 94.158 9.135
4430.983 85.491 8.913
4432.003 87.038 9.413
4433.022 90.95 10.173
4434.044 85.092 9.055
4435.064 88.824 8.148
4436.087 86.242 7.941
4437.108 88.789 8.118
4438.131 89.456 9.034
4439.152 92.394 9.948
4440.173 94.818 10.254
4441.197 88.635 10.189
4442.219 84.525 9.738
4443.243 85.219 8.392
4444.265 91.169 7.575
4445.29 95.015 8.868
4446.313 93.763 9.65
4447.336 94.237 9.648
4448.361 93.295 9.089
4449.384 86.487 8.347
4450.41 90.191 8.279
4451.434 87.854 8.7
4452.461 89.609 8.767
4453.485 90.403 8.297
4454.51 88.703 7.989
4455.537 89.906 7.803
4456.562 89.25 7.606
4457.589 91.761 7.675
4458.615 94.9 7.487
4459.643 91.311 7.58
4460.669 88.23 7.631
4461.695 88.107 7.522
4462.724 84.975 7.491
4463.751 85.233 7.255
4464.78 83.66 7.713
4465.807 87.623 8.472
4466.837 85.732 8.406
4467.864 84.717 7.887
4468.892 86.084 7.636
4469.923 87.477 7.432
4470.951 88.225 7.057
4471.982 86.237 6.756
4473.011 89.847 7.194
4474.042 90.04 7.869
4475.072 86.366 8.498
4476.101 84.362 8.485
4477.133 89.784 8.078
4478.163 90.175 7.964
4479.196 88.727 7.489
4480.226 92.764 6.868
4481.259 89.956 6.648
4482.29 89.757 7.056
4483.322 91.401 7.727
4484.355 95.013 8.053
4485.387 94.766 8.242
4486.421 86.48 8.405
4487.453 82.565 8.31
4488.488 80.689 8.281
4489.521 80.542 8.217
4490.554 85.85 7.692
4491.589 89.354 7.542
4492.622 90.494 8.322
4493.658 93.665 8.774
4494.692 89.552 8.47
4495.729 86.871 8.063
4496.763 88.155 7.773
4497.8 84.975 7.834
4498.834 87.297 7.868
4499.869 89.949 7.713
4500.907 89.185 7.938
4501.943 90.122 8.049
4502.981 87.887 7.638
4504.017 90.26 7.789
4505.055 93.637 8.229
4506.092 93.552 8.5
4507.128 93.929 8.448
4508.168 86.992 8.065
4509.205 88.889 7.646
4510.244 94.863 8.334
4511.282 94.552 8.471
4512.322 97.727 7.849
4513.36 96.476 7.644
4514.399 95.118 7.807
4515.44 94.127 8.022
4516.478 90.378 8.045
4517.52 89.99 7.683
4518.559 95.041 7.406
4519.601 95.041 7.828
4520.641 89.077 8.354
4521.681 94.703 8.737
4522.724 87.388 8.85
4523.764 90.326 8.834
4524.807 92.094 8.966
4525.848 88.74 8.632
4526.892 92.94 8.393
4527.933 87.833 8.903
4528.975 91.996 9.214
4530.019 95.592 9.123
4531.061 91.45 9.408
4532.106 87.43 9.704
4533.149 89.155 9.699
4534.194 89.055 9.809
4535.237 83.245 10.247
4536.28 86.912 9.905
4537.327 87.91 8.732
4538.37 87.74 9.262
4539.417 87.525 10.165
4540.461 84.865 9.91
4541.508 82.416 9.681
4542.553 89.973 9.59
4543.598 90.545 9.695
4544.646 98.214 10.014
4545.691 96.897 10.146
4546.739 93.925 10.123
4547.785 89.303 9.914
4548.834 87.517 9.56
4549.881 94.371 9.134
4550.927 96.185 9.067
4551.977 89.887 9.416
4553.024 90.652 9.487
4554.074 93.525 9.109
4555.121 88.87 9.654
4556.172 86.967 8.972
4557.22 82.697 7.994
4558.268 84.896 8.699
4559.319 90.268 9.011
4560.368 89.828 8.34
4561.42 87.39 8.019
4562.469 83.415 7.897
4563.521 84.688 8.07
4564.571 88.194 8.111
4565.621 91.156 7.789
4566.674 90.84 7.871
4567.725 89.815 8.194
4568.778 92.91 8.209
4569.829 93.63 8.488
4570.883 92.007 8.76
4571.934 91.773 8.301
4572.989 88.679 7.937
4574.041 90.676 7.829
4575.093 92.949 8.019
4576.148 91.821 8.551
4577.201 91.772 8.514
4578.256 85.228 9.045
4579.309 87.698 9.923
4580.365 89.246 10.227
4581.419 90.642 10.029
4582.473 86.772 9.421
4583.53 90.013 8.845
4584.584 96.822 8.952
4585.641 92.131 9.322
4586.696 89.705 9.377
4587.754 89.738 8.754
4588.809 87.346 8.027
4589.865 91.323 8.472
4590.923 85.739 9.005
4591.98 85.979 8.366
4593.038 90.552 7.716
4594.095 88.1 8.208
4595.154 87.074 8.367
4596.212 89.262 7.696
4597.269 90.301 7.507
4598.329 85.667 8.02
4599.387 86.047 8.096
4600.447 85.38 7.713
4601.506 83.175 7.403
4602.567 85.452 7.385
4603.626 86.498 7.69
4604.685 86.063 7.727
4605.747 87.618 7.367
4606.806 84.094 7.308
4607.868 88.153 7.995
4608.928 85.419 8.63
4609.991 86.524 9.028
4611.052 84.212 8.561
4612.113 95.374 7.192
4613.176 87.199 7.249
4614.237 84.81 7.509
4615.301 93.034 8.055
4616.363 91.93 8.192
4617.428 90.848 8.421
4618.49 93.789 7.954
4619.552 95.222 7.234
4620.618 91.375 7.489
4621.681 86.832 7.942
4622.746 88.285 7.536
4623.81 88.245 7.636
4624.876 85.259 8.072
4625.94 92.696 7.71
4627.004 86.909 7.538
4628.071 86.621 7.601
4629.136 85.473 7.514
4630.203 93.797 7.363
4631.268 91.876 7.104
4632.336 91.374 7.472
4633.402 88.304 7.856
4634.468 88.595 7.264
4635.537 94.799 6.923
4636.603 91.595 7.444
4637.672 86.331 7.926
4638.739 85.141 7.619
4639.809 88.154 7.159
4640.876 91.427 7.385
4641.944 89.4 7.44
4643.014 86.765 7.212
4644.082 88.095 7.511
4645.153 88.063 7.447
4646.222 87.635 7.103
4647.293 92.194 7.174
4648.362 87.576 7.07
4649.432 89.619 7.359
4650.504 91.647 7.748
4651.574 87.362 7.541
4652.646 86.683 7.506
4653.717 87.334 7.288
4654.79 85.023 7.242
4655.861 85.198 7.589
4656.934 86.824 8.133
4658.006 83.573 8.793
4659.077 86.334 9.532
4660.152 89.476 9.971
4661.224 87.45 9.664
4662.299 87.632 9.201
4663.371 84.818 9.335
4664.446 81.894 9.009
4665.52 90.755 8.724
4666.593 94.136 9.152
4667.669 89.581 8.664
4668.743 87.122 8.619
4669.819 89.761 8.701
4670.894 92.277 8.704
4671.971 87.528 9.158
4673.046 84.402 9.234
4674.121 83.258 9.054
4675.198 81.738 9.632
4676.274 82.563 9.7
4677.352 84.329 9.218
4678.428 84.33 9.384
4679.507 88.118 9.276
4680.584 86.729 8.943
4681.66 81.525 9.23
4682.74 86.158 9.325
4683.817 90.044 8.684
4684.897 86.889 8.476
4685.975 88.688 8.474
4687.056 89.682 7.85
4688.134 82.051 8.194
4689.212 79.13 9.381
4690.294 87.363 8.553
4691.373 88.57 8.386
4692.454 92.141 8.922
4693.534 87.225 8.471
4694.616 91.706 7.749
4695.696 88.643 7.836
4696.777 85.782 8.005
4697.86 86.312 7.863
4698.94 85.856 7.486
4700.024 87.811 7.744
4701.105 91.269 8.5
4702.189 91.456 8.374
4703.271 89.47 7.774
4704.353 84.848 7.717
4705.438 83.269 7.914
4706.52 87.1 8.176
4707.606 84.443 8.432
4708.689 86.043 8.352
4709.774 82.706 8.682
4710.858 89.677 8.226
4711.942 88.278 8.011
4713.028 85.558 8.504
4714.112 85.288 8.273
4715.199 90.258 8.26
4716.284 88.318 7.869
4717.372 84.384 7.878
4718.457 84.851 8.451
4719.542 84.293 8.561
4720.631 85.33 8.169
4721.717 89.374 7.429
4722.805 86.89 7.117
4723.892 85.385 7.674
4724.981 89.525 8.316
4726.068 88.507 8.489
4727.155 86.448 8.022
4728.246 90.883 7.607
4729.333 90.501 7.726
4730.424 88.166 7.971
4731.512 88.606 8.254
4732.603 86.49 7.718
4733.692 89.025 7.32
4734.781 86.907 7.5
4735.873 87.732 7.499
4736.962 84.868 7.895
4738.054 82.601 8.61
4739.144 85.334 9.025
4740.237 82.285 8.61
4741.328 88.252 8.559
4742.421 86.854 8.789
4743.512 88.18 8.352
4744.603 85.897 8.547
4745.697 84.937 8.653
4746.789 86.424 8.319
4747.884 86.1 8.088
4748.976 87.229 7.819
4750.071 88.32 7.75
4751.164 88.486 7.827
4752.257 88.276 7.901
4753.353 85.903 8.202
4754.446 87.318 8.327
4755.543 88.124 7.874
4756.637 89.856 7.667
4757.734 87.176 7.642
4758.828 87.401 7.683
4759.923 90.185 7.879
4761.02 85.35 7.851
4762.116 86.181 7.417
4763.214 89.281 7.237
4764.31 87.785 6.845
4765.408 83.218 6.627
4766.504 87.555 6.877
4767.601 85.298 6.929
4768.7 88.882 7.177
4769.797 85.019 7.081
4770.897 82.08 7.205
4771.995 82.438 7.715
4773.095 80.715 7.67
4774.193 81.591 7.252
4775.292 86.394 7.31
4776.393 88.029 7.555
4777.492 86.437 7.62
4778.593 86.344 8.04
4779.693 83.934 8.306
4780.795 84.395 7.757
4781.895 91.716 7.401
4782.995 85.674 7.287
4784.098 89.643 7.141
4785.198 88.009 7.596
4786.302 90.53 7.689
4787.403 88.598 7.378
4788.507 88.028 7.339
4789.608 88.062 6.802
4790.71 82.07 7.283
4791.815 78.102 8.268
4792.917 92.984 8.137
4794.022 85.452 7.665
4795.125 83.593 7.54
4796.231 83.083 7.842
4797.334 84.79 7.874
4798.438 84.238 7.793
4799.545 85.584 7.899
4800.649 86.844 7.644
4801.756 86.825 7.316
4802.86 87.242 7.427
4803.968 88.016 7.763
4805.073 86.612 8.088
4806.178 81.869 8.231
4807.287 83.535 8.077
4808.393 83.969 7.886
4809.501 85.241 7.502
4810.608 90.629 7.292
4811.717 84.436 7.565
4812.824 84.152 7.874
4813.931 83.642 7.755
4815.041 82.84 7.428
4816.149 86.613 8.194
4817.26 84.486 9.191
4818.368 81.541 9.615
4819.479 83.82 9.742
4820.588 83.54 9.632
4821.697 85.532 10.155
4822.809 84.973 9.934
4823.918 83.824 9.671
4825.03 86.916 9.856
4826.14 86.249 9.6
4827.253 86.879 9.513
4828.364 82.992 9.485
4829.477 83.807 9.792
4830.588 82.111 10.334
4831.699 78.348 10.187
4832.814 82.044 9.733
4833.925 83.08 9.93
4835.04 82.706 9.886
4836.152 83.759 9.712
4837.268 85.63 9.938
4838.38 83.992 10.107
4839.493 78.389 10.327
4840.609 77.362 10.265
4841.723 82.229 10.009
4842.84 81.046 9.544
4843.954 78.213 9.598
4845.071 79.559 9.234
4846.185 83.307 9.192
4847.3 79.509 8.808
4848.418 77.821 8.96
4849.533 84.853 8.303
4850.652 78.18 8.289
4851.767 80.333 8.404
4852.886 79.049 8.6
4854.003 79.768 8.977
4855.119 76.935 8.574
4856.239 78.31 7.744
4857.356 80.032 7.49
4858.476 74.654 7.565
4859.594 71.968 7.234
4860.714 76.485 6.972
4861.833 75.272 7.275
4862.951 67.592 7.427
4864.072 66.802 7.315
4865.191 68.125 7.257
4866.313 65.687 7.41
4867.433 110.717 7.751
4868.555 243.226 7.751
4869.675 340.729 7.817
4870.796 258.336 8.456
4871.919 111.628 8.192
4873.039 68.07 7.604
4874.163 61.331 7.728
4875.284 68.044 7.77
4876.409 69.472 7.689
4877.531 71.573 7.505
4878.653 76.054 8.132
4879.778 64.066 8.83
4880.9 69.831 8.555
4882.026 70.164 8.438
4883.149 71.46 9.263
4884.275 73.094 9.408
4885.398 79.693 8.359
4886.522 78.7 8.151
4887.649 80.696 8.206
4888.774 77.945 8.566
4889.901 76.216 8.448
4891.026 79.177 7.737
4892.154 79.437 7.926
4893.279 75.963 8.197
4894.405 78.279 7.813
4895.533 77.728 8.079
4896.66 75.619 8.579
4897.789 71.326 8.767
4898.916 72.726 8.672
4900.045 78.283 8.243
4901.172 79.922 8.055
4902.3 81.345 8.178
4903.43 83.433 8.2
4904.558 89.518 8.025
4905.689 84.749 7.997
4906.818 79.404 7.733
4907.95 83.054 7.674
4909.079 84.222 7.651
4910.208 81.588 7.565
4911.34 80.117 7.462
4912.47 79.954 7.572
4913.603 81.639 7.293
4914.733 86.022 7.765
4915.867 85.912 8.317
4916.997 82.506 8.15
4918.131 75.863 7.525
4919.263 80.656 6.968
4920.394 79.845 7.163
4921.529 80.185 7.242
4922.661 83.797 7.277
4923.796 82.227 7.633
4924.929 82.999 7.284
4926.065 86.551 7.211
4927.198 80.889 7.328
4928.331 76.018 7.178
4929.468 75.988 7.754
4930.602 77.772 7.942
4931.739 78.232 7.628
4932.873 78.843 7.466
4934.011 80.9 7.392
4935.146 80.681 7.394
4936.281 82.984 7.489
4937.42 85.184 7.772
4938.556 83.131 7.877
4939.694 83.785 7.58
4940.831 84.289 7.105
4941.97 82.001 7.365
4943.107 79.847 8.223
4944.244 78.006 8.206
4945.384 79.23 7.803
4946.522 78.427 7.441
4947.663 74.948 7.263
4948.801 79.596 7.627
4949.942 86.228 7.644
4951.081 81.397 7.896
4952.22 82.522 8.072
4953.362 87.003 7.848
4954.501 82.328 8.318
4955.644 84.047 7.873
4956.784 83.309 7.194
4957.927 79.578 7.078
4959.067 87.901 7.086
4960.208 81.591 7.227
4961.352 86.905 7.436
4962.493 81.808 7.846
4963.638 80.254 7.912
4964.779 79.323 7.901
4965.924 82.238 9.003
4967.067 98.234 8.941
4968.209 92.422 9.044
4969.355 88.834 8.728
4970.498 84.713 8.112
4971.644 82.648 8.359
4972.788 83.397 9.055
4973.935 81.773 8.932
4975.079 83.152 8.99
4976.224 82.24 9.033
4977.371 83.705 9.313
4978.516 80.633 9.96
4979.664 80.718 10.493
4980.81 79.428 11.12
4981.958 80.695 10.887
4983.104 82.489 10.386
4984.251 83.254 10.235
4985.4 82.769 9.754
4986.547 81.91 9.461
4987.697 80.041 10.024
4988.844 81.972 10.23
4989.995 82.678 9.837
4991.143 74.538 9.626
4992.291 75.202 9.473
4993.442 80.403 9.443
4994.591 77.529 9.517
4995.743 80.069 9.335
4996.892 80.77 9.337
4998.044 82.02 8.806
4999.194 81.812 7.978
5000.344 80.511 8.075
5001.497 78.011 8.261
5002.648 82.465 7.995
5003.801 82.213 7.991
5004.952 80.043 8.182
5006.106 79.284 8.351
5007.258 79.21 8.17
5008.413 76.248 7.774
5009.565 76.161 7.768
5010.717 74.957 7.99
5011.873 78.688 8.112
5013.026 85.363 7.951
5014.182 112.13 7.447
5015.335 129.213 7.086
5016.492 116.09 7.978
5017.646 95.8 7.799
5018.8 80.298 7.793
5019.958 74.408 8.189
5021.112 73.19 8.001
5022.27 75.453 7.655
5023.426 76.259 7.784
5024.584 79.353 7.652
5025.74 75.492 7.288
5026.896 72.879 7.192
5028.055 72.472 6.975
5029.212 74.642 7.782
5030.372 78.362 7.675
5031.529 77.161 7.609
5032.689 75.735 8.032
5033.847 75.473 7.476
5035.005 76.714 7.282
5036.166 75.793 7.23
5037.325 79.221 7.179
5038.486 80.484 7.115
5039.645 81.435 6.983
5040.807 81.261 7.023
5041.967 81.848 6.936
5043.127 81.105 6.763
5044.29 79.936 7.222
5045.45 76.166 7.994
5046.614 77.626 7.729
5047.775 77.63 7.183
5048.939 72.477 6.901
5050.1 73.563 7.363
5051.262 79.119 8.009
5052.427 80.61 7.418
5053.589 82.073 6.74
5054.754 82.716 7.033
5055.917 79.715 7.325
5057.083 77.103 7.44
5058.247 75.693 7.75
5059.41 75.718 7.543
5060.577 75.753 7.019
5061.741 77.898 7.082
5062.908 79.654 7.549
5064.073 79.354 7.662
5065.241 83.233 7.274
5066.406 83.828 7.182
5067.572 82.938 7.415
5068.74 82.163 7.493
5069.906 80.654 7.789
5071.075 80.464 8.297
5072.242 81.75 8.217
5073.412 84.221 7.368
5074.579 78.489 7.101
5075.746 76.444 7.235
5076.917 77.627 7.225
5078.084 77.43 7.754
5079.255 79.234 7.919
5080.424 80.964 7.455
5081.595 73.494 7.581
5082.764 76.308 7.987
5083.934 81.252 8.156
5085.106 77.272 9.237
5086.276 78.632 9.276
5087.449 80.427 8.933
5088.619 73.67 8.827
5089.793 79.024 8.092
5090.964 76.928 7.89
5092.135 83.049 7.64
5093.309 78.68 7.684
5094.481 82.369 7.541
5095.655 79.888 7.16
5096.828 77.636 7.483
5098.003 77.305 7.228
5099.176 82.999 7.45
5100.352 76.565 7.538
5101.525 81.225 7.299
5102.699 78.436 7.841
5103.875 81.807 7.293
5105.049 79.402 7.562
5106.227 76.429 7.539
5107.401 75.075 7.123
5108.579 73.898 7.191
5109.754 78.816 6.76
5110.93 81.774 7.053
5112.108 81.01 7.572
5113.284 79.703 7.356
5114.463 79.618 7.188
5115.64 79.482 7.008
5116.82 79.234 7.262
5117.997 74.759 7.007
5119.174 77.792 6.665
5120.355 76.284 7.216
5121.533 74.996 7.548
5122.714 78.678 6.835
5123.892 81.044 6.778
5125.074 82.788 7.026
5126.253 80.367 6.645
5127.432 83.321 6.171
5128.614 78.882 7.014
5129.794 80.729 7.298
5130.977 76.799 6.812
5132.157 79.499 7.529
5133.341 73.844 8.141
5134.522 76.619 8.389
5135.703 76.959 8.288
5136.887 77.733 8.125
5138.069 78.033 8.589
5139.254 76.33 8.292
5140.436 77.381 7.706
5141.621 77.027 7.854
5142.804 80.574 8.32
5143.987 82.342 8.41
5145.174 79.964 8.337
5146.357 74.075 8.156
5147.544 79.536 7.607
5148.728 78.317 8.016
5149.915 74.761 8.38
5151.1 73.939 8.364
5152.285 72.996 8.821
5153.473 77.795 9.081
5154.659 78.705 9.073
5155.847 71.955 9.664
5157.034 74.412 9.0
5158.223 80.765 8.379
5159.409 72.157 8.225
5160.596 70.698 8.453
5161.786 75.603 8.017
5162.974 75.509 7.787
5164.164 75.707 7.817
5165.352 76.618 7.914
5166.544 79.78 7.95
5167.732 74.709 6.682
5168.921 78.535 6.77
5170.113 75.411 7.298
5171.302 81.223 6.904
5172.495 72.753 6.558
5173.685 75.028 6.021
5174.878 68.898 6.372
5176.068 65.977 7.46
5177.259 64.945 7.59
5178.453 68.556 7.426
5179.644 69.004 7.471
5180.838 70.709 6.967
5182.03 66.436 6.655
5183.225 70.559 6.737
5184.418 76.387 6.001
5185.61 76.171 5.868
5186.806 78.323 6.769
5187.999 74.544 7.529
5189.196 77.471 7.686
5190.389 74.308 7.606
5191.586 67.934 7.55
5192.781 69.286 6.942
5193.978 72.405 6.911
5195.173 71.897 7.551
5196.368 76.688 7.311
5197.566 75.014 7.755
5198.762 78.984 8.041
5199.961 77.147 8.314
5201.157 69.475 8.441
5202.357 74.317 7.938
5203.553 75.86 8.102
5204.75 73.882 8.094
5205.951 79.624 7.205
5207.148 81.545 7.021
5208.349 83.323 7.294
5209.547 78.286 7.25
5210.748 77.147 7.509
5211.947 75.471 7.386
5213.146 73.944 7.528
5214.348 72.872 7.599
5215.548 76.286 7.169
5216.751 71.97 6.784
5217.951 73.764 6.941
5219.154 75.143 8.123
5220.355 76.586 8.386
5221.556 78.786 8.085
5222.76 76.593 7.908
5223.961 76.39 8.28
5225.166 74.194 8.889
5226.368 77.201 7.497
5227.573 76.365 6.937
5228.776 77.949 6.923
5229.978 80.853 7.342
5231.184 78.914 7.732
5232.388 78.653 7.944
5233.594 75.894 7.427
5234.798 70.424 6.809
5236.006 70.239 7.252
5237.21 69.519 7.966
5238.415 74.859 8.059
5239.623 75.967 8.704
5240.828 78.155 8.795
5242.037 73.241 7.854
5243.243 72.142 7.253
5244.452 74.578 7.382
5245.658 76.833 7.499
5246.865 76.368 6.968
5248.075 73.456 7.433
5249.282 80.812 8.179
5250.493 78.207 7.591
5251.701 78.476 7.359
5252.912 80.601 7.217
5254.12 80.477 6.865
5255.329 75.045 7.541
5256.541 75.139 8.397
5257.75 77.335 7.876
5258.962 78.42 8.009
5260.172 78.833 7.472
5261.385 77.586 7.256
5262.595 76.133 7.1
5263.806 73.903 6.464
5265.02 75.919 6.315
5266.231 75.924 6.275
5267.446 80.205 6.481
5268.657 78.047 6.43
5269.872 75.769 6.382
5271.085 73.73 6.873
5272.297 71.817 6.902
5273.513 69.498 6.827
5274.726 72.198 6.878
5275.942 73.552 7.326
5277.156 72.501 7.736
5278.373 72.296 7.471
5279.587 73.014 7.328
5280.805 73.355 7.21
5282.02 77.439 6.928
5283.235 78.598 6.774
5284.453 73.021 6.886
5285.669 73.102 7.195
5286.888 76.283 7.736
5288.104 79.859 7.667
5289.323 78.939 7.275
5290.54 78.648 7.24
5291.757 74.701 7.341
5292.977 75.714 7.558
5294.195 77.312 7.566
5295.416 77.134 7.683
5296.634 79.52 7.693
5297.856 79.659 7.356
5299.074 80.168 7.33
5300.293 79.097 7.554
5301.516 74.702 7.746
5302.735 79.372 7.81
5303.958 80.466 7.409
5305.178 72.958 7.843
5306.402 70.501 8.223
5307.622 74.287 7.707
5308.843 77.83 7.829
5310.067 76.227 7.864
5311.289 76.725 7.73
5312.514 79.215 8.313
5313.736 81.489 8.193
5314.961 82.609 8.02
5316.184 81.741 7.843
5317.407 78.382 7.85
5318.633 78.983 7.824
5319.857 80.698 7.813
5321.083 79.592 8.006
5322.308 84.292 8.107
5323.535 81.77 7.974
5324.76 78.457 8.533
5325.985 76.531 9.031
5327.213 77.119 8.312
5328.438 80.038 7.773
5329.667 78.207 7.707
5330.893 80.369 8.357
5332.122 79.479 8.702
5333.349 73.804 8.331
5334.576 76.717 8.174
5335.806 72.59 8.319
5337.033 72.927 8.443
5338.264 67.891 8.296
5339.492 70.307 8.285
5340.724 75.234 7.899
5341.952 74.298 7.949
5343.181 76.926 8.576
5344.413 80.411 8.366
5345.643 79.003 8.068
5346.875 78.268 7.72
5348.105 77.062 7.802
5349.339 75.415 8.316
5350.569 74.704 8.775
5351.8 74.918 8.518
5353.034 77.441 7.742
5354.266 75.855 7.638
5355.5 77.265 8.114
5356.732 76.382 8.903
5357.968 78.393 8.762
5359.2 79.761 8.031
5360.433 80.854 7.713
5361.669 81.129 7.703
5362.903 81.406 7.247
5364.139 78.535 7.177
5365.373 80.176 7.45
5366.611 80.737 7.697
5367.845 79.299 8.118
5369.08 83.353 8.197
5370.318 81.257 8.117
5371.554 75.895 7.758
5372.792 76.608 7.409
5374.028 78.383 7.658
5375.268 75.151 8.091
5376.504 77.552 8.42
5377.744 81.261 8.435
5378.981 72.643 8.24
5380.218 72.315 7.812
5381.459 72.428 7.536
5382.697 78.752 7.453
5383.938 78.507 7.663
5385.177 77.576 7.869
5386.419 78.24 7.655
5387.658 79.075 8.118
5388.897 77.18 7.377
5390.14 77.318 7.322
5391.38 76.847 7.708
5392.623 77.759 7.809
5393.864 78.547 8.041
5395.108 77.574 7.762
5396.349 77.615 7.22
5397.59 75.85 6.642
5398.835 75.582 7.072
5400.077 75.361 7.426
5401.322 76.813 7.235
5402.565 75.953 6.973
5403.81 78.239 7.289
5405.054 76.478 7.225
5406.297 72.488 6.601
5407.544 74.828 6.619
5408.788 76.933 6.974
5410.035 73.968 7.255
5411.28 75.866 7.334
5412.527 75.438 7.507
5413.773 72.894 7.379
5415.018 71.34 7.813
5416.267 70.68 7.711
5417.513 72.093 7.246
5418.762 71.503 7.525
5420.008 71.564 7.667
5421.258 73.435 7.581
5422.505 76.307 7.854
5423.753 78.532 7.985
5425.004 74.925 7.751
5426.252 76.789 7.761
5427.503 79.09 7.585
5428.752 77.741 7.957
5430.003 74.333 7.868
5431.253 76.229 7.302
5432.502 75.214 7.536
5433.755 77.075 7.884
5435.005 75.092 7.908
5436.258 74.835 7.849
5437.509 73.85 7.9
5438.763 74.201 7.604
5440.014 72.219 7.785
5441.265 75.724 8.078
5442.52 75.904 8.037
5443.772 74.566 7.735
5445.027 73.924 8.057
5446.28 76.191 7.94
5447.536 81.238 7.964
5448.789 77.555 7.631
5450.043 80.506 7.646
5451.299 79.317 7.838
5452.553 81.609 8.113
5453.811 80.332 8.343
5455.065 77.745 7.736
5456.323 73.749 7.766
5457.578 72.092 7.872
5458.834 75.04 9.175
5460.093 80.815 16.503
5461.349 77.456 30.03
5462.608 76.561 34.337
5463.865 73.408 23.624
5465.125 73.083 13.232
5466.382 74.793 10.217
5467.64 76.666 9.275
5468.9 77.125 8.856
5470.159 78.534 8.849
5471.42 74.104 8.522
5472.679 76.549 8.168
5473.941 75.497 8.461
5475.2 75.295 8.931
5476.463 72.453 8.396
5477.722 80.001 7.757
5478.982 77.536 7.911
5480.246 74.098 8.128
5481.507 76.462 8.41
5482.771 76.05 8.967
5484.032 77.016 9.084
5485.297 74.344 9.221
5486.558 69.336 9.294
5487.821 72.357 8.423
5489.086 76.341 8.252
5490.349 75.252 8.322
5491.615 75.177 8.006
5492.878 74.722 8.211
5494.145 74.754 8.102
5495.409 76.369 8.073
5496.673 77.794 8.438
5497.941 76.757 8.665
5499.205 75.006 8.777
5500.473 75.038 9.059
5501.739 79.573 8.737
5503.008 75.991 8.53
5504.274 74.272 8.638
5505.54 76.328 7.85
5506.809 72.315 8.883
5508.076 76.203 8.799
5509.346 74.234 8.509
5510.614 75.38 8.709
5511.884 74.098 9.05
5513.152 78.03 9.065
5514.421 78.149 9.182
5515.692 77.702 9.262
5516.961 76.164 8.897
5518.233 75.522 8.257
5519.503 74.565 8.054
5520.776 74.661 8.969
5522.046 75.094 9.472
5523.316 75.056 8.982
5524.59 74.582 8.737
5525.861 76.357 8.647
5527.135 73.521 8.982
5528.406 79.423 8.624
5529.681 78.931 8.277
5530.953 77.107 8.236
5532.226 78.498 8.293
5533.501 81.358 8.189
5534.774 80.324 8.26
5536.051 75.554 8.399
5537.324 78.703 8.16
5538.601 73.247 7.692
5539.875 73.205 7.638
5541.15 78.527 8.359
5542.428 78.447 8.697
5543.703 75.695 9.466
5544.981 75.532 9.474
5546.257 75.316 9.426
5547.536 76.79 9.214
5548.812 77.404 8.928
5550.088 78.189 8.95
5551.368 77.732 8.548
5552.645 77.464 8.408
5553.926 77.194 8.472
5555.203 77.531 8.231
5556.484 74.892 8.135
5557.763 75.443 7.944
5559.041 80.795 7.66
5560.323 76.441 7.877
5561.602 77.357 7.78
5562.885 75.795 7.976
5564.164 76.596 8.416
5565.447 78.833 9.77
5566.728 77.317 9.005
5568.008 78.919 7.028
5569.292 74.365 7.155
5570.574 73.589 7.359
5571.858 76.693 7.451
5573.14 74.757 6.575
5574.425 77.712 6.645
5575.707 68.748 54.903
5576.993 56.679 507.927
5578.276 73.053 1162.725
5579.559 73.39 1039.296
5580.846 68.3 367.626
5582.13 70.441 51.207
5583.417 70.994 13.381
5584.702 75.152 7.968
5585.989 74.801 7.047
5587.275 78.002 7.189
5588.56 75.627 6.842
5589.849 77.03 7.82
5591.135 76.983 8.893
5592.424 75.68 8.246
5593.71 72.502 7.58
5595.0 75.673 7.341
5596.287 70.276 7.49
5597.575 70.273 7.761
5598.866 70.757 8.091
5600.154 71.555 8.483
5601.445 74.931 7.731
5602.734 73.42 7.677
5604.026 72.907 8.513
5605.315 73.887 9.664
5606.604 76.207 10.198
5607.897 75.491 9.659
5609.187 75.031 8.701
5610.481 72.499 8.514
5611.771 72.243 8.751
5613.065 75.186 8.625
5614.357 76.427 8.277
5615.648 78.362 8.633
5616.943 74.868 8.47
5618.235 79.267 8.513
5619.531 79.566 8.53
5620.824 78.877 8.423
5622.12 80.345 8.118
5623.413 76.811 8.926
5624.707 75.221 10.244
5626.004 74.288 10.047
5627.298 73.016 9.093
5628.596 72.029 8.732
5629.891 75.998 8.476
5631.189 74.91 8.196
5632.484 75.331 8.733
5633.78 74.476 8.627
5635.079 76.033 8.027
5636.376 75.503 8.191
5637.675 76.36 8.555
5638.972 80.386 8.844
5640.273 76.519 9.187
5641.57 80.302 9.258
5642.868 76.091 9.564
5644.169 73.267 9.078
5645.468 76.208 9.582
5646.769 74.75 9.942
5648.069 76.49 9.899
5649.371 72.946 9.812
5650.671 75.117 9.064
5651.971 75.145 8.962
5653.274 75.008 8.723
5654.574 76.972 8.152
5655.878 71.869 8.551
5657.179 78.562 8.167
5658.484 76.823 8.483
5659.786 76.397 8.766
5661.088 75.565 8.421
5662.393 75.149 8.949
5663.696 76.648 9.138
5665.002 73.776 9.504
5666.305 73.021 9.694
5667.612 74.216 9.908
5668.916 71.2 10.258
5670.22 72.699 10.26
5671.527 72.762 11.254
5672.832 73.029 11.86
5674.14 74.589 11.7
5675.445 77.239 11.236
5676.754 71.656 10.851
5678.06 74.34 10.762
5679.369 74.138 10.508
5680.676 77.344 10.578
5681.983 74.094 12.35
5683.293 75.902 13.845
5684.6 79.021 15.883
5685.911 79.961 16.203
5687.219 76.319 17.075
5688.531 75.728 18.46
5689.839 73.348 18.893
5691.148 74.275 18.583
5692.461 73.932 17.557
5693.77 73.121 15.741
5695.083 71.73 14.411
5696.393 77.402 13.392
5697.707 77.998 12.613
5699.018 73.942 12.562
5700.329 75.799 12.44
5701.643 79.353 11.704
5702.955 76.11 11.403
5704.27 79.05 10.309
5705.582 76.485 10.041
5706.898 79.123 10.069
5708.211 80.637 10.082
5709.524 76.286 9.923
5710.841 75.626 10.299
5712.154 77.716 10.575
5713.472 73.277 10.722
5714.786 73.951 10.579
5716.104 75.859 10.339
5717.419 73.568 9.651
5718.734 70.876 10.037
5720.053 73.283 9.993
5721.369 73.181 9.805
5722.688 77.659 10.089
5724.004 71.242 9.576
5725.324 78.301 9.848
5726.642 75.717 9.52
5727.959 78.373 9.307
5729.28 76.491 9.64
5730.598 75.658 9.515
5731.919 76.232 9.319
5733.238 77.277 9.489
5734.56 71.029 9.414
5735.879 74.646 9.761
5737.199 76.267 9.448
5738.522 80.324 8.589
5739.842 78.882 8.852
5741.165 74.111 9.09
5742.486 75.581 8.399
5743.81 79.68 8.795
5745.132 74.487 8.997
5746.453 78.016 8.89
5747.779 77.893 9.33
5749.101 77.588 9.078
5750.427 74.752 8.923
5751.749 74.053 8.951
5753.076 75.905 9.03
5754.399 75.818 9.006
5755.723 77.183 9.37
5757.05 75.848 9.093
5758.375 74.436 9.294
5759.703 76.144 8.742
5761.028 74.91 9.127
5762.356 75.514 9.862
5763.682 76.306 9.232
5765.008 78.85 9.332
5766.337 79.775 10.527
5767.664 76.066 12.022
5768.994 77.638 14.755
5770.321 77.186 17.816
5771.651 76.727 17.584
5772.979 71.668 15.01
5774.307 77.545 11.519
5775.639 75.048 10.489
5776.967 80.151 9.271
5778.3 80.378 9.476
5779.629 77.67 9.356
5780.962 78.504 9.753
5782.291 76.879 9.491
5783.625 73.998 9.462
5784.955 75.2 9.519
5786.286 77.944 9.698
5787.621 76.65 10.699
5788.952 79.004 12.035
5790.287 74.027 14.68
5791.619 72.3 17.123
5792.954 70.965 17.008
5794.287 78.406 13.245
5795.62 77.456 11.428
5796.957 77.638 10.529
5798.29 74.919 11.308
5799.627 74.301 10.209
5800.961 80.778 10.344
5802.299 73.616 9.951
5803.634 75.965 9.808
5804.969 78.646 9.471
5806.308 75.958 9.849
5807.643 75.162 9.935
5808.983 74.911 9.877
5810.319 77.996 10.207
5811.659 76.898 10.096
5812.996 75.888 9.739
5814.333 77.444 10.118
5815.674 77.074 9.981
5817.012 75.276 10.291
5818.353 78.467 10.311
5819.692 76.995 10.035
5821.034 78.298 10.05
5822.373 78.831 10.537
5823.712 76.921 10.689
5825.055 75.762 10.448
5826.395 78.124 10.406
5827.739 75.875 10.96
5829.079 75.099 11.23
5830.424 76.041 10.607
5831.765 74.888 10.685
5833.106 77.364 11.079
5834.451 78.398 10.923
5835.794 78.387 10.734
5837.139 82.662 10.888
5838.482 77.127 10.616
5839.829 76.891 10.596
5841.172 79.002 10.901
5842.516 77.17 11.14
5843.863 77.283 10.501
5845.207 76.752 10.317
5846.555 75.702 11.25
5847.9 80.339 10.919
5849.249 81.486 10.827
5850.594 78.874 11.419
5851.94 78.954 11.179
5853.29 77.723 11.271
5854.636 79.111 11.145
5855.986 77.363 11.085
5857.334 74.175 11.381
5858.684 74.823 11.381
5860.032 75.705 11.504
5861.38 74.593 11.372
5862.732 73.804 11.14
5864.08 74.832 11.328
5865.433 75.484 12.589
5866.782 78.531 15.242
5868.135 76.374 17.009
5869.485 73.421 16.882
5870.835 77.425 14.476
5872.189 71.666 12.379
5873.54 76.508 12.35
5874.894 75.099 11.758
5876.246 72.813 11.743
5877.601 76.974 10.95
5878.953 80.278 9.917
5880.305 77.848 9.703
5881.661 76.228 9.837
5883.014 76.703 9.963
5884.371 89.59 9.671
5885.725 99.1 10.651
5887.082 95.329 12.14
5888.436 80.738 23.054
5889.794 74.119 78.609
5891.149 70.86 141.331
5892.504 73.002 120.826
5893.863 74.278 50.598
5895.219 72.797 41.132
5896.578 78.104 81.584
5897.935 68.321 91.589
5899.295 65.494 54.252
5900.652 56.413 19.33
5902.01 63.866 11.591
5903.371 69.329 10.891
5904.729 67.222 11.186
5906.09 63.906 11.56
5907.449 67.582 12.084
5908.811 69.692 11.693
5910.17 69.836 11.475
5911.53 75.363 11.25
5912.893 74.443 11.259
5914.254 70.182 12.17
5915.617 74.396 14.628
5916.978 74.552 16.297
5918.343 74.964 15.106
5919.704 75.981 12.098
5921.066 74.045 11.329
5922.431 73.7 11.83
5923.794 71.497 12.3
5925.16 72.533 13.792
5926.523 73.128 14.556
5927.89 71.727 13.792
5929.253 75.081 12.926
5930.617 73.189 12.64
5931.985 74.475 13.362
5933.35 74.12 16.019
5934.718 74.077 18.257
5936.083 77.965 15.253
5937.452 76.979 13.036
5938.818 75.071 12.695
5940.184 75.43 11.907
5941.554 74.657 11.61
5942.921 72.112 11.722
5944.291 73.27 11.754
5945.659 74.96 12.826
5947.03 71.55 13.966
5948.398 74.101 13.587
5949.766 73.537 12.571
5951.138 72.428 12.257
5952.507 75.742 13.164
5953.88 74.044 16.452
5955.249 77.136 17.473
5956.623 76.598 15.237
5957.993 74.32 12.71
5959.364 74.052 11.81
5960.738 73.481 12.15
5962.109 73.301 12.266
5963.484 74.27 12.418
5964.856 74.312 12.614
5966.231 76.244 12.01
5967.604 74.802 11.851
5968.977 73.381 12.296
5970.353 72.871 12.782
5971.727 74.925 13.601
5973.104 75.466 13.109
5974.478 75.598 12.415
5975.856 74.368 12.844
5977.23 74.142 13.701
5978.605 75.155 14.443
5979.984 74.744 13.864
5981.36 76.223 12.728
5982.739 75.399 11.703
5984.115 75.746 11.484
5985.495 75.033 11.675
5986.872 70.899 11.631
5988.249 72.904 11.51
5989.63 77.001 11.659
5991.008 73.27 11.698
5992.39 70.282 11.548
5993.768 72.674 11.228
5995.15 73.765 10.802
5996.53 72.457 10.709
5997.912 73.204 11.263
5999.292 72.418 11.58
6000.672 70.055 11.656
6002.056 76.49 11.524
6003.437 73.371 11.24
6004.821 74.683 12.086
6006.203 73.554 12.075
6007.588 73.568 11.193
6008.97 76.052 10.428
6010.352 74.336 10.129
6011.738 70.271 10.322
6013.121 71.514 10.229
6014.508 73.474 9.895
6015.891 71.964 10.033
6017.278 75.31 10.311
6018.663 69.831 10.412
6020.047 72.702 9.746
6021.436 71.686 10.01
6022.821 71.348 10.035
6024.21 73.418 9.84
6025.595 73.953 9.812
6026.985 76.161 9.874
6028.371 73.072 10.387
6029.758 71.224 10.528
6031.149 72.916 10.266
6032.536 71.975 9.929
6033.927 73.596 10.191
6035.315 70.539 11.465
6036.707 73.795 10.905
6038.096 72.624 9.749
6039.485 75.638 9.89
6040.878 72.743 9.9
6042.267 75.311 10.072
6043.661 77.713 9.726
6045.051 77.719 9.663
6046.445 77.87 9.58
6047.836 75.455 9.467
6049.227 74.463 9.541
6050.622 75.883 9.432
6052.014 72.809 9.532
6053.41 71.572 9.833
6054.802 75.053 9.801
6056.198 73.326 9.531
6057.592 74.83 8.955
6058.985 74.139 8.905
6060.382 76.623 9.194
6061.777 76.704 9.661
6063.174 76.197 9.832
6064.569 74.158 9.563
6065.968 74.583 9.45
6067.363 75.571 9.482
6068.759 74.685 9.63
6070.158 76.67 9.72
6071.555 72.974 9.311
6072.955 71.413 8.916
6074.352 75.873 9.259
6075.753 71.643 9.109
6077.15 72.102 8.8
6078.549 75.427 9.058
6079.95 72.493 9.133
6081.349 73.247 9.035
6082.751 75.218 9.038
6084.151 75.385 8.853
6085.554 73.841 8.692
6086.954 74.36 8.873
6088.354 74.633 9.139
6089.758 69.116 9.034
6091.159 70.993 8.652
6092.563 72.74 8.747
6093.965 72.772 8.947
6095.37 71.304 8.784
6096.772 71.91 9.095
6098.178 73.005 8.827
6099.581 74.804 8.705
6100.984 70.134 9.071
6102.391 69.713 9.28
6103.795 71.731 9.022
6105.203 73.522 8.871
6106.607 75.572 8.997
6108.015 73.663 9.167
6109.42 72.672 9.382
6110.826 72.394 9.089
6112.235 72.249 9.143
6113.641 69.8 8.69
6115.051 73.105 8.643
6116.458 71.367 8.661
6117.868 73.937 8.742
6119.276 72.146 8.538
6120.683 73.086 8.295
6122.095 73.124 8.418
6123.503 72.847 8.199
6124.915 73.361 8.006
6126.324 71.651 8.289
6127.737 71.772 8.732
6129.147 73.066 8.602
6130.557 71.022 8.443
6131.97 72.879 8.077
6133.381 70.926 8.686
6134.795 72.398 8.473
6136.207 74.613 8.571
6137.622 72.033 8.996
6139.034 70.555 9.253
6140.446 71.629 9.627
6141.862 73.118 9.553
6143.275 73.014 9.669
6144.691 72.669 10.168
6146.105 71.129 10.125
6147.522 67.403 9.602
6148.936 68.775 9.216
6150.351 70.274 8.902
6151.769 68.425 8.927
6153.184 69.767 9.225
6154.603 71.104 10.01
6156.019 74.431 10.693
6157.439 71.671 10.181
6158.855 70.052 10.107
6160.272 70.174 10.173
6161.693 70.836 10.979
6163.11 71.906 11.48
6164.531 72.2 10.569
6165.949 71.207 9.206
6167.371 70.771 8.572
6168.79 71.439 8.435
6170.209 70.31 8.961
6171.632 68.135 10.145
6173.052 64.789 10.422
6174.475 67.639 8.968
6175.896 68.012 9.032
6177.32 68.703 8.738
6178.741 70.498 8.558
6180.162 69.997 8.301
6181.588 71.568 8.162
6183.01 70.301 8.211
6184.435 69.108 8.471
6185.858 70.161 8.726
6187.285 68.845 8.837
6188.708 70.391 8.51
6190.132 70.938 8.252
6191.559 66.698 8.679
6192.983 68.947 8.33
6194.412 68.105 8.515
6195.837 67.1 8.626
6197.265 69.531 8.239
6198.691 68.433 8.045
6200.117 68.347 8.152
6201.547 69.76 8.452
6202.973 69.79 9.169
6204.404 68.15 9.696
6205.831 68.139 9.307
6207.262 71.144 8.437
6208.69 71.63 8.074
6210.122 67.927 8.313
6211.55 69.524 8.532
6212.979 69.768 8.806
6214.412 71.514 8.969
6215.842 70.145 8.419
6217.275 71.866 7.982
6218.705 71.891 8.101
6220.139 72.542 8.053
6221.57 71.18 9.082
6223.002 71.419 9.845
6224.437 68.787 9.743
6225.869 66.959 8.851
6227.304 68.964 8.032
6228.737 70.547 7.635
6230.173 70.979 7.644
6231.606 69.039 8.028
6233.04 66.797 8.529
6234.477 70.798 11.192
6235.911 72.905 15.857
6237.349 70.442 18.93
6238.784 65.113 17.182
6240.223 66.407 13.585
6241.659 68.537 12.196
6243.094 68.328 11.705
6244.534 68.023 10.889
6245.971 68.955 9.811
6247.411 68.843 8.93
6248.848 68.024 8.531
6250.289 67.021 8.248
6251.727 65.596 7.762
6253.165 67.135 7.909
6254.607 67.99 7.663
6256.046 66.344 8.145
6257.489 67.733 11.653
6258.928 68.029 17.299
6260.371 68.541 17.084
6261.812 68.407 12.68
6263.252 70.459 9.448
6264.696 68.015 9.759
6266.138 68.637 10.921
6267.583 69.61 10.945
6269.024 67.657 9.802
6270.47 68.337 8.901
6271.913 70.471 8.481
6273.355 68.607 8.233
6274.802 69.591 8.347
6276.246 72.535 9.022
6277.693 70.628 9.89
6279.137 71.162 9.805
6280.585 68.059 9.255
6282.03 70.533 8.007
6283.475 69.915 7.83
6284.924 69.243 8.16
6286.37 72.153 9.939
6287.819 72.362 13.326
6289.266 69.611 15.275
6290.716 69.612 13.436
6292.163 68.681 9.52
6293.611 67.676 7.809
6295.062 68.151 7.952
6296.51 65.957 8.553
6297.962 67.574 10.753
6299.411 70.612 15.1
6300.864 69.032 22.272
6302.313 70.68 22.447
6303.763 70.841 16.424
6305.217 69.153 10.077
6306.667 69.539 13.576
6308.122 68.778 17.612
6309.573 75.089 16.661
6311.028 78.272 11.873
6312.48 76.239 8.294
6313.932 71.673 7.578
6315.388 67.496 7.628
6316.841 67.741 7.532
6318.297 70.25 7.519
6319.751 70.581 7.504
6321.208 70.684 8.829
6322.662 70.959 10.902
6324.12 70.81 10.443
6325.575 70.273 8.446
6327.03 66.959 7.886
6328.489 65.128 9.191
6329.945 67.07 13.253
6331.405 68.84 15.783
6332.861 69.042 13.841
6334.322 69.339 9.954
6335.779 70.853 8.019
6337.236 69.262 7.565
6338.698 70.224 7.508
6340.156 72.127 7.559
6341.618 69.935 7.806
6343.077 69.492 7.879
6344.54 69.419 7.961
6345.999 67.584 8.172
6347.459 71.0 8.181
6348.923 68.485 9.412
6350.383 69.935 9.833
6351.848 68.341 9.325
6353.309 67.929 7.893
6354.774 67.294 8.014
6356.236 68.964 10.56
6357.698 68.132 12.728
6359.164 69.351 11.804
6360.627 73.807 9.451
6362.094 70.661 8.579
6363.557 70.343 10.212
6365.025 71.919 12.016
6366.489 66.813 11.68
6367.954 64.908 9.669
6369.422 65.794 7.587
6370.887 65.407 7.682
6372.357 67.915 7.456
6373.823 69.069 7.468
6375.292 72.618 7.522
6376.759 71.562 7.612
6378.226 68.226 7.665
6379.697 69.408 8.941
6381.164 70.961 8.891
6382.636 71.266 8.612
6384.104 69.053 7.976
6385.576 69.122 8.732
6387.045 71.532 9.978
6388.515 70.768 10.377
6389.988 68.277 9.41
6391.458 68.325 7.846
6392.932 69.71 7.263
6394.402 70.69 7.565
6395.877 69.146 7.725
6397.348 68.786 7.546
6398.82 71.644 7.243
6400.296 71.521 7.278
6401.768 70.614 7.398
6403.244 69.702 7.434
6404.717 69.651 7.599
6406.194 68.62 7.486
6407.668 71.322 7.377
6409.142 71.03 7.391
6410.62 66.892 7.327
6412.095 67.989 7.402
6413.573 68.405 7.909
6415.049 68.095 8.125
6416.528 69.094 7.688
6418.004 68.669 7.277
6419.481 68.165 7.487
6420.961 67.402 8.334
6422.438 68.702 8.78
6423.919 70.046 7.763
6425.397 69.799 7.269
6426.878 68.559 7.206
6428.357 68.516 7.084
6429.836 68.591 6.826
6431.319 71.771 6.745
6432.798 69.167 6.691
6434.281 69.888 6.695
6435.762 70.764 6.911
6437.246 70.938 6.893
6438.727 70.295 6.971
6440.211 68.952 6.879
6441.693 68.101 6.64
6443.175 67.308 6.772
6444.661 68.429 6.938
6446.143 70.38 6.894
6447.63 69.224 7.103
6449.113 70.217 7.025
6450.6 68.237 7.285
6452.084 69.463 7.807
6453.568 72.283 8.046
6455.056 71.614 7.957
6456.541 71.81 7.785
6458.03 72.663 7.556
6459.516 70.473 7.977
6461.006 65.072 7.968
6462.492 65.733 8.12
6463.979 68.219 9.068
6465.469 68.768 10.859
6466.957 67.1 12.119
6468.448 66.749 11.504
6469.936 69.716 10.517
6471.428 71.896 10.916
6472.917 69.405 11.414
6474.406 67.091 10.019
6475.899 70.162 7.664
6477.388 69.817 7.362
6478.882 68.393 8.165
6480.372 68.578 8.074
6481.867 68.245 7.371
6483.358 70.061 6.705
6484.849 68.337 6.733
6486.345 67.729 6.709
6487.837 70.068 6.803
6489.333 71.267 6.646
6490.826 70.799 6.641
6492.323 70.071 6.652
6493.816 67.226 6.695
6495.31 69.101 6.753
6496.808 70.209 7.426
6498.303 68.598 10.717
6499.801 69.371 14.934
6501.296 68.746 15.106
6502.796 66.148 11.026
6504.292 65.996 8.405
6505.788 65.138 9.144
6507.288 63.491 9.528
6508.785 63.469 8.609
6510.286 66.639 7.241
6511.784 65.789 6.445
6513.285 68.748 7.102
6514.784 66.845 7.301
6516.282 67.445 7.498
6517.785 67.804 6.482
6519.284 68.706 6.233
6520.788 70.93 6.611
6522.288 67.967 7.491
6523.792 66.751 8.558
6525.293 69.793 8.415
6526.794 70.405 7.507
6528.299 68.86 7.127
6529.801 66.683 6.981
6531.306 66.202 7.165
6532.809 69.712 9.643
6534.315 68.957 13.544
6535.819 69.7 13.254
6537.322 69.354 9.021
6538.83 67.963 6.437
6540.334 68.173 6.802
6541.842 65.177 7.046
6543.347 67.784 8.206
6544.856 68.34 9.848
6546.362 68.401 9.805
6547.867 69.749 8.752
6549.377 65.35 7.217
6550.884 66.518 6.717
6552.395 66.884 8.234
6553.902 67.078 11.932
6555.413 66.946 14.278
6556.921 98.163 12.206
6558.433 157.63 8.432
6559.942 180.936 6.718
6561.451 136.063 7.0
6562.964 78.24 8.218
6564.474 65.513 9.097
6565.988 64.278 8.547
6567.498 65.813 7.087
6569.013 70.267 8.079
6570.524 113.583 9.321
6572.036 455.828 8.702
6573.551 1022.744 7.509
6575.063 1033.671 6.994
6576.58 513.3 8.732
6578.092 137.222 12.149
6579.609 65.792 12.628
6581.123 61.852 10.165
6582.637 63.834 7.483
6584.155 64.135 7.09
6585.67 64.895 7.071
6587.188 64.468 6.853
6588.704 66.765 6.581
6590.223 66.783 6.628
6591.739 110.152 6.807
6593.255 266.189 6.797
6594.776 418.496 6.914
6596.293 348.546 7.432
6597.814 155.93 8.136
6599.332 73.678 8.171
6600.854 69.19 6.982
6602.372 70.132 6.744
6603.891 69.351 8.245
6605.414 67.934 10.016
6606.933 68.45 9.693
6608.457 67.344 7.479
6609.977 67.821 6.506
6611.502 70.45 6.441
6613.022 68.538 6.485
6614.544 67.936 6.512
6616.069 66.12 6.371
6617.591 67.106 6.373
6619.117 69.632 6.478
6620.64 66.748 6.528
6622.167 66.116 6.432
6623.69 69.246 6.31
6625.214 68.167 6.499
6626.742 67.3 6.927
6628.266 70.116 7.288
6629.794 69.903 7.36
6631.32 68.783 6.942
6632.849 68.88 6.761
6634.375 67.217 7.546
6635.901 66.307 8.164
6637.431 67.414 7.674
6638.958 66.143 7.008
6640.489 64.814 6.672
6642.017 69.58 6.644
6643.548 68.196 6.59
6645.077 66.431 6.432
6646.605 67.128 6.353
6648.138 67.925 6.393
6649.667 68.483 6.244
6651.201 69.776 6.199
6652.731 69.533 6.453
6654.265 68.348 6.545
6655.796 67.008 6.685
6657.327 68.7 6.68
6658.862 69.318 6.597
6660.394 69.094 6.799
6661.93 69.953 6.992
6663.462 69.562 7.154
6664.999 69.924 7.23
6666.532 70.562 6.874
6668.066 68.727 6.94
6669.604 69.704 7.307
6671.138 71.023 6.992
6672.676 69.062 6.747
6674.211 66.59 6.576
6675.75 66.568 6.429
6677.286 68.463 6.261
6678.826 67.571 6.387
6680.362 70.008 6.489
6681.899 68.616 6.358
6683.44 70.379 6.378
6684.977 71.036 6.428
6686.519 71.546 6.325
6688.057 72.718 6.32
6689.599 74.658 6.471
6691.138 71.608 6.393
6692.678 68.062 6.335
6694.221 66.929 6.36
6695.761 67.847 6.324
6697.305 67.346 6.347
6698.846 66.899 6.681
6700.39 67.162 7.261
6701.932 69.528 7.412
6703.474 71.115 7.103
6705.019 67.542 7.057
6706.562 68.641 6.944
6708.108 67.016 7.095
6709.652 67.038 7.44
6711.199 68.482 7.254
6712.743 67.782 6.674
6714.287 67.954 6.426
6715.835 66.516 6.8
6717.38 68.065 6.395
6718.929 66.133 6.796
6720.475 67.094 6.816
6722.025 68.195 6.692
6723.571 68.237 6.493
6725.118 87.847 6.487
6726.669 173.348 6.297
6728.216 228.673 6.331
6729.768 180.658 6.457
6731.316 100.145 6.753
6732.868 69.452 6.661
6734.417 66.924 6.495
6735.966 69.018 6.404
6737.519 67.142 6.466
6739.069 73.71 6.71
6740.623 126.366 6.838
6742.174 188.05 6.894
6743.729 175.503 6.825
6745.28 107.745 6.968
6746.832 66.932 7.087
6748.388 65.987 6.602
6749.94 65.758 6.418
6751.497 65.432 6.568
6753.05 64.529 6.357
6754.607 65.21 6.178
6756.161 67.35 6.225
6757.715 68.297 6.126
6759.274 66.529 6.162
6760.829 66.825 6.094
6762.388 65.467 6.189
6763.943 67.114 6.498
6765.503 67.147 6.364
6767.059 67.336 6.223
6768.616 65.89 6.493
6770.177 67.915 6.198
6771.734 67.346 6.051
6773.296 64.849 6.028
6774.854 67.607 6.026
6776.416 67.034 6.046
6777.975 64.81 5.999
6779.535 67.063 6.105
6781.098 65.978 6.2
6782.658 64.884 6.271
6784.222 65.649 6.42
6785.783 67.284 6.332
6787.348 69.455 6.28
6788.909 67.702 6.492
6790.471 66.806 6.631
6792.037 67.256 6.211
6793.599 65.289 5.815
6795.166 66.724 6.016
6796.729 64.373 6.181
6798.296 64.004 6.013
6799.86 65.037 6.206
6801.428 65.356 6.126
6802.993 66.199 5.966
6804.558 65.159 6.148
6806.127 64.3 5.958
6807.693 65.286 6.121
6809.263 66.548 6.056
6810.829 67.359 6.339
6812.4 64.674 6.017
6813.967 66.27 6.374
6815.534 66.686 6.055
6817.106 66.318 5.981
6818.674 66.783 6.194
6820.247 69.514 6.156
6821.816 70.226 5.923
6823.389 66.535 5.901
6824.958 67.075 6.192
6826.528 67.194 7.409
6828.103 65.928 11.676
6829.673 67.31 18.758
6831.248 68.152 21.471
6832.82 67.405 18.494
6834.396 67.261 17.764
6835.968 67.475 19.387
6837.54 67.056 15.937
6839.117 67.218 9.601
6840.69 67.382 7.31
6842.268 65.857 8.739
6843.842 67.506 9.556
6845.42 68.054 8.062
6846.995 65.63 6.531
6848.57 65.807 6.239
6850.149 65.372 6.368
6851.725 63.961 7.136
6853.305 64.824 6.673
6854.882 64.176 6.447
6856.462 66.252 5.728
6858.04 68.404 6.019
6859.617 66.738 5.891
6861.199 65.046 6.142
6862.778 65.268 10.343
6864.36 67.137 24.196
6865.939 64.488 29.702
6867.523 66.236 21.235
6869.102 67.349 9.859
6870.683 64.377 8.845
6872.267 64.128 10.04
6873.848 64.036 9.312
6875.433 65.365 7.288
6877.015 67.21 6.265
6878.601 68.639 6.411
6880.183 66.446 7.147
6881.766 66.883 8.586
6883.353 65.614 9.587
6884.936 65.61 8.362
6886.524 68.113 7.084
6888.108 68.355 7.718
6889.697 67.788 9.966
6891.281 68.183 11.552
6892.867 65.32 9.796
6894.456 63.463 7.406
6896.042 65.358 6.624
6897.633 65.242 6.443
6899.219 66.735 6.794
6900.81 66.806 8.925
6902.398 67.932 11.607
6903.986 68.006 10.575
6905.578 65.736 7.502
6907.166 65.544 6.349
6908.759 67.439 6.108
6910.349 67.518 6.537
6911.942 66.945 8.312
6913.532 67.978 13.005
6915.123 67.754 13.38
6916.717 64.323 9.09
6918.308 67.169 6.257
6919.904 65.892 6.214
6921.496 69.062 6.368
6923.092 65.644 13.238
6924.684 62.019 19.734
6926.281 66.85 17.848
6927.875 66.551 9.185
6929.468 65.962 6.694
6931.066 66.018 6.418
6932.661 66.149 5.994
6934.259 65.151 5.876
6935.855 65.017 5.812
6937.454 65.222 6.192
6939.05 64.413 8.583
6940.646 64.609 12.179
6942.247 66.741 12.272
6943.844 65.757 8.836
6945.445 66.525 6.633
6947.043 67.803 6.544
6948.645 66.714 12.454
6950.243 66.088 19.771
6951.842 67.048 19.673
6953.445 65.808 12.418
6955.045 66.05 7.058
6956.649 65.685 6.67
6958.249 64.684 7.135
6959.854 66.128 7.187
6961.455 65.225 7.129
6963.056 65.463 6.698
6964.662 66.754 6.473
6966.264 65.765 6.808
6967.871 65.994 7.218
6969.473 66.279 8.399
6971.081 66.117 10.596
6972.684 66.713 10.419
6974.288 68.171 7.745
6975.897 66.564 6.485
6977.501 66.663 8.559
6979.11 65.92 14.257
6980.716 66.351 16.58
6982.326 70.1 11.64
6983.932 67.38 7.425
6985.539 68.973 6.995
6987.149 66.969 7.159
6988.757 65.114 7.282
6990.368 63.517 7.247
6991.977 65.094 6.793
6993.589 66.271 6.574
6995.198 66.14 6.472
6996.807 68.085 6.488
6998.42 67.019 6.945
7000.03 66.248 6.261
7001.645 66.081 6.482
7003.255 64.763 7.139
7004.87 65.674 8.275
7006.482 67.428 8.605
7008.094 66.444 6.904
7009.71 65.559 6.243
7011.322 64.516 8.498
7012.939 63.805 10.406
7014.552 66.472 9.353
7016.17 64.204 6.816
7017.784 65.084 5.802
7019.398 64.669 5.841
7021.017 67.725 5.88
7022.632 66.892 5.77
7024.252 65.174 5.716
7025.867 65.387 5.799
7027.488 63.582 5.599
7029.104 62.237 5.547
7030.721 66.194 5.86
7032.343 66.092 6.009
7033.96 66.255 6.14
7035.582 66.67 5.915
7037.201 64.73 5.679
7038.824 62.781 5.705
7040.443 65.273 6.098
7042.066 66.461 6.895
7043.686 64.303 7.137
7045.307 67.872 6.977
7046.931 67.833 8.135
7048.553 65.48 10.496
7050.178 65.521 11.713
7051.8 63.197 10.662
7053.426 64.842 8.892
7055.049 65.222 7.974
7056.672 66.041 7.319
7058.299 68.398 6.584
7059.923 68.755 6.106
7061.551 66.579 6.602
7063.175 67.945 7.17
7064.804 66.147 7.43
7066.429 64.803 7.694
7068.055 65.58 7.434
7069.685 66.72 7.606
7071.311 64.283 7.439
7072.942 65.249 7.612
7074.569 64.005 7.45
7076.2 67.991 7.541
7077.828 68.402 7.292
7079.456 65.522 7.274
7081.089 64.366 7.566
7082.718 64.102 7.52
7084.351 65.489 8.177
7085.981 65.009 7.633
7087.615 65.734 7.218
7089.245 65.177 8.117
7090.876 66.069 9.109
7092.511 68.064 8.188
7094.143 63.139 7.45
7095.779 63.96 6.656
7097.411 63.083 6.209
7099.048 63.514 6.246
7100.681 62.178 6.093
7102.314 61.569 6.062
7103.952 64.151 5.883
7105.587 61.059 6.038
7107.225 61.359 5.937
7108.86 63.488 6.131
7110.499 64.099 6.238
7112.135 65.849 6.104
7113.771 62.364 6.21
7115.412 62.365 6.211
7117.049 66.22 5.855
7118.69 63.249 6.092
7120.327 64.463 5.981
7121.969 63.745 5.707
7123.608 61.361 5.795
7125.246 63.436 5.977
7126.89 61.024 6.222
7128.529 62.432 6.942
7130.173 63.868 7.052
7131.813 63.821 6.698
7133.458 63.9 6.903
7135.099 64.033 6.988
7136.74 62.488 6.484
7138.386 61.244 5.921
7140.028 61.042 5.826
7141.675 62.653 6.377
7143.318 60.908 7.879
7144.965 61.135 9.142
7146.608 68.395 9.508
7148.253 72.362 9.096
7149.901 68.5 8.347
7151.546 62.528 7.351
7153.195 62.417 6.692
7154.84 61.098 6.284
7156.49 60.955 6.11
7158.137 62.148 6.505
7159.783 62.708 6.954
7161.434 62.33 7.161
7163.082 62.69 7.298
7164.734 61.748 7.231
7166.382 60.982 7.231
7168.034 61.081 7.336
7169.683 63.843 7.245
7171.337 62.761 7.245
7172.987 62.476 6.938
7174.637 62.71 6.908
7176.291 60.615 7.168
7177.942 61.438 7.393
7179.597 63.578 7.117
7181.249 63.921 7.006
7182.905 62.398 7.181
7184.557 63.369 7.055
7186.21 64.08 6.442
7187.867 62.207 5.983
7189.521 60.891 5.963
7191.179 61.696 5.858
7192.833 61.73 5.745
7194.492 59.43 5.545
7196.147 61.013 5.472
7197.802 64.756 5.602
7199.462 62.187 5.674
7201.118 58.856 5.95
7202.779 60.985 6.134
7204.436 63.352 5.934
7206.097 62.464 5.653
7207.755 63.309 5.445
7209.413 62.039 5.561
7211.075 60.63 5.859
7212.734 63.062 5.787
7214.398 63.625 5.446
7216.057 63.978 5.402
7217.721 62.704 5.588
7219.382 61.598 5.752
7221.043 63.445 6.18
7222.708 62.743 6.964
7224.369 61.27 7.468
7226.035 61.388 7.186
7227.697 60.526 6.571
7229.364 62.121 6.474
7231.027 65.2 6.712
7232.691 65.62 6.78
7234.359 61.806 7.132
7236.023 59.877 7.278
7237.691 62.226 9.853
7239.357 63.316 21.937
7241.026 62.496 39.698
7242.692 64.512 45.407
7244.358 62.69 40.527
7246.028 62.715 43.766
7247.695 65.901 41.018
7249.367 63.963 25.554
7251.034 61.308 12.077
7252.706 64.127 10.688
7254.375 63.907 13.715
7256.044 62.246 14.491
7257.717 61.413 11.659
7259.387 62.386 8.726
7261.061 63.038 7.165
7262.731 63.953 6.643
7264.406 64.698 6.958
7266.077 62.623 7.326
7267.748 62.505 8.0
7269.424 63.849 9.193
7271.097 63.957 9.4
7272.773 64.985 8.772
7274.447 64.29 12.255
7276.124 62.888 33.032
7277.798 64.048 57.736
7279.472 61.526 49.419
7281.151 62.22 22.174
7282.826 61.874 10.594
7284.505 61.711 18.256
7286.181 63.777 25.633
7287.861 64.731 22.153
7289.538 61.235 12.186
7291.215 62.05 7.573
7292.896 60.918 7.692
7294.574 59.552 8.227
7296.256 62.859 10.434
7297.934 63.06 12.286
7299.617 60.875 10.098
7301.296 63.018 6.888
7302.98 61.514 9.277
7304.66 60.305 15.847
7306.341 64.92 17.466
7308.025 64.289 11.863
7309.707 64.835 7.521
7311.392 63.506 7.051
7313.074 62.787 7.007
7314.761 63.184 11.091
7316.443 65.143 29.03
7318.126 65.884 44.837
7319.814 61.871 33.743
7321.498 63.34 13.345
7323.186 65.397 5.867
7324.871 64.758 5.827
7326.56 62.806 5.695
7328.245 63.05 10.299
7329.931 64.694 19.879
7331.622 65.816 23.631
7333.308 64.905 15.935
7334.999 66.258 8.345
7336.687 64.663 6.286
7338.379 64.387 6.404
7340.067 63.326 19.359
7341.755 65.67 44.022
7343.448 67.869 50.069
7345.138 67.646 28.122
7346.831 65.049 10.138
7348.522 64.831 7.551
7350.216 64.269 7.789
7351.907 63.042 8.232
7353.598 66.053 8.545
7355.294 66.18 8.124
7356.986 61.92 8.849
7358.683 64.093 16.245
7360.375 67.269 22.601
7362.073 64.393 18.665
7363.766 64.423 10.442
7365.46 62.017 7.678
7367.159 63.446 8.511
7368.854 63.109 19.941
7370.553 63.813 38.787
7372.248 63.652 38.149
7373.948 63.325 18.81
7375.645 63.083 8.837
7377.342 64.669 7.145
7379.043 62.722 7.017
7380.74 63.845 6.844
7382.442 65.409 6.562
7384.141 63.929 6.466
7385.843 63.525 6.3
7387.543 65.239 6.305
7389.242 65.24 6.284
7390.946 68.568 8.516
7392.646 69.045 15.188
7394.351 65.062 19.095
7396.052 66.018 13.322
7397.758 64.507 7.098
7399.459 61.049 6.113
7401.162 59.566 13.072
7402.868 63.546 28.056
7404.571 62.825 29.775
7406.279 63.534 14.951
7407.983 63.725 6.579
7409.691 65.115 5.561
7411.395 64.384 5.656
7413.1 63.306 6.441
7414.81 65.186 6.657
7416.516 68.52 6.722
7418.226 64.634 6.406
7419.932 63.58 6.347
7421.643 63.265 5.884
7423.351 62.385 5.491
7425.059 65.547 5.67
7426.771 63.697 5.787
7428.479 61.78 5.898
7430.192 63.989 10.839
7431.902 64.989 13.122
7433.615 64.226 10.52
7435.325 61.126 6.076
7437.04 64.639 7.092
7438.751 62.8 14.037
7440.462 65.059 19.906
7442.178 63.652 15.04
7443.89 65.326 7.034
7445.607 65.538 5.471
7447.319 64.254 5.778
7449.037 64.542 5.734
7450.75 65.622 5.513
7452.464 63.771 5.382
7454.183 63.163 5.548
7455.898 62.732 5.638
7457.617 65.122 5.606
7459.333 62.837 5.795
7461.053 61.098 6.084
7462.769 63.842 7.01
7464.486 65.424 8.085
7466.207 64.349 8.81
7467.925 66.462 9.306
7469.647 65.676 9.326
7471.365 65.267 10.209
7473.088 64.449 13.33
7474.807 61.796 14.742
7476.527 63.479 12.103
7478.251 63.549 10.059
7479.971 66.607 12.476
7481.696 65.881 15.512
7483.417 64.887 15.386
7485.143 64.462 14.341
7486.865 65.155 11.722
7488.587 65.3 8.371
7490.314 63.403 6.59
7492.037 63.659 6.257
7493.765 63.959 7.324
7495.489 62.368 8.172
7497.217 63.387 7.234
7498.942 67.292 5.893
7500.667 66.174 5.782
7502.397 64.256 6.088
7504.123 67.06 5.917
7505.853 62.9 5.666
7507.58 63.982 5.585
7509.311 61.992 5.664
7511.039 66.984 5.724
7512.767 67.485 5.348
7514.499 65.138 5.292
7516.228 63.438 5.851
7517.961 64.843 8.025
7519.69 67.15 8.938
7521.424 63.239 8.169
7523.155 64.569 11.688
7524.885 65.172 27.371
7526.621 67.162 30.243
7528.352 63.247 16.773
7530.088 67.259 8.28
7531.82 66.716 11.65
7533.557 63.508 11.552
7535.29 65.593 7.714
7537.024 65.747 6.077
7538.762 65.823 6.113
7540.496 65.542 6.82
7542.235 65.345 7.584
7543.97 64.5 7.183
7545.71 64.215 6.193
7547.446 65.143 5.663
7549.182 65.865 5.431
7550.923 65.732 5.567
7552.66 65.641 5.725
7554.401 62.214 5.843
7556.139 62.239 6.386
7557.882 64.167 8.557
7559.62 65.568 10.323
7561.359 65.69 8.93
7563.103 64.387 6.773
7564.843 64.839 6.051
7566.587 65.402 6.098
7568.328 63.759 7.397
7570.073 62.672 9.198
7571.815 63.259 15.07
7573.561 66.901 21.413
7575.303 63.714 18.71
7577.046 67.463 10.982
7578.793 65.452 6.549
7580.537 64.816 5.447
7582.285 63.287 5.318
7584.029 62.21 5.577
7585.778 62.369 7.589
7587.523 65.576 11.299
7589.268 63.533 10.872
7591.018 64.666 7.2
7592.765 64.934 5.653
7594.516 63.009 6.059
7596.263 64.059 6.455
7598.014 60.441 11.925
7599.762 58.949 22.148
7601.511 63.704 25.402
7603.264 63.218 16.465
7605.013 68.095 12.638
7606.766 61.888 13.746
7608.516 58.755 14.218
7610.271 60.835 14.472
7612.021 63.467 13.199
7613.773 60.418 12.81
7615.528 67.73 10.143
7617.28 61.488 9.217
7619.037 60.962 11.431
7620.79 62.316 11.991
7622.547 61.883 11.769
7624.3 64.866 12.223
7626.054 62.409 12.015
7627.813 61.173 13.864
7629.568 63.777 20.404
7631.327 61.309 21.857
7633.083 58.705 15.322
7634.843 59.845 9.83
7636.599 61.744 8.383
7638.356 62.418 8.03
7640.117 60.829 8.29
7641.875 61.886 8.732
7643.637 62.944 8.799
7645.396 64.715 8.424
7647.159 61.535 8.243
7648.918 61.627 7.7
7650.677 60.045 7.383
7652.442 63.367 7.895
7654.202 63.199 9.622
7655.967 61.389 9.985
7657.728 64.671 7.537
7659.494 63.817 5.97
7661.256 59.878 6.492
7663.019 61.806 10.904
7664.786 60.789 12.422
7666.549 59.927 9.534
7668.317 62.627 6.413
7670.081 61.016 5.85
7671.85 60.454 5.573
7673.615 60.252 5.923
7675.38 56.067 5.888
7677.15 56.452 5.667
7678.916 57.371 5.551
7680.687 58.371 5.774
7682.454 61.423 6.704
7684.225 63.127 7.401
7685.993 60.553 7.456
7687.761 62.43 7.695
7689.534 63.17 8.208
7691.303 61.605 8.446
7693.077 60.635 8.443
7694.846 62.039 8.303
7696.621 60.476 7.823
7698.391 58.072 8.429
7700.162 59.472 11.029
7701.938 61.019 11.503
7703.71 60.478 8.952
7705.486 59.513 6.631
7707.259 60.351 6.092
7709.036 60.123 6.03
7710.81 56.945 8.113
7712.588 58.958 29.897
7714.362 62.695 54.182
7716.137 58.89 58.167
7717.916 63.535 60.317
7719.691 63.421 57.113
7721.472 58.427 29.212
7723.248 60.293 11.909
7725.029 59.957 15.273
7726.806 55.186 20.474
7728.584 58.686 18.686
7730.366 61.549 12.213
7732.144 61.851 7.828
7733.927 62.533 7.779
7735.706 60.99 9.11
7737.49 59.394 9.887
7739.27 59.22 8.623
7741.051 58.593 7.399
7742.836 61.42 7.082
7744.617 62.896 6.529
7746.403 62.636 7.176
7748.185 61.44 9.065
7749.972 63.284 29.343
7751.754 62.049 71.432
7753.538 62.326 70.096
7755.326 62.372 25.88
7757.11 59.952 8.899
7758.899 60.651 10.766
7760.683 58.831 25.748
7762.473 58.672 30.068
7764.259 61.513 17.739
7766.045 62.923 6.419
7767.836 60.48 5.864
7769.623 62.048 6.175
7771.414 60.093 7.08
7773.202 62.511 11.004
7774.995 60.086 15.983
7776.783 61.314 13.702
7778.572 61.967 9.171
7780.366 62.117 13.647
7782.156 61.873 21.214
7783.951 61.007 18.138
7785.741 59.313 10.747
7787.537 59.016 8.51
7789.328 58.271 9.043
7791.12 61.578 10.628
7792.917 61.567 17.75
7794.709 62.226 46.339
7796.507 60.025 57.54
7798.3 57.024 31.541
7800.099 61.193 8.939
7801.893 60.671 6.512
7803.688 63.03 5.943
7805.487 60.176 6.025
7807.283 61.145 9.268
7809.083 63.029 22.926
7810.88 63.093 29.85
7812.681 61.652 20.05
7814.478 60.193 10.075
7816.276 60.968 9.361
7818.078 61.994 9.603
7819.877 61.623 15.281
7821.68 60.883 43.185
7823.48 59.982 67.664
7825.284 58.501 47.078
7827.084 59.923 16.053
7828.884 61.85 8.003
7830.69 63.207 8.068
7832.491 62.822 7.152
7834.297 62.341 7.062
7836.1 64.154 6.866
7837.907 62.501 6.396
7839.71 62.045 7.383
7841.513 60.34 18.929
7843.321 61.17 28.917
7845.126 60.927 19.748
7846.935 57.786 7.824
7848.74 59.561 7.389
7850.55 58.344 12.567
7852.356 60.215 27.028
7854.167 59.691 59.623
7855.974 61.99 68.436
7857.781 59.365 38.786
7859.593 61.067 19.461
7861.401 62.011 26.321
7863.214 59.717 26.782
7865.023 58.817 15.333
7866.836 61.859 9.331
7868.646 61.439 14.707
7870.456 62.531 24.996
7872.271 62.338 32.308
7874.082 63.547 25.749
7875.898 61.915 10.312
7877.71 58.734 8.367
7879.526 60.392 19.64
7881.339 63.744 27.523
7883.152 63.16 25.039
7884.97 60.748 17.78
7886.784 58.556 12.858
7888.603 59.984 15.419
7890.417 60.633 33.238
7892.237 61.63 43.837
7894.052 59.177 29.073
7895.868 59.491 12.892
7897.689 60.466 9.027
7899.506 60.841 8.446
7901.328 60.459 7.463
7903.145 61.19 6.632
7904.968 60.726 7.226
7906.786 60.808 7.858
7908.605 60.598 7.963
7910.429 59.71 8.443
7912.249 57.325 16.372
7914.073 62.475 53.296
7915.894 65.156 76.941
7917.719 62.394 46.758
7919.541 58.54 16.917
7921.363 58.523 29.151
7923.189 58.46 39.356
7925.012 57.78 27.294
7926.84 60.531 10.86
7928.663 60.278 7.968
7930.491 60.041 14.664
7932.316 57.847 27.969
7934.141 60.062 29.446
7935.97 57.111 16.631
7937.796 59.43 7.841
7939.626 60.35 6.575
7941.453 61.785 6.642
7943.284 59.136 7.03
7945.111 59.44 7.472
7946.939 60.785 8.485
7948.772 59.172 12.063
7950.6 59.645 20.083
7952.434 59.415 18.678
7954.263 57.902 9.628
7956.097 57.692 6.19
7957.928 57.082 5.775
7959.758 57.139 5.494
7961.594 56.718 5.789
7963.425 57.356 13.225
7965.262 60.002 39.032
7967.094 63.179 51.957
7968.931 57.824 32.199
7970.765 59.808 13.923
7972.598 57.629 8.241
7974.437 60.88 7.395
7976.271 59.59 7.967
7978.111 60.02 14.447
7979.946 62.752 25.626
7981.786 64.775 29.455
7983.622 59.82 18.409
7985.459 59.305 7.41
7987.3 60.547 6.228
7989.138 60.225 7.049
7990.98 61.162 9.291
7992.818 59.137 26.469
7994.662 58.444 56.051
7996.501 60.163 52.682
7998.345 59.993 23.064
8000.185 61.221 9.738
8002.025 59.496 8.429
8003.87 60.198 8.294
8005.712 59.347 7.935
8007.558 58.916 6.501
8009.4 61.192 6.22
8011.247 61.657 6.226
8013.09 60.299 9.314
8014.933 61.664 18.554
8016.781 59.388 21.08
8018.626 59.657 13.996
8020.475 61.76 9.645
8022.32 58.653 10.755
8024.17 57.246 13.284
8026.016 62.201 29.354
8027.862 61.916 45.53
8029.713 60.411 34.526
8031.561 59.352 16.148
8033.413 59.4 9.544
8035.261 62.167 7.283
8037.114 61.548 6.89
8038.963 59.626 6.281
8040.812 58.314 6.161
8042.666 56.423 6.218
8044.516 62.62 6.372
8046.371 62.357 5.833
8048.222 62.82 5.682
8050.078 59.455 6.77
8051.93 60.782 11.115
8053.783 63.619 15.452
8055.64 62.455 12.621
8057.493 61.308 7.083
8059.351 56.812 5.964
8061.205 61.998 9.574
8063.064 60.659 22.974
8064.919 63.377 26.113
8066.774 58.158 14.191
8068.634 63.857 5.744
8070.49 61.455 5.786
8072.352 59.217 5.426
8074.209 61.088 5.767
8076.07 60.611 6.106
8077.928 60.502 6.806
8079.787 60.132 6.71
8081.65 59.701 6.093
8083.509 59.51 5.867
8085.373 60.477 7.06
8087.233 59.51 7.918
8089.098 59.308 6.733
8090.959 57.371 5.291
8092.82 61.671 6.139
8094.686 60.449 9.425
8096.549 60.868 9.951
8098.416 60.496 7.425
8100.279 61.191 6.227
8102.147 61.44 9.751
8104.01 60.989 14.765
8105.875 58.798 13.87
8107.744 59.692 8.961
8109.609 58.261 6.628
8111.479 58.676 6.322
8113.345 58.05 6.106
8115.216 58.229 6.036
8117.083 61.168 5.941
8118.95 59.586 4.937
8120.823 58.844 5.395
8122.691 61.322 5.463
8124.564 59.777 5.72
8126.433 57.026 6.113
8128.307 58.196 6.255
8130.177 57.538 6.288
8132.051 56.383 6.274
8133.922 60.38 6.443
8135.793 63.196 6.492
8137.67 62.141 7.052
8139.542 58.193 8.501
8141.419 58.768 9.237
8143.291 58.142 7.872
8145.169 59.711 6.016
8147.043 59.038 8.036
8148.917 59.159 10.633
8150.796 59.109 8.298
8152.672 58.233 5.839
8154.551 56.954 5.444
8156.427 61.266 5.359
8158.308 62.165 5.31
8160.185 60.656 5.499
8162.062 59.613 5.707
8163.944 59.697 5.684
8165.823 59.872 5.837
8167.706 60.94 5.716
8169.585 59.151 5.631
8171.468 62.581 5.768
8173.348 61.09 5.963
8175.229 63.137 6.719
8177.114 59.742 6.465
8178.995 61.928 6.89
8180.881 60.518 7.786
8182.763 62.302 9.343
8184.65 61.992 11.051
8186.533 60.635 11.901
8188.416 60.462 11.548
8190.304 63.227 11.21
8192.188 63.256 10.742
8194.078 62.148 11.007
8195.963 58.59 13.525
8197.853 59.333 14.642
8199.738 62.941 11.902
8201.625 57.929 9.615
8203.516 63.27 8.825
8205.403 62.602 9.102
8207.295 61.107 9.084
8209.184 59.171 8.861
8211.077 59.438 7.751
8212.965 59.839 6.736
8214.855 60.023 6.818
8216.749 61.278 6.692
8218.639 61.752 6.489
8220.535 58.96 6.513
8222.426 56.76 6.177
8224.322 60.431 6.084
8226.214 58.205 6.049
8228.106 59.53 5.69
8230.004 59.734 5.411
8231.897 57.217 5.158
8233.795 53.496 5.105
8235.689 56.358 5.231
8237.589 61.33 5.261
8239.484 62.223 5.132
8241.379 61.485 5.671
8243.279 60.58 6.269
8245.176 57.684 6.473
8247.077 61.075 6.314
8248.974 60.035 6.73
8250.877 58.619 6.758
8252.775 59.433 5.737
8254.673 60.719 5.354
8256.577 62.461 5.587
8258.476 59.796 5.629
8260.381 62.231 5.272
8262.281 59.469 4.948
8264.186 63.004 4.9
8266.087 59.179 5.144
8267.989 59.77 5.022
8269.895 57.977 4.935
8271.798 58.88 5.15
8273.705 59.709 5.016
8275.609 60.202 5.193
8277.517 61.752 9.557
8279.421 62.564 20.154
8281.331 60.785 35.094
8283.236 59.522 45.328
8285.141 62.896 35.113
8287.052 60.506 23.056
8288.958 58.615 45.657
8290.87 57.77 57.301
8292.777 56.642 33.628
8294.689 59.471 12.551
8296.597 59.757 17.963
8298.506 59.89 40.335
8300.42 56.096 59.051
8302.329 60.56 46.965
8304.244 57.603 18.87
8306.154 59.051 8.996
8308.069 60.886 6.587
8309.981 56.806 10.051
8311.892 60.359 19.836
8313.809 56.175 21.156
8315.722 56.373 11.126
8317.639 57.365 6.228
8319.553 58.024 7.017
8321.471 56.69 6.675
8323.385 57.364 5.577
8325.3 55.752 5.072
8327.22 56.214 4.538
8329.136 59.991 4.837
8331.056 55.331 4.627
8332.973 58.538 4.468
8334.894 58.671 4.703
8336.812 61.548 5.238
8338.73 62.925 6.611
8340.653 56.712 8.04
8342.571 57.795 16.202
8344.495 63.103 68.696
8346.415 60.801 126.398
8348.34 54.844 89.815
8350.26 55.387 19.36
8352.181 56.235 19.266
8354.107 55.083 42.994
8356.029 60.281 41.265
8357.956 56.378 17.71
8359.878 57.967 6.885
8361.806 55.831 8.849
8363.73 54.543 13.241
8365.654 56.971 20.162
8367.583 61.34 21.496
8369.508 56.33 11.608
8371.438 57.301 5.889
8373.364 57.288 5.225
8375.295 56.932 5.252
8377.221 55.477 5.391
8379.149 55.626 5.984
8381.081 55.707 11.933
8383.009 61.686 27.294
8384.942 60.213 33.167
8386.871 54.415 17.868
8388.805 60.685 6.072
8390.735 58.509 6.098
8392.665 61.546 6.902
8394.6 58.419 6.531
8396.532 56.5 7.192
8398.468 54.365 29.845
8400.4 57.632 81.015
8402.337 55.019 82.053
8404.27 52.623 30.386
8406.203 58.474 6.762
8408.142 60.131 4.442
8410.076 58.598 4.738
8412.015 55.302 5.425
8413.95 57.997 9.87
8415.891 60.416 29.196
8417.827 57.629 40.066
8419.763 58.525 21.985
8421.705 58.008 7.369
8423.642 58.661 6.032
8425.585 55.435 7.142
8427.523 54.952 9.46
8429.466 59.729 29.919
8431.406 62.518 98.102
8433.35 58.214 101.382
8435.29 56.282 36.375
8437.23 57.78 8.515
8439.176 54.707 5.645
8441.118 54.67 5.044
8443.064 58.016 4.947
8445.006 60.077 4.623
8446.954 57.72 5.421
8448.897 54.639 5.715
8450.841 52.394 8.923
8452.789 58.795 25.839
8454.734 58.561 36.881
8456.684 58.799 21.754
8458.629 55.956 7.764
8460.58 56.876 5.295
8462.526 58.883 6.942
8464.473 58.063 20.996
8466.425 64.015 71.249
8468.372 61.362 77.179
8470.325 53.7 29.975
8472.274 59.619 5.666
8474.227 56.642 5.756
8476.177 56.472 6.413
8478.127 57.59 6.155
8480.082 56.297 4.669
8482.033 56.853 4.528
8483.989 54.149 4.768
8485.94 54.794 4.299
8487.897 57.143 4.429
8489.85 56.873 4.69
8491.803 58.161 6.481
8493.761 55.118 17.107
8495.715 58.595 25.509
8497.674 57.216 17.511
8499.629 56.545 7.996
8501.589 57.341 6.972
8503.545 58.619 11.904
8505.501 62.12 37.366
8507.462 59.467 48.128
8509.419 56.375 24.327
8511.382 47.632 7.034
8513.34 46.001 4.724
8515.303 51.272 4.547
8517.262 55.617 4.393
8519.221 56.652 4.813
8521.186 55.867 5.311
8523.146 56.788 5.304
8525.111 56.133 5.235
8527.073 53.217 4.632
8529.039 54.813 4.349
8531.001 56.006 4.449
8532.964 55.817 4.474
8534.931 57.767 4.322
8536.895 59.7 4.78
8538.863 59.703 9.907
8540.828 54.342 15.485
8542.797 58.444 11.276
8544.762 55.915 5.834
8546.728 55.325 6.124
8548.699 55.452 14.601
8550.666 56.839 24.475
8552.637 50.433 18.431
8554.605 44.929 7.804
8556.578 39.524 4.966
8558.546 39.225 4.739
8560.515 48.191 4.216
8562.489 51.967 4.163
8564.459 52.017 4.116
8566.434 53.559 4.195
8568.404 58.957 4.385
8570.38 55.862 4.657
8572.352 55.538 5.08
8574.324 57.586 5.459
8576.301 57.908 6.159
8578.274 58.366 6.419
8580.252 59.004 5.61
8582.226 57.2 4.591
8584.205 56.495 4.049
8586.18 57.917 4.094
8588.16 58.319 6.795
8590.136 58.088 10.512
8592.112 60.665 8.782
8594.093 59.858 5.402
8596.07 60.146 6.505
8598.052 58.494 11.277
8600.03 54.52 12.625
8602.013 55.711 8.045
8603.992 56.653 5.196
8605.972 52.498 5.759
8607.956 56.962 5.492
8609.936 58.468 8.236
8611.922 59.734 11.651
8613.903 55.603 17.419
8615.889 57.175 24.616
8617.871 53.587 34.468
8619.854 56.146 44.538
8621.842 56.143 58.145
8623.825 61.422 67.542
8625.814 51.646 80.119
8627.798 60.972 84.366
8629.788 51.736 91.894
8631.773 63.029 93.504
8633.759 55.9 92.055
8635.75 52.825 82.084
8637.736 61.327 70.111
8639.728 56.347 57.109
8641.716 54.916 41.099
8643.708 57.456 26.971
8645.697 57.244 14.8
8647.686 57.374 20.51
8649.68 60.363 37.771
8651.67 59.409 59.912
8653.665 59.743 69.508
8655.656 55.934 76.98
8657.652 57.864 86.02
8659.643 55.58 81.577
8661.635 58.288 87.985
8663.633 54.536 81.966
8665.626 60.153 77.493
8667.624 62.533 81.224
8669.618 53.28 64.978
8671.617 54.961 70.097
8673.612 49.857 62.701
8675.607 40.944 46.416
8677.608 37.612 52.348
8679.604 48.145 40.652
8681.606 54.901 34.282
8683.603 55.388 35.198
8685.605 53.798 23.476
8687.604 56.944 22.263
8689.602 53.539 23.951
8691.606 57.323 15.202
8693.605 57.703 14.391
8695.61 57.562 15.12
8697.611 57.974 11.099
8699.616 57.13 10.831
8701.618 58.612 12.003
8703.619 57.173 9.327
8705.626 54.129 7.732
8707.629 59.183 9.055
8709.637 56.648 9.851
8711.641 56.285 8.071
8713.65 57.882 5.979
8715.654 59.455 4.999
8717.659 60.27 4.823
8719.669 61.336 5.032
8721.675 59.986 4.983
8723.687 59.883 4.735
8725.693 57.115 5.096
8727.706 57.01 5.588
8729.713 60.423 5.445
8731.722 61.3 4.694
8733.735 57.46 4.336
8735.744 59.245 4.426
8737.759 58.485 4.611
8739.769 62.3 5.353
8741.784 58.155 6.172
8743.795 59.455 6.133
8745.812 55.977 5.083
8747.824 60.15 4.602
8749.836 59.598 5.096
8751.854 58.62 5.285
8753.867 57.978 4.921
8755.886 59.408 5.389
8757.9 55.534 10.796
8759.919 60.457 32.704
8761.935 59.433 74.339
8763.95 59.356 83.351
8765.971 55.754 52.216
8767.988 60.036 71.118
8770.01 62.918 99.159
8772.027 62.453 58.874
8774.05 58.155 18.019
8776.069 60.718 25.66
8778.088 58.615 71.971
8780.112 64.277 108.388
8782.132 58.008 66.563
8784.157 57.713 15.683
8786.177 60.405 5.147
8788.204 59.781 5.095
8790.225 59.559 12.289
8792.247 60.198 34.012
8794.275 59.019 36.287
8796.298 56.088 13.896
8798.326 59.634 4.797
8800.35 58.502 3.989
8802.38 62.355 3.899
8804.405 59.813 4.143
8806.43 63.483 3.727
8808.461 58.567 4.499
8810.487 60.033 7.909
8812.519 59.847 9.222
8814.546 61.456 6.603
8816.579 59.494 4.173
8818.607 60.969 3.475
8820.636 55.129 4.011
8822.67 54.834 4.528
8824.7 60.075 14.543
8826.735 74.365 82.374
8828.765 61.021 188.437
8830.801 61.081 149.52
8832.833 58.328 48.265
8834.865 55.213 27.632
8836.902 59.232 60.966
8838.935 63.36 83.379
8840.973 61.964 42.064
8843.007 64.65 9.041
8845.046 64.095 5.239
8847.081 65.074 6.091
8849.116 58.261 12.632
8851.157 62.081 26.935
8853.193 57.925 25.438
8855.234 57.495 10.992
8857.272 59.039 5.443
8859.314 56.769 4.964
8861.352 60.116 5.595
8863.391 62.764 9.302
8865.434 62.695 10.945
8867.474 60.976 27.837
8869.519 58.949 54.277
8871.559 62.204 39.092
8873.605 57.568 11.846
8875.646 57.864 4.837
8877.688 62.667 4.108
8879.735 58.28 3.56
8881.778 54.472 5.197
8883.826 54.275 13.399
8885.87 54.598 70.833
8887.919 54.958 139.843
8889.964 56.859 92.681
8892.009 57.213 18.993
8894.059 57.322 5.854
8896.105 57.303 5.785
8898.157 57.163 7.103
8900.204 59.235 7.909
8902.256 61.262 19.382
8904.304 56.227 59.109
8906.357 60.109 65.588
8908.406 56.926 23.16
8910.456 62.171 8.237
8912.51 60.989 7.774
8914.561 60.013 6.057
8916.616 61.629 7.282
8918.668 56.93 36.02
8920.724 63.926 142.34
8922.776 67.188 162.385
8924.829 60.014 57.188
8926.887 56.762 11.152
8928.941 58.377 9.053
8931.0 58.963 8.548
8933.054 59.19 6.891
8935.114 56.841 6.489
8937.17 55.227 6.516
8939.226 56.305 6.891
8941.287 56.773 9.015
8943.344 61.473 29.935
8945.406 57.361 59.606
8947.464 56.089 41.434
8949.528 61.688 9.184
8951.586 60.663 4.853
8953.646 59.758 5.245
8955.71 61.492 9.661
8957.771 58.88 53.782
8959.836 58.713 135.917
8961.897 58.102 104.501
8963.964 55.499 23.748
8966.026 55.25 5.752
8968.089 55.741 4.523
8970.157 58.58 4.902
8972.22 59.047 6.463
8974.289 62.626 6.519
8976.354 57.205 5.923
8978.424 56.285 5.963
8980.489 55.636 6.923
8982.555 63.028 9.284
8984.627 62.481 9.41
8986.693 55.224 10.155
8988.766 58.842 31.646
8990.834 59.625 49.926
8992.907 58.531 29.053
8994.976 59.406 10.062
8997.045 58.874 5.921
8999.12 56.13 6.765
9001.19 57.761 35.231
9003.266 65.118 86.672
9005.337 61.331 64.995
9007.413 57.241 16.989
9009.486 56.107 4.706
9011.558 58.371 4.017
9013.636 53.986 3.649
9015.71 53.831 3.451
9017.789 57.253 3.539
9019.863 57.439 3.638
9021.943 55.475 4.475
9024.019 55.403 5.209
9026.095 58.181 4.555
9028.176 60.167 5.201
9030.253 61.898 6.14
9032.335 60.319 6.18
9034.413 58.038 5.211
9036.497 54.762 6.156
9038.575 59.866 17.754
9040.655 57.052 26.095
9042.74 51.977 15.775
9044.82 55.217 7.015
9046.905 61.965 6.703
9048.987 59.283 16.618
9051.073 58.96 43.385
9053.156 59.031 37.003
9055.238 59.956 14.112
9057.326 60.703 5.748
9059.41 60.517 5.726
9061.499 58.983 4.649
9063.584 59.613 4.662
9065.674 60.566 6.868
9067.759 57.52 7.404
9069.85 61.41 7.873
9071.937 67.529 7.964
9074.024 60.735 6.287
9076.116 60.025 4.661
9078.204 55.826 3.719
9080.298 60.221 3.515
9082.386 105.706 3.679
9084.481 151.619 4.38
9086.571 110.444 5.344
9088.661 66.404 4.632
9090.757 62.04 4.544
9092.848 58.376 9.961
9094.945 59.961 15.613
9097.037 58.575 10.412
9099.135 57.712 5.556
9101.228 59.11 7.297
9103.322 53.733 17.749
9105.421 59.224 23.341
9107.516 58.719 13.49
9109.616 56.603 4.611
9111.712 63.881 3.603
9113.813 55.839 4.416
9115.909 56.48 3.553
9118.007 60.711 3.13
9120.109 59.228 3.604
9122.207 58.632 3.7
9124.311 61.961 3.388
9126.41 63.29 3.048
9128.514 56.568 2.653
9130.614 60.734 2.601
9132.715 57.587 3.415
9134.821 58.991 4.164
9136.922 55.612 4.594
9139.029 59.462 4.267
9141.132 61.993 3.676
9143.24 61.196 3.648
9145.343 62.028 3.726
9147.447 59.926 3.405
9149.556 58.389 3.822
9151.661 61.319 6.926
9153.771 52.983 12.048
9155.877 54.769 12.646
9157.989 57.301 8.876
9160.095 59.202 9.799
9162.203 57.142 15.412
9164.315 58.714 14.403
9166.424 59.111 8.415
9168.537 59.187 4.25
9170.647 58.795 3.854
9172.761 53.558 4.023
9174.872 58.397 4.103
9176.982 54.809 4.3
9179.098 54.943 4.111
9181.21 58.23 3.937
9183.327 57.383 4.042
9185.44 53.655 4.36
