3793.15 44.624 21.099
3794.022 60.827 20.453
3794.897 48.8 18.442
3795.77 26.346 16.919
3796.646 39.84 17.331
3797.519 46.319 16.313
3798.395 45.325 15.066
3799.269 53.696 15.888
3800.143 53.607 14.754
3801.019 56.346 14.019
3801.893 68.336 13.625
3802.77 61.711 12.957
3803.645 63.571 12.67
3804.522 60.075 12.633
3805.397 66.49 13.095
3806.273 59.182 13.233
3807.15 46.06 13.274
3808.026 52.588 13.696
3808.904 44.293 13.836
3809.78 47.841 13.491
3810.659 41.241 13.337
3811.536 45.215 14.019
3812.412 41.683 14.544
3813.292 43.778 15.9
3814.169 43.43 16.549
3815.048 46.31 15.426
3815.926 53.87 17.031
3816.806 41.439 17.138
3817.684 32.206 16.567
3818.562 45.049 16.319
3819.443 39.114 14.523
3820.322 29.885 13.606
3821.202 38.8 13.136
3822.082 43.704 12.729
3822.963 44.478 14.062
3823.842 53.421 15.537
3824.724 57.296 14.434
3825.604 44.462 13.786
3826.484 46.566 12.168
3827.366 56.6 12.982
3828.247 49.038 14.432
3829.13 49.699 16.711
3830.011 44.605 19.441
3830.894 59.195 22.022
3831.775 70.759 22.284
3832.657 51.15 20.837
3833.54 61.213 19.533
3834.422 63.034 19.438
3835.307 49.344 18.737
3836.189 44.022 18.541
3837.073 62.815 18.165
3837.956 54.861 16.614
3838.839 55.356 15.722
3839.724 62.716 14.218
3840.608 55.063 12.91
3841.493 50.461 13.957
3842.377 48.566 15.024
3843.263 50.42 17.749
3844.147 58.631 19.47
3845.032 53.932 19.529
3845.918 59.525 18.584
3846.803 61.14 17.435
3847.69 52.443 17.629
3848.575 45.192 17.425
3849.463 42.869 16.881
3850.348 42.049 17.217
3851.234 46.648 15.714
3852.122 40.522 15.007
3853.008 45.746 15.957
3853.897 31.993 15.212
3854.783 27.153 14.842
3855.672 27.411 14.349
3856.559 30.695 13.363
3857.446 37.46 12.197
3858.336 36.344 11.279
3859.223 39.837 11.207
3860.113 48.06 10.584
3861.001 37.725 10.949
3861.892 38.355 12.769
3862.78 43.437 13.782
3863.669 46.147 12.832
3864.56 46.072 12.417
3865.449 47.236 12.487
3866.34 50.472 12.75
3867.23 47.145 13.406
3868.121 46.168 13.72
3869.011 59.312 15.922
3869.901 56.321 14.692
3870.794 50.155 12.534
3871.684 47.135 11.411
3872.577 49.809 11.671
3873.468 52.292 13.674
3874.361 51.629 15.114
3875.252 56.915 16.474
3876.144 62.42 17.607
3877.038 47.264 16.344
3877.93 47.742 16.029
3878.824 45.327 15.421
3879.716 51.709 14.361
3880.611 54.195 13.767
3881.504 51.05 13.925
3882.396 51.611 13.903
3883.292 56.819 14.784
3884.185 61.11 14.148
3885.081 59.928 14.189
3885.975 50.52 12.691
3886.871 50.966 11.833
3887.765 59.671 13.207
3888.659 55.324 16.31
3889.556 54.846 19.235
3890.451 53.066 19.94
3891.348 48.136 19.222
3892.243 64.049 14.701
3893.141 59.01 13.6
3894.036 60.16 12.632
3894.934 53.167 13.508
3895.83 53.861 16.829
3896.726 47.457 17.487
3897.625 52.286 16.969
3898.522 55.589 16.796
3899.421 53.62 16.778
3900.318 53.664 14.994
3901.217 40.303 15.735
3902.115 54.359 16.533
3903.012 42.695 15.973
3903.912 50.187 16.491
3904.81 42.256 18.298
3905.711 40.432 20.055
3906.609 45.85 20.897
3907.51 43.763 22.604
3908.409 40.759 23.935
3909.308 47.515 23.814
3910.21 47.274 22.166
3911.109 43.685 21.937
3912.011 44.634 24.359
3912.911 43.566 27.201
3913.813 45.836 29.39
3914.714 44.928 29.573
3915.614 48.006 27.217
3916.517 53.285 22.971
3917.418 50.899 18.966
3918.322 44.171 18.72
3919.223 38.39 16.817
3920.127 51.626 15.108
3921.029 51.619 12.844
3921.931 50.295 12.357
3922.835 57.524 13.136
3923.737 49.578 13.523
3924.642 49.564 14.324
3925.545 59.379 14.427
3926.45 51.118 14.651
3927.354 48.161 14.106
3928.257 46.714 12.739
3929.163 58.993 11.544
3930.067 61.582 10.475
3930.973 54.497 9.358
3931.877 53.859 8.701
3932.784 52.807 8.614
3933.689 53.211 8.714
3934.594 54.954 8.581
3935.501 50.299 8.264
3936.406 55.58 8.259
3937.314 57.08 8.445
3938.22 49.91 9.31
3939.128 53.592 11.082
3940.034 48.561 12.933
3940.941 50.902 14.75
3941.849 51.708 15.701
3942.756 50.196 17.39
3943.665 54.774 17.606
3944.573 54.77 14.77
3945.482 52.513 14.107
3946.39 52.086 14.607
3947.298 50.742 15.17
3948.208 53.198 16.131
3949.116 56.696 17.117
3950.027 48.42 16.977
3950.936 43.794 16.033
3951.847 48.347 14.672
3952.756 46.115 13.797
3953.665 37.161 14.69
3954.577 37.533 14.487
3955.487 30.166 14.165
3956.399 33.754 14.408
3957.309 31.423 14.219
3958.221 39.084 14.275
3959.132 38.744 13.609
3960.045 41.255 13.457
3960.956 50.188 14.161
3961.867 44.352 14.615
3962.781 38.164 14.164
3963.692 51.824 12.714
3964.606 51.285 10.967
3965.518 50.882 9.963
3966.433 50.361 9.676
3967.345 46.225 9.112
3968.258 48.477 8.64
3969.173 50.495 7.96
3970.086 46.704 7.233
3971.002 43.365 8.024
3971.915 41.169 8.94
3972.831 48.201 10.985
3973.745 43.385 11.122
3974.659 55.503 12.301
3975.576 57.392 14.03
3976.49 48.253 14.936
3977.407 49.151 14.689
3978.322 51.283 14.267
3979.24 50.857 14.375
3980.155 55.532 16.314
3981.071 43.654 17.226
3981.989 43.238 17.893
3982.905 52.662 17.824
3983.823 50.179 15.956
3984.74 36.498 14.194
3985.659 37.45 13.886
3986.576 42.922 14.706
3987.493 35.123 15.697
3988.412 28.984 15.713
3989.33 32.862 16.606
3990.25 20.02 15.83
3991.168 25.538 14.935
3992.088 33.547 14.935
3993.006 31.148 15.463
3993.925 36.488 17.102
3994.846 30.509 16.817
3995.765 32.836 15.591
3996.686 37.463 15.091
3997.606 35.813 14.814
3998.528 43.446 15.516
3999.447 43.679 17.425
4000.368 43.935 17.405
4001.29 41.022 16.099
4002.211 51.541 15.625
4003.133 52.116 15.33
4004.054 48.171 15.777
4004.978 50.823 16.385
4005.899 54.63 16.047
4006.821 53.148 15.963
4007.745 51.317 17.083
4008.666 49.875 19.012
4009.591 46.733 20.539
4010.513 50.064 20.398
4011.438 58.698 20.19
4012.361 50.82 19.192
4013.284 53.518 19.398
4014.209 53.627 18.517
4015.133 53.582 17.008
4016.059 58.969 17.796
4016.983 56.113 18.966
4017.909 55.9 19.216
4018.833 46.515 17.979
4019.758 54.012 19.379
4020.685 57.339 20.01
4021.61 59.905 20.823
4022.537 61.717 22.078
4023.462 56.957 21.407
4024.39 57.671 19.401
4025.316 61.056 18.158
4026.242 53.738 17.73
4027.171 53.575 17.656
4028.097 47.138 17.77
4029.026 52.298 18.233
4029.953 53.989 18.576
4030.882 59.398 18.567
4031.809 57.947 17.133
4032.739 56.666 17.057
4033.667 59.238 17.301
4034.595 59.133 16.775
4035.525 55.961 16.369
4036.453 55.92 15.532
4037.384 56.771 15.586
4038.313 57.93 16.452
4039.244 53.693 17.519
4040.173 53.592 18.015
4041.103 56.855 18.803
4042.035 52.977 19.959
4042.965 56.112 20.529
4043.897 60.525 19.413
4044.827 54.813 19.044
4045.76 56.729 21.775
4046.691 49.659 27.761
4047.622 48.405 33.091
4048.555 62.713 34.921
4049.486 52.708 30.359
4050.42 58.442 25.191
4051.352 55.658 23.168
4052.286 47.082 22.948
4053.218 45.001 20.875
4054.151 45.348 19.606
4055.086 49.451 19.181
4056.019 51.272 8.829
4056.954 44.022 8.757
4057.887 47.848 17.651
4058.823 53.612 17.6
4059.757 54.385 17.501
4060.691 54.48 17.967
4061.627 48.95 19.229
4062.561 46.93 19.571
4063.498 51.852 19.833
4064.433 51.689 20.152
4065.37 51.827 20.722
4066.305 50.29 21.096
4067.241 47.746 21.075
4068.179 45.367 19.472
4069.115 39.239 18.614
4070.053 45.544 19.849
4070.989 45.336 19.402
4071.928 45.835 18.857
4072.865 51.965 18.54
4073.802 48.393 17.624
4074.741 45.895 18.611
4075.679 53.149 20.258
4076.618 50.801 24.192
4077.556 50.908 25.894
4078.497 48.892 24.927
4079.435 50.97 20.421
4080.373 49.244 20.087
4081.314 44.794 19.909
4082.253 45.506 18.403
4083.194 49.486 17.376
4084.134 48.628 16.942
4085.076 45.095 16.912
4086.015 44.111 18.835
4086.955 43.707 19.289
4087.898 48.719 18.822
4088.838 41.878 18.651
4089.781 49.327 19.189
4090.722 51.777 17.987
4091.665 49.89 18.3
4092.606 53.972 19.695
4093.548 50.268 18.93
4094.492 43.326 18.244
4095.434 45.797 17.565
4096.378 45.411 18.301
4097.321 45.025 17.587
4098.265 44.639 15.596
4099.208 44.254 0.0
4100.151 43.869 0.0
4101.097 43.484 0.0
4102.04 43.1 0.0
4102.986 42.716 0.0
4103.93 42.332 0.0
4104.876 41.949 0.0
4105.821 41.566 0.0
4106.768 41.183 0.0
4107.712 40.8 0.0
4108.657 40.418 0.0
4109.605 40.036 0.0
4110.55 39.655 0.0
4111.498 39.274 0.0
4112.444 38.893 0.0
4113.392 38.512 0.0
4114.338 38.132 0.0
4115.285 37.752 0.0
4116.234 37.372 0.0
4117.181 36.993 0.0
4118.13 36.614 0.0
4119.078 36.235 0.0
4120.027 35.857 0.0
4120.975 35.479 0.0
4121.923 35.101 16.724
4122.874 34.724 16.512
4123.822 40.202 17.561
4124.773 43.233 18.161
4125.722 38.429 18.204
4126.673 36.024 17.703
4127.623 33.654 16.922
4128.572 35.856 16.445
4129.524 35.367 15.59
4130.474 36.908 16.328
4131.427 40.644 17.207
4132.377 39.384 16.143
4133.33 37.574 16.036
4134.281 42.861 16.958
4135.232 39.718 15.94
4136.186 44.159 18.14
4137.137 50.846 18.968
4138.091 44.73 18.238
4139.043 46.701 18.463
4139.998 45.597 17.851
4140.95 45.66 16.884
4141.903 46.555 16.373
4142.858 44.418 15.296
4143.811 46.042 15.145
4144.766 51.013 16.148
4145.72 49.593 15.86
4146.676 43.67 15.776
4147.63 47.602 16.556
4148.584 46.56 16.624
4149.541 44.622 16.958
4150.495 45.143 16.941
4151.452 50.225 16.24
4152.407 51.039 15.101
4153.365 44.604 14.886
4154.32 43.729 14.458
4155.276 48.431 14.86
4156.234 44.203 17.216
4157.19 45.52 18.006
4158.149 51.034 17.494
4159.106 46.753 17.569
4160.065 50.997 18.22
4161.022 49.05 18.054
4161.979 48.855 18.153
4162.939 46.782 18.31
4163.896 43.388 18.936
4164.857 53.181 19.132
4165.815 51.54 20.31
4166.775 45.164 21.419
4167.734 45.886 21.033
4168.693 49.327 19.84
4169.654 49.231 18.779
4170.613 48.377 18.882
4171.575 51.127 18.259
4172.535 51.254 17.076
4173.497 50.856 17.231
4174.457 49.186 17.209
4175.417 43.955 16.994
4176.38 50.056 16.423
4177.341 45.496 16.939
4178.304 46.746 17.439
4179.265 46.187 17.959
4180.229 45.939 18.487
4181.191 52.615 18.027
4182.155 52.451 17.52
4183.117 49.269 17.826
4184.079 50.086 17.413
4185.044 50.444 17.042
4186.007 49.563 17.569
4186.972 51.509 17.144
4187.935 51.875 17.292
4188.901 53.734 16.721
4189.865 49.861 17.123
4190.829 48.98 16.69
4191.795 51.345 16.071
4192.759 48.987 14.962
4193.726 48.433 14.826
4194.691 49.434 15.73
4195.658 49.059 16.765
4196.624 48.67 15.528
4197.589 42.764 14.793
4198.557 41.801 13.849
4199.523 44.032 13.592
4200.491 48.503 14.872
4201.457 53.073 14.553
4202.426 49.802 14.368
4203.393 42.729 14.558
4204.36 45.403 13.889
4205.33 47.738 12.899
4206.297 45.797 12.458
4207.267 47.99 13.403
4208.235 43.697 15.367
4209.205 49.689 16.36
4210.174 53.737 16.894
4211.142 42.958 17.302
4212.113 44.25 16.825
4213.082 49.263 15.458
4214.054 46.458 14.811
4215.023 49.535 15.605
4215.995 51.102 16.32
4216.965 48.081 16.118
4217.935 49.476 16.026
4218.908 48.543 16.228
4219.878 50.322 16.079
4220.851 49.006 15.056
4221.822 48.332 15.621
4222.796 42.229 14.943
4223.767 48.042 15.259
4224.739 47.861 15.034
4225.713 44.312 14.321
4226.685 45.105 13.271
4227.66 48.953 12.331
4228.633 50.731 12.406
4229.608 47.244 14.024
4230.581 44.001 15.687
4231.554 47.147 16.101
4232.53 51.49 16.651
4233.504 52.811 16.159
4234.48 53.078 16.158
4235.454 51.693 16.265
4236.431 47.571 15.916
4237.405 44.832 15.851
4238.38 48.2 15.629
4239.357 49.419 15.282
4240.333 43.824 15.547
4241.31 45.314 15.215
4242.286 46.616 15.109
4243.264 50.891 14.506
4244.241 49.848 15.127
4245.217 52.807 15.851
4246.196 53.446 16.249
4247.173 49.841 17.502
4248.152 49.456 18.529
4249.129 44.976 17.963
4250.109 39.694 16.065
4251.087 41.978 15.073
4252.065 43.377 16.072
4253.045 46.28 20.645
4254.024 51.761 21.189
4255.005 50.625 20.544
4255.984 47.052 20.231
4256.965 45.155 16.931
4257.944 46.121 16.908
4258.926 47.028 15.588
4259.906 47.696 14.151
4260.886 45.689 13.406
4261.869 44.209 13.942
4262.849 46.357 15.585
4263.832 47.274 16.835
4264.813 49.35 16.953
4265.796 45.52 16.837
4266.778 50.187 16.969
4267.759 48.095 16.862
4268.743 45.087 17.284
4269.725 48.865 17.903
4270.71 44.414 17.167
4271.692 42.243 16.297
4272.677 45.247 14.915
4273.66 45.153 14.778
4274.644 46.272 14.854
4275.629 46.779 14.884
4276.613 42.601 15.971
4277.599 48.405 16.63
4278.583 44.291 17.031
4279.57 45.642 16.478
4280.554 48.507 15.453
4281.539 46.378 14.354
4282.526 46.753 14.329
4283.511 45.692 14.882
4284.499 44.656 14.932
4285.485 45.313 14.937
4286.473 45.207 13.908
4287.459 50.437 13.093
4288.446 47.711 13.746
4289.434 53.087 13.908
4290.421 44.777 14.256
4291.411 48.808 14.887
4292.398 49.718 14.807
4293.388 47.042 15.019
4294.375 46.307 15.269
4295.363 44.111 15.134
4296.354 41.316 14.19
4297.342 42.123 13.152
4298.333 44.053 12.564
4299.322 44.647 12.86
4300.313 45.132 13.241
4301.303 47.276 13.454
4302.292 48.893 12.961
4303.284 47.951 12.633
4304.274 47.52 13.158
4305.267 48.707 13.278
4306.257 43.702 13.049
4307.25 45.12 13.097
4308.241 46.442 12.522
4309.232 40.7 14.398
4310.226 43.649 14.873
4311.217 46.349 14.504
4312.212 41.687 13.803
4313.204 37.461 12.984
4314.198 40.686 14.796
4315.191 44.645 16.221
4316.183 43.954 16.723
4317.179 45.915 16.87
4318.172 45.618 16.819
4319.168 45.5 17.06
4320.161 45.46 17.021
4321.157 41.557 16.768
4322.152 39.472 16.641
4323.146 42.182 15.613
4324.143 39.066 14.034
4325.137 38.862 12.669
4326.135 36.286 13.051
4327.13 34.33 13.003
4328.128 40.716 13.557
4329.124 42.45 14.647
4330.119 41.34 15.817
4331.118 36.091 15.802
4332.114 36.47 15.874
4333.113 38.16 16.325
4334.11 33.4 16.193
4335.11 38.145 16.225
4336.107 40.998 15.37
4337.107 40.344 14.563
4338.105 43.72 15.47
4339.103 43.076 14.208
4340.103 41.987 13.519
4341.102 44.666 13.334
4342.103 46.433 13.43
4343.101 45.593 14.03
4344.103 46.31 15.056
4345.102 47.833 15.926
4346.102 47.187 15.714
4347.104 45.307 16.641
4348.104 41.396 17.863
4349.107 37.456 17.418
4350.107 34.643 17.342
4351.11 38.26 16.541
4352.111 40.088 15.437
4353.113 44.042 14.473
4354.116 44.6 12.897
4355.118 43.464 12.244
4356.122 41.209 13.668
4357.125 42.886 20.319
4358.129 42.293 34.142
4359.132 36.248 48.598
4360.135 38.712 50.798
4361.14 37.759 40.518
4362.143 31.258 28.838
4363.149 31.909 22.454
4364.153 50.151 18.711
4365.159 56.798 17.23
4366.164 54.882 17.511
4367.168 38.36 16.927
4368.175 35.244 16.542
4369.18 38.297 15.916
4370.187 36.651 15.161
4371.193 35.826 14.354
4372.201 36.868 15.641
4373.207 40.369 15.554
4374.213 40.645 15.614
4375.221 40.091 16.065
4376.228 38.695 16.552
4377.237 39.949 15.631
4378.244 38.774 16.767
4379.254 42.742 17.184
4380.261 45.915 16.615
4381.269 48.239 16.451
4382.279 47.681 15.883
4383.287 45.083 14.457
4384.298 43.48 13.365
4385.307 42.707 12.334
4386.318 44.426 13.783
4387.327 46.892 15.189
4388.336 46.08 14.943
4389.348 46.511 13.914
4390.358 48.68 14.665
4391.37 49.53 15.418
4392.381 46.265 14.945
4393.393 43.135 14.505
4394.404 43.521 14.443
4395.415 42.933 14.424
4396.429 43.797 14.7
4397.44 45.295 15.146
4398.454 42.637 16.552
4399.466 42.826 15.142
4400.48 43.911 16.275
4401.493 42.589 16.89
4402.505 41.154 15.582
4403.52 47.042 14.78
4404.534 47.534 14.871
4405.549 41.0 15.17
4406.563 40.083 16.234
4407.579 40.053 17.1
4408.593 36.632 17.65
4409.607 35.42 17.085
4410.624 38.186 16.517
4411.638 41.655 17.998
4412.656 43.943 18.826
4413.671 42.122 18.552
4414.689 44.229 18.559
4415.704 45.803 18.147
4416.723 43.976 17.161
4417.739 42.679 17.914
4418.755 39.333 17.453
4419.774 45.346 17.8
4420.791 44.244 18.52
4421.81 43.416 18.563
4422.827 43.702 17.648
4423.847 40.442 16.423
4424.865 40.202 14.999
4425.883 43.951 15.023
4426.903 45.096 15.801
4427.922 44.331 15.004
4428.943 43.432 15.074
4429.962 40.0 16.009
4430.983 41.808 15.969
4432.003 44.996 17.009
4433.022 44.67 17.426
4434.044 46.023 16.899
4435.064 45.355 15.46
4436.087 45.082 14.261
4437.108 45.317 15.08
4438.131 44.802 17.317
4439.152 43.658 17.883
4440.173 40.173 17.859
4441.197 39.703 15.432
4442.219 40.737 15.578
4443.243 41.963 14.3
4444.265 42.792 13.827
4445.29 43.642 14.45
4446.313 45.589 16.238
4447.336 44.593 16.835
4448.361 43.269 15.75
4449.384 44.062 15.243
4450.41 43.307 15.195
4451.434 43.094 15.438
4452.461 44.767 15.553
4453.485 46.296 14.447
4454.51 48.247 13.581
4455.537 43.18 14.148
4456.562 43.595 14.817
4457.589 42.831 14.105
4458.615 42.327 13.799
4459.643 39.681 14.776
4460.669 40.733 15.838
4461.695 42.51 15.373
4462.724 48.132 15.493
4463.751 47.441 15.447
4464.78 44.378 15.646
4465.807 43.277 16.39
4466.837 40.364 15.667
4467.864 40.085 16.269
4468.892 42.743 15.692
4469.923 40.772 13.763
4470.951 42.95 12.756
4471.982 43.808 12.624
4473.011 45.828 12.946
4474.042 43.947 13.306
4475.072 44.524 14.705
4476.101 42.381 15.64
4477.133 41.736 15.853
4478.163 43.009 15.982
4479.196 42.153 16.131
4480.226 42.93 15.309
4481.259 43.323 13.716
4482.29 41.009 13.502
4483.322 42.046 14.229
4484.355 38.594 15.366
4485.387 41.38 15.153
4486.421 39.773 14.825
4487.453 39.197 14.952
4488.488 38.648 14.549
4489.521 44.821 15.145
4490.554 43.854 16.025
4491.589 43.413 16.016
4492.622 43.688 15.769
4493.658 41.365 15.904
4494.692 42.708 15.759
4495.729 44.607 15.524
4496.763 43.703 16.374
4497.8 46.544 17.182
4498.834 46.988 17.138
4499.869 43.068 17.326
4500.907 43.574 17.543
4501.943 46.284 16.446
4502.981 49.279 15.884
4504.017 46.118 16.135
4505.055 42.275 16.183
4506.092 38.918 15.788
4507.128 42.018 14.966
4508.168 42.751 13.665
4509.205 43.224 14.071
4510.244 46.809 15.711
4511.282 48.646 17.033
4512.322 45.288 16.391
4513.36 41.706 16.599
4514.399 42.204 15.362
4515.44 39.418 14.902
4516.478 47.25 16.505
4517.52 47.813 15.528
4518.559 45.228 15.074
4519.601 42.629 15.49
4520.641 44.902 14.005
4521.681 42.44 12.504
4522.724 45.722 13.011
4523.764 45.282 13.512
4524.807 41.935 13.742
4525.848 44.8 14.264
4526.892 46.935 15.092
4527.933 42.399 15.226
4528.975 44.55 14.968
4530.019 49.781 15.784
4531.061 44.174 15.618
4532.106 46.337 15.934
4533.149 43.242 17.417
4534.194 43.629 18.005
4535.237 45.39 17.337
4536.28 40.388 16.603
4537.327 43.329 17.16
4538.37 48.341 17.444
4539.417 47.061 17.281
4540.461 46.034 17.553
4541.508 46.657 16.863
4542.553 44.201 17.017
4543.598 42.199 18.254
4544.646 42.688 18.213
4545.691 42.094 18.113
4546.739 47.002 17.161
4547.785 44.871 17.83
4548.834 41.762 16.388
4549.881 39.783 14.965
4550.927 39.98 15.094
4551.977 42.679 16.08
4553.024 43.807 16.712
4554.074 42.833 16.429
4555.121 39.688 15.74
4556.172 41.325 15.205
4557.22 43.375 14.288
4558.268 42.989 15.235
4559.319 41.758 16.467
4560.368 39.29 17.152
4561.42 40.624 16.704
4562.469 45.513 15.289
4563.521 47.969 14.823
4564.571 48.497 15.807
4565.621 46.598 15.909
4566.674 45.703 16.028
4567.725 45.982 15.658
4568.778 42.984 15.091
4569.829 45.685 16.519
4570.883 42.373 17.197
4571.934 43.292 16.239
4572.989 43.393 15.14
4574.041 42.246 15.225
4575.093 41.05 15.166
4576.148 41.378 15.513
4577.201 45.055 15.426
4578.256 42.537 16.051
4579.309 42.003 16.437
4580.365 41.141 16.047
4581.419 42.393 17.084
4582.473 43.691 15.829
4583.53 41.64 15.832
4584.584 42.543 15.947
4585.641 47.472 15.955
4586.696 45.956 15.486
4587.754 46.504 15.547
4588.809 46.519 16.029
4589.865 42.111 16.219
4590.923 42.5 15.221
4591.98 45.208 13.939
4593.038 44.03 14.653
4594.095 43.579 15.406
4595.154 44.254 15.854
4596.212 43.938 15.253
4597.269 43.109 14.428
4598.329 48.028 15.065
4599.387 44.95 15.203
4600.447 45.079 14.844
4601.506 45.29 13.962
4602.567 47.861 14.337
4603.626 46.397 15.015
4604.685 44.805 14.738
4605.747 42.37 15.76
4606.806 37.99 16.304
4607.868 39.36 15.883
4608.928 43.686 16.004
4609.991 41.909 15.881
4611.052 39.251 15.503
4612.113 41.525 16.143
4613.176 41.588 15.314
4614.237 42.276 15.074
4615.301 42.631 14.304
4616.363 43.994 15.146
4617.428 42.028 15.468
4618.49 44.025 14.811
4619.552 48.641 13.553
4620.618 45.892 14.228
4621.681 40.55 14.836
4622.746 43.507 15.249
4623.81 44.313 15.269
4624.876 43.994 15.413
4625.94 43.774 15.419
4627.004 43.039 15.512
4628.071 40.956 15.508
4629.136 43.336 15.085
4630.203 45.988 6.884
4631.268 38.68 6.71
4632.336 44.157 7.101
4633.402 43.115 7.425
4634.468 45.732 14.331
4635.537 41.896 15.072
4636.603 42.185 14.439
4637.672 43.532 14.235
4638.739 46.395 14.062
4639.809 46.039 14.242
4640.876 44.255 14.634
4641.944 42.296 14.872
4643.014 42.65 15.079
4644.082 41.29 14.957
4645.153 44.689 14.706
4646.222 45.545 13.719
4647.293 41.907 13.11
4648.362 41.269 12.685
4649.432 42.074 12.77
4650.504 45.397 13.378
4651.574 44.317 13.781
4652.646 42.194 15.599
4653.717 42.147 14.913
4654.79 40.84 16.03
4655.861 45.991 16.174
4656.934 41.81 15.391
4658.006 42.823 15.706
4659.077 44.688 16.513
4660.152 47.134 17.404
4661.224 37.845 19.084
4662.299 45.571 19.186
4663.371 47.317 16.224
4664.446 43.172 15.611
4665.52 44.458 16.053
4666.593 44.085 16.189
4667.669 42.236 15.739
4668.743 42.506 15.019
4669.819 43.446 15.002
4670.894 46.447 13.73
4671.971 41.375 14.345
4673.046 41.42 17.474
4674.121 40.391 16.926
4675.198 39.843 17.49
4676.274 42.315 17.346
4677.352 43.447 16.553
4678.428 42.554 16.199
4679.507 43.171 16.226
4680.584 41.44 16.372
4681.66 41.232 16.092
4682.74 40.734 15.67
4683.817 42.962 15.444
4684.897 45.771 14.884
4685.975 45.509 14.9
4687.056 43.518 15.37
4688.134 42.203 8.029
4689.212 41.677 8.246
4690.294 41.228 15.597
4691.373 43.143 13.61
4692.454 41.114 14.142
4693.534 37.97 14.292
4694.616 39.979 14.416
4695.696 41.798 16.034
4696.777 37.801 16.113
4697.86 42.362 16.232
4698.94 42.653 14.821
4700.024 43.912 14.541
4701.105 40.24 14.373
4702.189 41.972 14.729
4703.271 42.949 14.538
4704.353 41.342 15.127
4705.438 41.015 15.787
4706.52 41.918 15.049
4707.606 41.19 14.555
4708.689 39.358 14.021
4709.774 40.164 13.977
4710.858 42.616 15.204
4711.942 42.549 16.301
4713.028 42.497 15.733
4714.112 44.356 14.55
4715.199 37.604 13.138
4716.284 38.328 12.947
4717.372 40.906 14.406
4718.457 41.477 15.354
4719.542 40.755 15.696
4720.631 44.547 15.64
4721.717 41.542 16.214
4722.805 44.836 16.004
4723.892 44.548 15.681
4724.981 40.623 15.496
4726.068 41.696 15.212
4727.155 41.319 15.178
4728.246 39.316 15.374
4729.333 41.249 15.27
4730.424 43.805 14.397
4731.512 43.479 14.289
4732.603 42.412 14.919
4733.692 41.801 14.499
4734.781 40.675 14.92
4735.873 42.242 15.576
4736.962 41.059 15.475
4738.054 42.705 15.034
4739.144 41.915 15.747
4740.237 43.302 15.553
4741.328 42.058 15.756
4742.421 40.65 16.349
4743.512 40.295 16.452
4744.603 42.639 16.647
4745.697 42.57 16.712
4746.789 43.308 16.369
4747.884 42.439 15.426
4748.976 42.927 14.227
4750.071 42.057 13.782
4751.164 41.914 14.331
4752.257 44.936 14.788
4753.353 44.913 7.69
4754.446 41.862 7.871
4755.543 40.434 14.304
4756.637 40.961 14.127
4757.734 42.984 13.693
4758.828 41.542 12.498
4759.923 39.535 12.014
4761.02 40.757 12.63
4762.116 40.841 13.944
4763.214 40.553 13.688
4764.31 42.959 12.538
4765.408 43.469 12.14
4766.504 41.676 12.561
4767.601 42.234 12.705
4768.7 42.075 13.438
4769.797 39.65 14.101
4770.897 42.58 13.955
4771.995 43.749 13.562
4773.095 41.597 13.808
4774.193 41.231 14.041
4775.292 41.434 14.349
4776.393 42.609 14.701
4777.492 42.567 14.336
4778.593 40.177 14.634
4779.693 42.074 14.982
4780.795 42.937 14.072
4781.895 41.261 13.674
4782.995 42.277 13.961
4784.098 39.124 14.375
4785.198 46.3 13.954
4786.302 40.227 12.893
4787.403 41.465 12.994
4788.507 42.86 12.502
4789.608 39.541 11.876
4790.71 41.432 12.55
4791.815 37.183 13.686
4792.917 38.476 13.841
4794.022 39.558 14.351
4795.125 39.18 13.705
4796.231 39.816 13.607
4797.334 40.372 14.142
4798.438 40.019 14.25
4799.545 41.062 14.365
4800.649 41.684 13.957
4801.756 44.221 13.916
4802.86 46.393 16.279
4803.968 42.442 17.444
4805.073 40.903 13.931
4806.178 42.019 14.222
4807.287 38.821 14.426
4808.393 42.473 13.041
4809.501 42.731 13.179
4810.608 41.75 13.655
4811.717 39.054 13.923
4812.824 39.845 13.244
4813.931 39.735 13.86
4815.041 42.869 13.245
4816.149 40.896 14.019
4817.26 40.288 15.019
4818.368 42.796 15.472
4819.479 42.381 15.508
4820.588 42.194 16.305
4821.697 46.07 19.255
4822.809 41.063 18.645
4823.918 42.286 17.994
4825.03 41.854 14.342
4826.14 37.705 13.862
4827.253 37.815 14.256
4828.364 41.241 14.706
4829.477 42.193 14.726
4830.588 41.334 15.897
4831.699 42.464 15.77
4832.814 43.553 16.738
4833.925 43.014 16.915
4835.04 40.7 15.913
4836.152 39.893 14.861
4837.268 39.418 14.384
4838.38 40.608 14.129
4839.493 42.546 14.938
4840.609 41.635 15.277
4841.723 42.314 14.113
4842.84 43.743 13.484
4843.954 39.208 13.693
4845.071 40.855 12.992
4846.185 41.481 13.233
4847.3 43.911 15.348
4848.418 41.747 18.796
4849.533 41.895 17.01
4850.652 39.013 13.73
4851.767 36.212 13.634
4852.886 38.361 14.67
4854.003 38.794 14.773
4855.119 39.941 13.368
4856.239 37.937 12.297
4857.356 37.558 11.998
4858.476 38.833 12.012
4859.594 38.602 12.927
4860.714 38.101 12.455
4861.833 38.504 12.642
4862.951 40.096 12.929
4864.072 38.27 13.267
4865.191 40.167 12.392
4866.313 38.353 12.794
4867.433 35.883 12.944
4868.555 40.037 12.751
4869.675 39.483 13.684
4870.796 38.603 13.657
4871.919 39.381 11.181
4873.039 38.161 10.522
4874.163 39.641 11.242
4875.284 39.102 12.4
4876.409 37.331 13.015
4877.531 34.327 11.754
4878.653 37.023 12.278
4879.778 35.183 13.249
4880.9 35.099 14.403
4882.026 35.321 14.873
4883.149 29.683 14.42
4884.275 30.689 13.857
4885.398 32.12 12.741
4886.522 35.959 12.044
4887.649 57.374 13.168
4888.774 85.973 15.612
4889.901 84.504 15.652
4891.026 54.313 14.166
4892.154 34.572 12.839
4893.279 32.204 13.145
4894.405 31.956 14.691
4895.533 35.786 13.955
4896.66 36.961 13.915
4897.789 34.161 13.372
4898.916 31.258 13.976
4900.045 31.736 13.672
4901.172 37.006 13.29
4902.3 34.838 13.694
4903.43 39.114 12.971
4904.558 37.282 13.91
4905.689 34.701 13.932
4906.818 38.04 14.826
4907.95 37.333 13.06
4909.079 36.594 12.15
4910.208 36.878 13.529
4911.34 39.63 13.758
4912.47 37.412 12.988
4913.603 36.687 13.304
4914.733 36.182 13.228
4915.867 38.015 14.038
4916.997 36.501 14.275
4918.131 38.052 13.651
4919.263 36.335 12.251
4920.394 35.082 11.882
4921.529 38.542 12.458
4922.661 39.49 13.134
4923.796 38.727 13.962
4924.929 41.028 14.003
4926.065 41.379 13.559
4927.198 39.889 13.33
4928.331 39.143 13.495
4929.468 39.006 14.049
4930.602 40.527 13.868
4931.739 38.086 13.571
4932.873 37.358 14.187
4934.011 43.735 13.474
4935.146 41.353 13.592
4936.281 40.783 14.59
4937.42 38.029 14.147
4938.556 38.576 14.167
4939.694 38.234 13.3
4940.831 37.916 11.62
4941.97 39.76 12.349
4943.107 41.508 13.616
4944.244 41.69 14.134
4945.384 39.069 12.183
4946.522 38.39 11.284
4947.663 36.527 12.446
4948.801 35.286 13.372
4949.942 38.268 13.934
4951.081 36.762 13.051
4952.22 37.128 12.638
4953.362 36.979 13.514
4954.501 37.791 15.018
4955.644 39.837 15.219
4956.784 40.927 14.209
4957.927 42.259 12.729
4959.067 39.908 12.35
4960.208 39.252 12.469
4961.352 39.233 12.576
4962.493 39.258 13.124
4963.638 38.397 13.487
4964.779 39.261 13.918
4965.924 38.835 13.908
4967.067 35.006 13.842
4968.209 36.504 14.326
4969.355 37.978 14.222
4970.498 39.249 14.082
4971.644 41.767 14.602
4972.788 39.764 14.972
4973.935 39.05 15.165
4975.079 40.466 15.964
4976.224 41.232 16.056
4977.371 39.148 15.282
4978.516 39.191 16.567
4979.664 40.829 16.976
4980.81 41.135 17.184
4981.958 38.087 17.378
4983.104 38.542 17.164
4984.251 35.001 17.088
4985.4 37.005 16.734
4986.547 40.303 15.94
4987.697 44.583 16.373
4988.844 42.131 17.126
4989.995 43.474 16.494
4991.143 42.242 16.278
4992.291 37.501 15.592
4993.442 40.156 16.245
4994.591 39.419 15.739
4995.743 37.656 15.141
4996.892 36.318 15.295
4998.044 37.123 14.638
4999.194 37.584 13.81
5000.344 37.416 13.125
5001.497 37.736 12.598
5002.648 37.369 12.593
5003.801 40.512 12.98
5004.952 40.988 13.335
5006.106 36.332 13.185
5007.258 36.407 12.819
5008.413 38.86 12.35
5009.565 36.365 12.125
5010.717 37.711 12.62
5011.873 35.472 12.654
5013.026 35.095 12.893
5014.182 37.483 12.78
5015.335 38.634 12.178
5016.492 38.657 12.166
5017.646 37.204 12.414
5018.8 37.382 12.35
5019.958 38.518 12.5
5021.112 37.575 12.697
5022.27 37.385 12.338
5023.426 38.908 12.055
5024.584 37.891 12.004
5025.74 37.602 11.961
5026.896 35.766 11.711
5028.055 34.352 12.067
5029.212 40.123 11.355
5030.372 38.708 12.052
5031.529 37.143 12.678
5032.689 35.453 12.072
5033.847 42.773 11.717
5035.005 50.615 11.901
5036.166 54.383 12.275
5037.325 48.366 11.698
5038.486 37.192 11.712
5039.645 35.997 12.014
5040.807 36.588 11.116
5041.967 34.377 10.977
5043.127 35.624 10.94
5044.29 34.03 11.359
5045.45 34.178 11.583
5046.614 33.467 11.642
5047.775 36.219 11.92
5048.939 34.371 11.718
5050.1 35.116 12.095
5051.262 36.378 10.582
5052.427 39.217 10.068
5053.589 36.694 10.209
5054.754 36.941 9.906
5055.917 37.242 10.536
5057.083 34.498 11.386
5058.247 38.529 11.966
5059.41 40.282 12.75
5060.577 37.81 12.792
5061.741 36.504 12.296
5062.908 35.988 11.922
5064.073 37.807 11.977
5065.241 37.576 12.342
5066.406 35.841 12.242
5067.572 37.863 11.548
5068.74 35.075 11.212
5069.906 32.503 11.798
5071.075 36.57 12.403
5072.242 37.307 12.321
5073.412 39.385 11.799
5074.579 39.663 11.407
5075.746 37.22 11.621
5076.917 36.995 11.914
5078.084 38.303 11.543
5079.255 35.236 11.324
5080.424 36.337 11.795
5081.595 38.606 11.943
5082.764 38.074 12.434
5083.934 38.509 13.124
5085.106 38.855 13.408
5086.276 39.052 13.412
5087.449 38.919 13.7
5088.619 40.276 14.023
5089.793 40.737 13.238
5090.964 39.607 12.827
5092.135 37.158 12.055
5093.309 35.925 11.985
5094.481 35.404 12.305
5095.655 36.906 12.204
5096.828 40.048 11.823
5098.003 37.752 11.243
5099.176 37.407 11.276
5100.352 37.524 12.197
5101.525 35.178 12.528
5102.699 36.915 12.233
5103.875 36.168 12.387
5105.049 35.173 11.751
5106.227 35.199 11.295
5107.401 34.944 11.745
5108.579 34.912 11.319
5109.754 34.348 11.129
5110.93 35.783 11.42
5112.108 34.268 11.515
5113.284 35.637 11.889
5114.463 37.173 12.247
5115.64 36.562 12.306
5116.82 36.778 11.671
5117.997 39.037 12.181
5119.174 39.368 12.184
5120.355 38.702 12.019
5121.533 38.673 11.868
5122.714 38.858 11.763
5123.892 38.144 11.219
5125.074 35.63 11.404
5126.253 36.149 11.843
5127.432 33.731 10.792
5128.614 34.061 10.543
5129.794 35.022 10.564
5130.977 36.773 10.987
5132.157 37.043 11.606
5133.341 36.104 12.375
5134.522 38.936 12.735
5135.703 35.683 12.595
5136.887 35.473 12.148
5138.069 35.095 12.317
5139.254 36.903 12.243
5140.436 37.061 11.439
5141.621 35.894 12.704
5142.804 36.33 12.161
5143.987 38.657 12.024
5145.174 39.498 12.602
5146.357 36.456 12.579
5147.544 35.951 12.381
5148.728 37.333 12.962
5149.915 38.456 12.541
5151.1 36.703 12.882
5152.285 34.924 14.465
5153.473 34.039 13.695
5154.659 36.496 13.617
5155.847 33.434 14.276
5157.034 35.223 13.807
5158.223 35.312 12.95
5159.409 34.973 12.24
5160.596 36.792 12.583
5161.786 37.011 12.618
5162.974 34.311 12.005
5164.164 34.931 11.342
5165.352 35.771 11.394
5166.544 38.308 11.013
5167.732 34.85 9.997
5168.921 35.839 9.225
5170.113 36.544 9.611
5171.302 34.53 9.959
5172.495 35.55 9.854
5173.685 35.252 9.187
5174.878 35.552 9.69
5176.068 33.914 10.635
5177.259 35.027 12.203
5178.453 38.163 12.183
5179.644 36.691 11.452
5180.838 34.992 10.863
5182.03 34.288 10.841
5183.225 35.366 10.316
5184.418 33.377 9.301
5185.61 36.486 8.745
5186.806 37.307 9.818
5187.999 37.306 11.955
5189.196 38.105 12.944
5190.389 37.331 12.386
5191.586 37.127 11.703
5192.781 36.553 11.517
5193.978 38.163 11.047
5195.173 35.484 10.796
5196.368 28.929 10.208
5197.566 27.732 10.07
5198.762 29.88 12.481
5199.961 32.915 15.073
5201.157 29.725 14.765
5202.357 29.951 13.87
5203.553 32.836 13.375
5204.75 34.031 12.583
5205.951 35.582 11.542
5207.148 34.054 10.245
5208.349 37.21 11.013
5209.547 36.47 11.142
5210.748 32.461 10.77
5211.947 31.226 12.118
5213.146 28.627 11.805
5214.348 29.374 11.82
5215.548 33.238 11.383
5216.751 35.289 11.002
5217.951 33.282 10.58
5219.154 35.884 11.053
5220.355 34.988 11.753
5221.556 32.363 12.642
5222.76 35.327 12.054
5223.961 36.839 11.916
5225.166 37.279 12.836
5226.368 34.977 11.389
5227.573 38.293 10.372
5228.776 36.82 10.106
5229.978 37.527 10.866
5231.184 38.332 10.998
5232.388 35.991 11.086
5233.594 31.783 10.936
5234.798 34.119 10.652
5236.006 32.705 11.021
5237.21 34.416 10.857
5238.415 33.289 11.793
5239.623 36.248 12.982
5240.828 35.326 13.838
5242.037 38.377 12.427
5243.243 36.75 11.834
5244.452 34.388 11.406
5245.658 33.424 11.149
5246.865 36.861 10.813
5248.075 38.237 10.829
5249.282 35.078 10.896
5250.493 37.105 11.159
5251.701 36.191 11.637
5252.912 36.586 10.804
5254.12 33.944 10.859
5255.329 32.679 10.899
5256.541 31.35 11.665
5257.75 32.2 12.4
5258.962 33.863 12.337
5260.172 36.837 11.826
5261.385 36.462 11.626
5262.595 34.873 10.854
5263.806 34.389 10.143
5265.02 34.403 10.096
5266.231 36.572 9.695
5267.446 37.351 9.373
5268.657 36.908 9.739
5269.872 37.242 9.492
5271.085 37.142 9.384
5272.297 37.133 9.604
5273.513 36.021 9.958
5274.726 38.983 10.332
5275.942 35.667 10.905
5277.156 33.882 11.789
5278.373 35.838 12.249
5279.587 34.334 12.131
5280.805 33.984 11.292
5282.02 35.659 10.96
5283.235 33.504 9.998
5284.453 34.329 9.782
5285.669 34.082 10.179
5286.888 33.493 10.517
5288.104 36.634 10.876
5289.323 39.763 10.428
5290.54 34.913 10.293
5291.757 34.064 10.53
5292.977 33.927 10.47
5294.195 32.371 10.981
5295.416 30.862 10.704
5296.634 31.079 10.735
5297.856 33.025 10.48
5299.074 33.411 10.51
5300.293 31.629 11.249
5301.516 31.355 11.114
5302.735 35.244 10.46
5303.958 35.909 10.42
5305.178 34.754 10.943
5306.402 33.962 11.316
5307.622 37.324 11.477
5308.843 39.775 11.114
5310.067 35.784 10.901
5311.289 36.08 11.284
5312.514 35.407 11.215
5313.736 34.882 11.189
5314.961 35.137 11.667
5316.184 37.457 11.705
5317.407 37.512 11.059
5318.633 38.494 10.73
5319.857 38.395 11.535
5321.083 38.147 11.816
5322.308 36.255 11.231
5323.535 36.566 10.825
5324.76 36.845 11.547
5325.985 35.062 12.447
5327.213 33.393 12.596
5328.438 35.768 10.92
5329.667 38.147 9.356
5330.893 33.615 9.698
5332.122 35.936 10.71
5333.349 38.349 11.032
5334.576 38.712 10.536
5335.806 37.058 10.278
5337.033 38.593 10.202
5338.264 36.184 10.238
5339.492 37.971 11.172
5340.724 37.378 10.944
5341.952 38.005 10.243
5343.181 33.826 10.118
5344.413 36.152 10.713
5345.643 35.155 11.454
5346.875 33.67 10.852
5348.105 35.76 10.725
5349.339 35.97 10.642
5350.569 36.9 10.796
5351.8 37.863 11.878
5353.034 36.091 11.566
5354.266 34.909 10.735
5355.5 35.82 10.782
5356.732 34.502 11.198
5357.968 31.968 11.821
5359.2 31.137 11.57
5360.433 31.929 11.12
5361.669 34.282 10.721
5362.903 37.296 10.653
5364.139 36.555 10.854
5365.373 34.823 10.673
5366.611 35.162 10.475
5367.845 35.904 9.999
5369.08 36.391 9.59
5370.318 34.077 9.713
5371.554 34.693 10.158
5372.792 33.216 10.167
5374.028 35.474 10.136
5375.268 35.111 10.786
5376.504 36.649 10.984
5377.744 37.522 10.959
5378.981 32.825 11.123
5380.218 35.169 10.935
5381.459 35.51 10.655
5382.697 35.914 10.635
5383.938 37.838 9.971
5385.177 36.875 9.673
5386.419 35.143 10.338
5387.658 38.438 10.692
5388.897 37.171 10.547
5390.14 37.028 10.611
5391.38 35.927 10.46
5392.623 35.981 10.069
5393.864 35.762 10.479
5395.108 37.057 10.825
5396.349 35.019 10.524
5397.59 35.61 9.755
5398.835 37.782 10.149
5400.077 34.296 10.163
5401.322 35.168 10.422
5402.565 33.482 10.325
5403.81 34.783 10.279
5405.054 36.55 9.176
5406.297 37.595 9.276
5407.544 35.417 10.005
5408.788 36.685 10.238
5410.035 36.227 9.954
5411.28 35.686 9.943
5412.527 34.62 9.919
5413.773 34.015 10.093
5415.018 36.086 10.256
5416.267 36.69 9.978
5417.513 35.716 9.761
5418.762 35.961 10.054
5420.008 37.146 10.297
5421.258 35.997 10.17
5422.505 33.95 10.327
5423.753 36.476 10.198
5425.004 36.481 10.357
5426.252 35.12 10.286
5427.503 33.631 10.19
5428.752 34.615 10.608
5430.003 34.614 10.367
5431.253 35.394 10.113
5432.502 34.52 10.338
5433.755 34.055 10.403
5435.005 32.38 10.07
5436.258 32.954 9.929
5437.509 32.516 10.133
5438.763 34.697 10.587
5440.014 31.787 10.732
5441.265 33.145 11.012
5442.52 31.524 10.772
5443.772 35.703 10.915
5445.027 35.259 10.789
5446.28 34.086 10.657
5447.536 36.557 10.369
5448.789 36.947 10.034
5450.043 38.468 9.818
5451.299 32.643 9.844
5452.553 35.628 10.258
5453.811 34.163 10.859
5455.065 35.59 10.954
5456.323 36.426 10.545
5457.578 35.012 10.292
5458.834 37.505 11.434
5460.093 34.371 16.849
5461.349 33.165 30.403
5462.608 35.517 41.441
5463.865 35.703 35.09
5465.125 32.665 21.338
5466.382 33.447 14.3
5467.64 33.437 12.201
5468.9 35.039 12.069
5470.159 36.167 12.171
5471.42 36.973 11.641
5472.679 37.133 11.291
5473.941 34.42 11.245
5475.2 37.039 11.198
5476.463 34.046 10.503
5477.722 33.404 10.457
5478.982 32.596 10.389
5480.246 36.881 10.042
5481.507 34.476 10.439
5482.771 34.617 11.473
5484.032 37.194 11.48
5485.297 35.973 11.806
5486.558 33.485 11.442
5487.821 32.357 11.589
5489.086 34.635 10.72
5490.349 35.649 10.689
5491.615 36.441 11.099
5492.878 34.197 11.122
5494.145 35.794 11.001
5495.409 36.699 10.844
5496.673 36.041 10.334
5497.941 34.754 10.599
5499.205 33.384 11.129
5500.473 35.009 11.368
5501.739 35.332 11.714
5503.008 34.94 11.031
5504.274 35.436 10.943
5505.54 34.091 11.192
5506.809 34.134 11.076
5508.076 32.21 10.726
5509.346 34.224 10.8
5510.614 32.35 10.918
5511.884 33.867 10.809
5513.152 33.94 10.65
5514.421 33.823 10.902
5515.692 34.642 11.974
5516.961 37.054 11.722
5518.233 38.462 11.189
5519.503 31.867 11.639
5520.776 33.668 12.069
5522.046 33.906 12.178
5523.316 35.336 11.65
5524.59 35.219 11.388
5525.861 33.734 11.292
5527.135 36.69 11.006
5528.406 36.766 10.639
5529.681 36.337 10.566
5530.953 35.573 10.593
5532.226 36.765 10.795
5533.501 33.471 10.876
5534.774 34.211 10.97
5536.051 37.239 10.616
5537.324 35.341 10.525
5538.601 33.285 10.972
5539.875 33.245 11.223
5541.15 35.135 10.861
5542.428 34.898 11.399
5543.703 33.778 12.942
5544.981 33.496 13.89
5546.257 32.606 13.798
5547.536 36.098 12.466
5548.812 34.209 11.533
5550.088 37.932 12.039
5551.368 36.123 12.024
5552.645 37.276 11.641
5553.926 35.351 11.413
5555.203 37.309 10.406
5556.484 33.937 10.371
5557.763 34.064 10.567
5559.041 33.632 10.878
5560.323 34.489 11.059
5561.602 33.551 11.031
5562.885 35.602 10.763
5564.164 33.959 12.006
5565.447 32.934 13.616
5566.728 36.231 13.041
5568.008 36.004 11.161
5569.292 35.45 10.49
5570.574 33.984 10.816
5571.858 35.502 10.733
5573.14 37.232 9.713
5574.425 35.466 9.078
5575.707 36.21 10.245
5576.993 39.554 108.798
5578.276 15.8 527.323
5579.559 55.015 710.94
5580.846 33.499 321.283
5582.13 31.516 52.284
5583.417 33.937 14.636
5584.702 34.383 10.551
5585.989 34.474 9.883
5587.275 36.122 9.605
5588.56 35.307 9.929
5589.849 35.406 11.149
5591.135 35.365 12.265
5592.424 36.648 11.48
5593.71 36.549 10.372
5595.0 36.541 9.883
5596.287 35.708 9.377
5597.575 34.094 10.116
5598.866 33.085 11.161
5600.154 35.446 11.323
5601.445 32.105 10.576
5602.734 34.769 10.386
5604.026 33.675 10.209
5605.315 35.999 11.467
5606.604 32.85 14.081
5607.897 33.896 13.661
5609.187 35.358 11.686
5610.481 34.944 10.378
5611.771 36.144 10.858
5613.065 35.0 10.5
5614.357 34.171 10.545
5615.648 36.802 10.213
5616.943 35.154 10.209
5618.235 33.254 11.108
5619.531 33.275 11.445
5620.824 33.371 10.856
5622.12 35.507 10.442
5623.413 34.198 10.596
5624.707 33.256 12.557
5626.004 32.835 13.165
5627.298 34.554 11.578
5628.596 35.163 10.236
5629.891 35.033 10.087
5631.189 33.413 10.664
5632.484 35.13 10.178
5633.78 33.714 10.445
5635.079 32.296 10.832
5636.376 32.752 11.052
5637.675 34.573 10.545
5638.972 36.195 10.525
5640.273 33.207 11.767
5641.57 34.035 12.172
5642.868 35.426 11.374
5644.169 35.72 10.691
5645.468 33.044 11.717
5646.769 31.103 12.626
5648.069 31.41 12.269
5649.371 35.858 11.226
5650.671 34.227 11.02
5651.971 33.126 10.758
5653.274 34.507 10.625
5654.574 34.35 10.912
5655.878 36.62 10.6
5657.179 33.877 10.835
5658.484 36.39 11.083
5659.786 33.24 10.696
5661.088 33.111 10.789
5662.393 32.741 11.394
5663.696 36.664 11.242
5665.002 36.637 11.878
5666.305 34.868 12.433
5667.612 34.695 12.381
5668.916 35.76 12.634
5670.22 34.011 13.324
5671.527 33.812 13.627
5672.832 37.062 14.699
5674.14 36.42 14.568
5675.445 34.306 14.395
5676.754 34.984 13.503
5678.06 37.449 13.157
5679.369 34.0 13.934
5680.676 33.404 14.064
5681.983 34.087 15.222
5683.293 34.999 16.971
5684.6 35.08 18.83
5685.911 33.796 20.372
5687.219 32.66 21.038
5688.531 32.114 22.336
5689.839 34.607 23.087
5691.148 34.142 22.987
5692.461 33.49 22.451
5693.77 35.126 21.543
5695.083 35.23 18.626
5696.393 31.597 17.181
5697.707 35.224 15.639
5699.018 33.744 15.121
5700.329 33.479 14.568
5701.643 32.688 15.106
5702.955 34.701 13.852
5704.27 34.291 12.885
5705.582 35.334 12.11
5706.898 35.001 12.24
5708.211 34.924 12.25
5709.524 36.686 11.892
5710.841 34.777 11.865
5712.154 35.208 12.165
5713.472 35.036 12.405
5714.786 33.015 12.711
5716.104 34.389 11.584
5717.419 34.819 11.335
5718.734 33.971 11.85
5720.053 32.881 12.193
5721.369 34.994 12.099
5722.688 34.818 11.617
5724.004 33.337 11.648
5725.324 35.71 11.963
5726.642 33.942 12.578
5727.959 35.016 12.041
5729.28 35.727 11.55
5730.598 35.626 11.119
5731.919 35.131 10.831
5733.238 32.334 11.01
5734.56 35.833 11.351
5735.879 32.323 11.647
5737.199 33.532 11.275
5738.522 33.876 11.263
5739.842 31.861 11.425
5741.165 34.51 11.325
5742.486 33.462 10.714
5743.81 31.354 10.757
5745.132 32.442 11.073
5746.453 32.925 11.138
5747.779 33.354 11.297
5749.101 34.699 10.907
5750.427 37.19 11.015
5751.749 32.814 11.443
5753.076 35.073 10.981
5754.399 36.566 10.447
5755.723 35.179 10.78
5757.05 35.111 11.108
5758.375 35.615 10.915
5759.703 35.55 10.986
5761.028 33.631 11.239
5762.356 33.352 11.585
5763.682 33.829 11.762
5765.008 34.455 12.054
5766.337 34.422 12.468
5767.664 34.456 13.601
5768.994 33.528 16.049
5770.321 36.987 19.869
5771.651 36.362 21.497
5772.979 34.004 18.53
5774.307 33.421 14.892
5775.639 32.519 13.115
5776.967 36.963 11.85
5778.3 34.531 11.976
5779.629 31.711 11.645
5780.962 33.351 11.439
5782.291 34.795 11.073
5783.625 35.072 11.272
5784.955 34.272 11.441
5786.286 33.842 11.924
5787.621 33.657 12.888
5788.952 34.308 14.476
5790.287 36.995 16.516
5791.619 33.949 20.312
5792.954 32.131 21.923
5794.287 32.482 18.478
5795.62 34.107 14.608
5796.957 32.738 13.283
5798.29 33.72 12.827
5799.627 35.686 12.665
5800.961 34.335 12.667
5802.299 34.143 12.338
5803.634 36.042 12.117
5804.969 35.563 12.567
5806.308 35.29 12.734
5807.643 34.826 12.786
5808.983 35.051 12.493
5810.319 34.704 12.436
5811.659 31.944 12.577
5812.996 33.278 12.787
5814.333 34.501 13.039
5815.674 32.815 13.025
5817.012 32.194 12.994
5818.353 32.441 13.135
5819.692 33.31 12.575
5821.034 33.745 12.556
5822.373 35.433 13.301
5823.712 35.754 13.51
5825.055 32.807 13.13
5826.395 35.515 13.189
5827.739 34.623 13.078
5829.079 34.658 13.468
5830.424 34.613 13.466
5831.765 32.73 13.581
5833.106 35.677 13.697
5834.451 37.179 13.778
5835.794 36.198 13.984
5837.139 34.453 14.237
5838.482 32.787 14.058
5839.829 34.237 13.637
5841.172 32.879 13.807
5842.516 34.565 14.332
5843.863 36.053 14.361
5845.207 35.111 14.416
5846.555 34.253 14.191
5847.9 34.442 14.027
5849.249 32.09 13.92
5850.594 31.871 14.145
5851.94 34.322 14.041
5853.29 37.872 14.081
5854.636 35.369 13.979
5855.986 35.208 13.975
5857.334 33.439 14.067
5858.684 33.874 13.719
5860.032 33.658 14.152
5861.38 33.94 14.425
5862.732 36.254 14.304
5864.08 34.977 14.359
5865.433 36.629 15.776
5866.782 35.719 19.993
5868.135 36.614 23.982
5869.485 35.936 24.21
5870.835 34.12 21.537
5872.189 35.716 17.602
5873.54 35.89 15.474
5874.894 34.509 15.581
5876.246 35.301 14.757
5877.601 35.91 13.193
5878.953 33.505 13.048
5880.305 34.104 12.361
5881.661 34.071 11.912
5883.014 35.723 11.818
5884.371 35.695 11.829
5885.725 33.97 12.462
5887.082 32.973 13.994
5888.436 33.552 21.952
5889.794 31.691 62.611
5891.149 31.509 152.378
5892.504 36.07 166.942
5893.863 38.063 84.484
5895.219 32.02 36.825
5896.578 33.338 78.878
5897.935 32.339 112.601
5899.295 32.594 84.521
5900.652 33.335 31.58
5902.01 31.719 14.9
5903.371 34.199 13.592
5904.729 36.164 13.933
5906.09 34.968 14.47
5907.449 35.269 14.897
5908.811 38.735 15.755
5910.17 39.887 14.93
5911.53 35.392 13.718
5912.893 33.6 13.195
5914.254 32.774 14.144
5915.617 32.994 18.523
5916.978 32.838 23.104
5918.343 32.155 21.762
5919.704 33.405 16.903
5921.066 31.637 14.873
5922.431 29.294 14.536
5923.794 28.193 15.265
5925.16 28.731 16.502
5926.523 31.425 18.496
5927.89 31.174 18.484
5929.253 28.901 16.037
5930.617 30.146 15.099
5931.985 31.647 16.716
5933.35 33.551 21.771
5934.718 33.66 26.376
5936.083 34.201 23.714
5937.452 33.051 18.177
5938.818 33.516 16.091
5940.184 35.056 15.243
5941.554 34.394 15.33
5942.921 34.604 15.255
5944.291 34.11 14.746
5945.659 33.131 16.186
5947.03 32.425 18.75
5948.398 34.6 19.221
5949.766 33.422 16.648
5951.138 32.113 15.115
5952.507 33.468 16.227
5953.88 33.97 20.932
5955.249 34.823 24.86
5956.623 33.887 23.016
5957.993 32.06 18.034
5959.364 34.889 15.323
5960.738 33.608 14.99
5962.109 31.703 14.932
5963.484 35.272 15.319
5964.856 32.079 15.719
5966.231 33.55 15.93
5967.604 34.402 15.236
5968.977 33.799 15.08
5970.353 33.333 15.705
5971.727 33.181 17.313
5973.104 34.048 17.773
5974.478 35.004 16.073
5975.856 34.141 15.007
5977.23 33.195 16.888
5978.605 34.333 20.137
5979.984 35.535 20.006
5981.36 33.216 17.101
5982.739 32.827 15.204
5984.115 33.804 14.734
5985.495 31.568 14.43
5986.872 33.182 14.279
5988.249 33.663 14.426
5989.63 31.04 14.397
5991.008 32.089 14.352
5992.39 35.331 14.192
5993.768 32.435 14.094
5995.15 34.824 14.158
5996.53 33.88 13.987
5997.912 32.324 14.723
5999.292 34.12 15.32
6000.672 32.993 15.005
6002.056 31.94 14.064
6003.437 34.004 14.382
6004.821 35.101 15.957
6006.203 34.046 16.798
6007.588 33.299 15.156
6008.97 34.343 13.154
6010.352 35.023 11.843
6011.738 33.966 11.974
6013.121 35.563 13.002
6014.508 33.277 12.843
6015.891 33.867 12.792
6017.278 32.686 12.351
6018.663 33.114 12.0
6020.047 30.701 11.832
6021.436 31.833 12.06
6022.821 33.721 12.035
6024.21 33.053 12.017
6025.595 34.209 12.266
6026.985 33.161 12.386
6028.371 34.488 12.65
6029.758 32.764 13.364
6031.149 33.183 13.587
6032.536 34.253 12.679
6033.927 33.493 12.792
6035.315 32.339 13.482
6036.707 32.806 13.517
6038.096 32.259 12.663
6039.485 31.385 12.264
6040.878 31.293 12.247
6042.267 30.798 11.998
6043.661 30.732 11.535
6045.051 32.799 11.515
6046.445 33.028 12.36
6047.836 31.328 12.05
6049.227 33.916 11.592
6050.622 32.205 11.658
6052.014 31.02 11.72
6053.41 32.151 11.348
6054.802 32.52 11.089
6056.198 33.247 11.271
6057.592 33.484 11.396
6058.985 33.234 11.471
6060.382 33.199 11.54
6061.777 32.503 11.526
6063.174 33.632 11.569
6064.569 32.92 11.606
6065.968 34.727 11.529
6067.363 33.823 11.581
6068.759 34.627 11.807
6070.158 32.824 12.162
6071.555 33.188 11.544
6072.955 33.641 10.809
6074.352 33.438 11.01
6075.753 32.683 11.337
6077.15 33.269 11.257
6078.549 35.224 11.105
6079.95 34.606 10.613
6081.349 33.235 10.971
6082.751 33.947 10.731
6084.151 35.569 10.712
6085.554 33.423 11.094
6086.954 34.019 11.181
6088.354 32.049 10.964
6089.758 32.925 10.879
6091.159 34.168 10.689
6092.563 33.327 10.564
6093.965 33.311 10.395
6095.37 35.083 10.561
6096.772 35.418 10.858
6098.178 33.794 10.702
6099.581 31.833 11.246
6100.984 32.734 11.375
6102.391 32.846 11.195
6103.795 35.481 11.165
6105.203 34.085 11.266
6106.607 33.302 11.487
6108.015 34.261 11.399
6109.42 32.439 10.929
6110.826 33.655 10.727
6112.235 35.115 10.654
6113.641 32.529 10.789
6115.051 31.258 10.927
6116.458 32.932 10.924
6117.868 33.552 10.892
6119.276 32.062 10.382
6120.683 32.264 10.276
6122.095 32.924 10.438
6123.503 32.67 10.439
6124.915 31.784 10.535
6126.324 30.007 10.428
6127.737 32.634 10.611
6129.147 32.444 10.858
6130.557 32.398 10.492
6131.97 33.871 10.08
6133.381 33.12 10.508
6134.795 33.994 10.567
6136.207 32.837 10.783
6137.622 33.094 11.065
6139.034 31.276 12.351
6140.446 32.477 12.897
6141.862 32.514 12.688
6143.275 32.997 12.313
6144.691 32.941 12.828
6146.105 31.714 13.775
6147.522 33.587 13.267
6148.936 33.828 11.662
6150.351 31.708 10.716
6151.769 32.235 10.945
6153.184 32.997 11.637
6154.603 31.783 12.444
6156.019 30.896 13.0
6157.439 30.976 13.129
6158.855 33.098 12.689
6160.272 32.331 12.537
6161.693 33.853 13.319
6163.11 34.83 14.276
6164.531 32.849 13.765
6165.949 32.822 12.272
6167.371 33.757 10.801
6168.79 32.285 10.512
6170.209 30.589 11.646
6171.632 29.854 13.556
6173.052 29.921 14.724
6174.475 33.0 13.345
6175.896 30.841 11.294
6177.32 32.37 11.82
6178.741 33.528 11.669
6180.162 31.718 10.993
6181.588 31.785 10.075
6183.01 32.544 9.783
6184.435 31.662 10.105
6185.858 31.476 10.682
6187.285 32.683 10.818
6188.708 34.068 10.746
6190.132 33.13 10.592
6191.559 31.838 10.424
6192.983 33.556 10.737
6194.412 31.193 11.048
6195.837 29.091 11.785
6197.265 30.449 11.088
6198.691 28.939 10.264
6200.117 30.309 10.507
6201.547 31.285 10.829
6202.973 30.463 12.131
6204.404 29.969 13.347
6205.831 30.687 13.155
6207.262 30.88 11.607
6208.69 30.686 10.371
6210.122 31.512 10.393
6211.55 32.142 10.655
6212.979 31.696 10.913
6214.412 32.191 12.191
6215.842 31.703 11.374
6217.275 32.562 11.022
6218.705 34.425 10.031
6220.139 33.426 9.781
6221.57 32.383 11.547
6223.002 32.273 13.591
6224.437 30.447 13.931
6225.869 30.352 12.314
6227.304 32.671 10.268
6228.737 31.612 9.482
6230.173 30.763 9.747
6231.606 32.92 9.769
6233.04 31.446 10.695
6234.477 31.47 14.205
6235.911 31.238 21.784
6237.349 31.192 29.88
6238.784 31.579 28.723
6240.223 31.058 21.641
6241.659 30.126 17.017
6243.094 32.61 16.993
6244.534 32.171 16.335
6245.971 31.316 14.478
6247.411 31.805 12.378
6248.848 30.585 11.214
6250.289 29.42 10.884
6251.727 29.776 10.406
6253.165 30.115 10.024
6254.607 31.445 9.821
6256.046 30.411 9.921
6257.489 31.692 13.742
6258.928 30.44 24.659
6260.371 32.269 28.371
6261.812 32.242 22.312
6263.252 31.149 14.107
6264.696 31.016 12.74
6266.138 30.739 14.699
6267.583 30.963 16.252
6269.024 32.275 15.213
6270.47 32.574 12.769
6271.913 32.354 11.064
6273.355 32.193 10.17
6274.802 30.557 10.472
6276.246 30.198 11.309
6277.693 30.274 12.645
6279.137 31.29 13.276
6280.585 30.678 12.169
6282.03 29.913 10.954
6283.475 30.021 9.834
6284.924 33.038 10.013
6286.37 32.008 11.285
6287.819 30.228 17.678
6289.266 30.373 23.259
6290.716 31.185 21.976
6292.163 30.539 15.525
6293.611 29.268 10.794
6295.062 29.32 10.323
6296.51 30.513 10.632
6297.962 31.616 14.286
6299.411 30.283 28.487
6300.864 30.606 81.761
6302.313 29.773 118.58
6303.763 33.347 94.183
6305.217 28.198 37.375
6306.667 30.808 19.929
6308.122 31.737 25.996
6309.573 32.684 27.687
6311.028 31.643 19.93
6312.48 32.132 12.274
6313.932 31.305 9.848
6315.388 28.917 9.962
6316.841 29.982 9.793
6318.297 31.222 9.697
6319.751 31.708 9.54
6321.208 31.139 11.421
6322.662 31.027 15.125
6324.12 32.725 16.183
6325.575 31.617 12.757
6327.03 32.865 10.362
6328.489 31.573 10.936
6329.945 30.997 17.151
6331.405 29.174 23.639
6332.861 31.368 23.545
6334.322 31.535 16.459
6335.779 30.998 10.955
6337.236 31.735 9.816
6338.698 32.097 9.601
6340.156 31.252 9.836
6341.618 29.341 9.956
6343.077 32.265 9.877
6344.54 30.692 10.316
6345.999 30.567 10.381
6347.459 32.897 10.207
6348.923 31.315 12.35
6350.383 30.325 14.301
6351.848 29.221 13.928
6353.309 29.818 11.8
6354.774 29.647 10.684
6356.236 29.343 13.84
6357.698 27.869 18.902
6359.164 29.098 19.901
6360.627 31.104 15.67
6362.094 29.981 12.874
6363.557 30.919 20.955
6365.025 32.692 37.565
6366.489 31.457 42.812
6367.954 31.949 29.028
6369.422 30.609 12.599
6370.887 32.435 10.156
6372.357 29.47 9.522
6373.823 29.649 10.184
6375.292 30.559 10.13
6376.759 31.362 10.131
6378.226 30.769 10.096
6379.697 32.264 11.211
6381.164 30.713 12.003
6382.636 30.919 11.823
6384.104 32.5 10.742
6385.576 31.312 11.042
6387.045 31.488 13.527
6388.515 32.428 15.644
6389.988 32.007 14.297
6391.458 30.897 11.262
6392.932 32.058 9.509
6394.402 31.271 10.057
6395.877 31.176 9.771
6397.348 27.89 9.764
6398.82 30.459 9.611
6400.296 32.321 9.523
6401.768 31.789 9.185
6403.244 32.487 9.424
6404.717 31.557 9.736
6406.194 31.264 9.69
6407.668 30.998 9.071
6409.142 31.326 8.824
6410.62 32.654 9.195
6412.095 31.656 9.583
6413.573 31.94 9.996
6415.049 31.359 10.656
6416.528 30.986 10.75
6418.004 30.404 10.142
6419.481 31.106 9.651
6420.961 31.709 11.105
6422.438 29.758 12.285
6423.919 30.78 11.354
6425.397 31.685 9.984
6426.878 29.798 9.382
6428.357 30.959 9.34
6429.836 32.542 9.47
6431.319 30.69 9.414
6432.798 29.905 9.373
6434.281 30.698 9.23
6435.762 30.313 9.476
6437.246 30.594 9.514
6438.727 30.84 9.322
6440.211 31.662 9.042
6441.693 32.082 9.242
6443.175 32.338 9.096
6444.661 30.498 9.505
6446.143 31.337 9.398
6447.63 30.15 9.583
6449.113 30.996 9.976
6450.6 29.901 9.84
6452.084 29.868 10.511
6453.568 29.703 11.262
6455.056 29.738 10.957
6456.541 30.365 10.511
6458.03 29.617 10.393
6459.516 29.667 10.74
6461.006 31.221 10.404
6462.492 30.676 10.668
6463.979 30.346 12.159
6465.469 31.312 16.115
6466.957 28.679 20.796
6468.448 28.145 20.853
6469.936 30.408 16.9
6471.428 30.948 17.103
6472.917 29.372 18.524
6474.406 30.68 16.288
6475.899 30.013 11.492
6477.388 30.361 9.927
6478.882 32.311 10.847
6480.372 32.623 11.381
6481.867 31.389 10.986
6483.358 32.175 9.789
6484.849 32.127 9.19
6486.345 30.705 8.675
6487.837 30.617 8.522
6489.333 29.879 9.035
6490.826 31.047 9.094
6492.323 30.422 8.667
6493.816 29.127 8.759
6495.31 29.832 9.143
6496.808 31.496 9.622
6498.303 32.078 13.424
6499.801 30.454 23.986
6501.296 32.528 27.217
6502.796 32.193 20.47
6504.292 31.319 13.79
6505.788 31.502 14.087
6507.288 32.147 15.331
6508.785 31.809 13.535
6510.286 31.26 10.812
6511.784 31.142 9.611
6513.285 31.428 9.584
6514.784 31.359 10.184
6516.282 30.951 10.443
6517.785 31.193 9.649
6519.284 29.797 8.641
6520.788 30.22 8.596
6522.288 31.437 10.075
6523.792 31.448 13.074
6525.293 32.581 13.973
6526.794 31.892 12.179
6528.299 30.521 10.217
6529.801 27.569 9.657
6531.306 28.479 9.343
6532.809 26.563 13.925
6534.315 27.337 21.093
6535.819 28.393 22.784
6537.322 29.352 16.525
6538.83 30.482 10.48
6540.334 30.27 9.376
6541.842 30.364 10.086
6543.347 31.27 10.995
6544.856 31.41 13.393
6546.362 31.334 15.335
6547.867 31.137 14.103
6549.377 32.766 10.93
6550.884 31.095 9.501
6552.395 29.78 10.306
6553.902 28.865 17.594
6555.413 29.723 25.297
6556.921 32.166 23.787
6558.433 30.04 14.011
6559.942 29.686 9.521
6561.451 30.504 9.719
6562.964 29.475 14.816
6564.474 30.118 19.635
6565.988 31.0 18.533
6567.498 30.125 13.247
6569.013 29.409 11.615
6570.524 30.336 14.079
6572.036 31.101 14.075
6573.551 30.96 11.561
6575.063 30.305 9.623
6576.58 29.439 11.731
6578.092 32.091 17.913
6579.609 30.464 23.099
6581.123 31.267 19.209
6582.637 33.21 11.752
6584.155 40.918 10.16
6585.67 47.165 10.339
6587.188 46.322 9.82
6588.704 34.922 9.013
6590.223 30.646 8.843
6591.739 29.193 9.056
6593.255 26.553 9.414
6594.776 28.467 9.424
6596.293 27.985 10.215
6597.814 60.484 12.261
6599.332 141.363 12.974
6600.854 198.406 12.02
6602.372 146.698 10.684
6603.891 53.837 11.873
6605.414 28.627 15.376
6606.933 28.338 16.82
6608.457 30.166 13.434
6609.977 29.343 9.324
6611.502 29.008 9.194
6613.022 28.474 9.055
6614.544 29.945 8.956
6616.069 31.167 9.046
6617.591 32.534 9.369
6619.117 49.3 9.424
6620.64 78.118 9.811
6622.167 85.574 10.122
6623.69 55.659 9.632
6625.214 36.028 9.016
6626.742 32.123 9.464
6628.266 29.808 10.316
6629.794 29.861 10.548
6631.32 29.371 9.972
6632.849 29.316 9.481
6634.375 31.053 10.488
6635.901 31.337 12.224
6637.431 31.871 12.249
6638.958 30.649 10.757
6640.489 30.994 9.47
6642.017 32.14 9.056
6643.548 30.438 9.502
6645.077 30.604 8.991
6646.605 29.825 9.275
6648.138 30.309 9.05
6649.667 31.216 8.988
6651.201 29.882 9.059
6652.731 28.84 9.118
6654.265 31.422 9.533
6655.796 31.098 9.651
6657.327 30.488 9.388
6658.862 28.977 9.49
6660.394 30.052 9.541
6661.93 29.411 9.557
6663.462 28.575 9.874
6664.999 29.72 9.901
6666.532 29.282 9.788
6668.066 29.017 10.323
6669.604 30.771 11.018
6671.138 30.056 10.944
6672.676 29.337 10.161
6674.211 31.028 9.398
6675.75 29.041 9.08
6677.286 29.914 9.449
6678.826 31.01 9.606
6680.362 29.922 9.168
6681.899 29.357 9.774
6683.44 29.233 9.456
6684.977 29.879 9.445
6686.519 28.744 9.64
6688.057 31.33 9.761
6689.599 30.455 9.746
6691.138 29.728 9.522
6692.678 29.356 9.392
6694.221 30.574 9.516
6695.761 30.562 9.224
6697.305 29.745 9.273
6698.846 29.407 9.603
6700.39 30.142 10.273
6701.932 30.266 10.65
6703.474 29.855 10.364
6705.019 29.645 10.319
6706.562 28.517 10.505
6708.108 29.478 10.699
6709.652 30.96 10.35
6711.199 30.708 10.368
6712.743 31.122 10.435
6714.287 30.509 10.29
6715.835 30.571 9.849
6717.38 30.317 10.434
6718.929 29.903 10.088
6720.475 29.345 9.723
6722.025 30.038 10.245
6723.571 31.849 9.558
6725.118 29.172 9.433
6726.669 29.856 9.368
6728.216 30.616 9.397
6729.768 29.628 9.636
6731.316 30.22 9.65
6732.868 29.263 9.69
6734.417 29.208 9.587
6735.966 29.982 9.437
6737.519 30.63 9.35
6739.069 30.876 9.396
6740.623 30.76 10.011
6742.174 29.655 10.14
6743.729 28.108 10.301
6745.28 29.209 10.273
6746.832 29.892 10.392
6748.388 30.642 9.96
6749.94 29.917 9.778
6751.497 30.812 9.351
6753.05 41.81 9.119
6754.607 58.007 9.387
6756.161 59.303 9.424
6757.715 41.491 9.429
6759.274 29.791 9.613
6760.829 27.899 9.302
6762.388 30.822 8.56
6763.943 29.351 9.2
6765.503 29.035 9.1
6767.059 35.126 9.222
6768.616 47.912 9.553
6770.177 52.529 9.625
6771.734 42.474 9.484
6773.296 31.674 9.34
6774.854 30.129 9.342
6776.416 31.707 9.44
6777.975 29.525 9.448
6779.535 28.513 9.418
6781.098 29.629 9.32
6782.658 28.282 9.179
6784.222 28.382 9.39
6785.783 29.155 9.679
6787.348 27.785 10.077
6788.909 29.692 9.778
6790.471 30.214 9.027
6792.037 28.667 9.737
6793.599 29.19 9.364
6795.166 31.268 9.25
6796.729 29.365 8.713
6798.296 29.489 9.214
6799.86 29.701 9.004
6801.428 29.896 9.36
6802.993 29.888 8.844
6804.558 29.224 8.337
6806.127 29.149 8.816
6807.693 29.258 9.199
6809.263 30.345 9.438
6810.829 30.545 9.382
6812.4 30.017 9.362
6813.967 30.379 9.363
6815.534 29.65 9.158
6817.106 29.875 9.177
6818.674 29.565 9.366
6820.247 28.639 9.491
6821.816 28.223 9.494
6823.389 27.963 9.192
6824.958 28.583 8.488
6826.528 29.477 10.102
6828.103 29.621 16.283
6829.673 29.373 28.692
6831.248 28.267 39.619
6832.82 27.474 37.61
6834.396 29.48 30.722
6835.968 28.432 34.861
6837.54 28.597 34.359
6839.117 30.027 19.787
6840.69 29.252 11.104
6842.268 28.325 13.605
6843.842 29.837 16.468
6845.42 29.499 15.434
6846.995 30.042 11.173
6848.57 29.877 8.896
6850.149 29.044 9.462
6851.725 29.892 9.987
6853.305 28.772 10.522
6854.882 28.161 9.908
6856.462 29.182 9.143
6858.04 28.494 9.109
6859.617 29.716 9.224
6861.199 29.681 9.557
6862.778 29.196 14.496
6864.36 29.067 34.276
6865.939 28.485 52.739
6867.523 30.792 46.574
6869.102 31.427 23.759
6870.683 29.568 12.06
6872.267 28.52 13.899
6873.848 27.981 14.266
6875.433 29.239 10.908
6877.015 29.67 7.532
6878.601 29.331 7.261
6880.183 27.695 8.515
6881.766 28.102 11.763
6883.353 28.689 14.547
6884.936 28.927 13.539
6886.524 29.664 10.353
6888.108 29.735 9.12
6889.697 29.218 13.415
6891.281 27.956 19.03
6892.867 28.603 18.692
6894.456 29.051 11.142
6896.042 29.492 9.318
6897.633 29.321 9.329
6899.219 30.362 8.465
6900.81 29.021 11.562
6902.398 30.709 18.01
6903.986 28.681 18.746
6905.578 30.758 12.677
6907.166 30.404 8.76
6908.759 29.942 8.496
6910.349 29.68 8.391
6911.942 30.214 11.509
6913.532 30.556 19.413
6915.123 29.037 24.119
6916.717 30.244 18.974
6918.308 30.025 11.266
6919.904 30.044 8.754
6921.496 30.043 9.168
6923.092 29.316 17.498
6924.684 27.19 31.757
6926.281 28.071 34.974
6927.875 31.218 22.506
6929.468 29.391 11.249
6931.066 29.013 9.39
6932.661 29.262 9.26
6934.259 29.326 8.555
6935.855 29.327 8.468
6937.454 30.154 8.829
6939.05 28.59 11.808
6940.646 28.607 20.552
6942.247 29.773 23.453
6943.844 27.322 17.744
6945.445 28.611 10.181
6947.043 29.392 9.426
6948.645 29.684 13.883
6950.243 30.306 32.788
6951.842 29.671 41.505
6953.445 30.613 26.663
6955.045 29.105 11.499
6956.649 29.635 9.608
6958.249 30.05 9.817
6959.854 30.011 9.921
6961.455 28.422 9.515
6963.056 29.225 9.428
6964.662 28.392 9.684
6966.264 28.772 10.05
6967.871 29.255 10.106
6969.473 29.207 12.373
6971.081 28.119 17.298
6972.684 28.75 19.192
6974.288 29.377 15.084
6975.897 29.468 10.989
6977.501 28.951 12.36
6979.11 27.865 21.712
6980.716 29.239 29.076
6982.326 30.053 24.406
6983.932 29.027 14.436
6985.539 29.595 10.43
6987.149 29.463 10.258
6988.757 28.754 10.045
6990.368 28.971 9.831
6991.977 28.951 8.994
6993.589 28.998 8.734
6995.198 28.25 9.127
6996.807 28.953 9.564
6998.42 29.947 9.656
7000.03 30.373 9.692
7001.645 31.346 9.457
7003.255 29.678 10.796
7004.87 29.009 13.562
7006.482 29.454 14.134
7008.094 30.32 12.008
7009.71 30.514 9.716
7011.322 30.234 11.887
7012.939 28.829 18.079
7014.552 30.013 18.457
7016.17 29.429 12.523
7017.784 28.837 8.736
7019.398 26.774 8.395
7021.017 28.358 8.278
7022.632 29.125 9.063
7024.252 28.661 8.584
7025.867 30.34 8.49
7027.488 30.235 8.575
7029.104 30.514 8.699
7030.721 28.552 8.607
7032.343 28.706 8.68
7033.96 29.369 9.042
7035.582 29.804 9.085
7037.201 29.839 9.176
7038.824 28.619 9.008
7040.443 28.399 8.878
7042.066 28.797 10.686
7043.686 28.19 11.977
7045.307 27.609 11.562
7046.931 30.078 11.342
7048.553 29.611 14.647
7050.178 28.886 17.456
7051.8 28.973 17.256
7053.426 29.094 13.946
7055.049 28.991 11.539
7056.672 27.845 10.629
7058.299 29.873 9.818
7059.923 30.388 9.424
7061.551 30.03 9.42
7063.175 30.975 10.178
7064.804 30.294 10.864
7066.429 29.471 11.231
7068.055 28.955 11.339
7069.685 28.601 11.166
7071.311 29.655 10.867
7072.942 29.962 10.125
7074.569 29.844 9.842
7076.2 30.222 10.321
7077.828 28.84 10.644
7079.456 28.89 10.369
7081.089 29.264 10.482
7082.718 28.381 11.063
7084.351 28.273 11.901
7085.981 30.327 11.572
7087.615 29.718 10.917
7089.245 30.55 11.428
7090.876 30.013 13.074
7092.511 30.1 12.696
7094.143 28.17 10.637
7095.779 27.833 9.54
7097.411 27.7 9.472
7099.048 27.072 9.257
7100.681 27.172 9.167
7102.314 29.122 8.54
7103.952 29.076 8.873
7105.587 29.313 9.163
7107.225 28.585 8.677
7108.86 28.471 8.757
7110.499 28.491 9.015
7112.135 29.282 9.127
7113.771 29.459 9.099
7115.412 28.385 9.0
7117.049 28.238 9.134
7118.69 30.197 8.876
7120.327 27.671 8.806
7121.969 28.796 8.689
7123.608 26.864 8.794
7125.246 27.557 8.809
7126.89 27.113 9.393
7128.529 26.72 10.286
7130.173 27.687 10.828
7131.813 26.958 9.721
7133.458 27.001 9.982
7135.099 26.678 10.776
7136.74 27.369 10.525
7138.386 26.747 9.481
7140.028 28.212 8.72
7141.675 28.879 9.405
7143.318 26.298 10.751
7144.965 28.51 12.205
7146.608 28.156 12.948
7148.253 27.661 12.734
7149.901 27.343 11.541
7151.546 27.071 10.542
7153.195 28.191 10.095
7154.84 29.124 9.584
7156.49 27.208 9.015
7158.137 27.859 9.06
7159.783 27.914 9.385
7161.434 28.263 10.362
7163.082 27.451 10.867
7164.734 27.935 10.661
7166.382 27.459 10.299
7168.034 26.485 10.159
7169.683 27.76 10.208
7171.337 27.578 10.102
7172.987 26.858 10.193
7174.637 28.868 9.892
7176.291 29.28 10.051
7177.942 29.073 10.521
7179.597 28.482 10.543
7181.249 26.552 10.377
7182.905 27.319 10.453
7184.557 28.395 10.379
7186.21 28.488 9.731
7187.867 27.555 8.595
7189.521 26.693 7.92
7191.179 26.148 7.835
7192.833 26.724 7.996
7194.492 28.208 7.759
7196.147 27.082 7.685
7197.802 27.673 8.008
7199.462 27.878 8.23
7201.118 27.112 8.611
7202.779 27.755 8.711
7204.436 27.106 8.533
7206.097 26.927 8.292
7207.755 26.896 8.237
7209.413 27.097 8.162
7211.075 27.355 8.527
7212.734 28.143 8.443
7214.398 29.107 7.776
7216.057 28.238 7.994
7217.721 27.372 8.558
7219.382 28.46 8.223
7221.043 28.095 8.422
7222.708 27.987 9.565
7224.369 27.142 10.288
7226.035 28.371 10.986
7227.697 27.296 10.768
7229.364 26.688 9.504
7231.027 27.385 10.032
7232.691 28.467 10.855
7234.359 27.973 10.708
7236.023 27.168 10.662
7237.691 27.487 12.553
7239.357 27.582 26.856
7241.026 25.982 61.284
7242.692 27.57 85.902
7244.358 29.386 77.005
7246.028 28.206 72.174
7247.695 29.909 78.565
7249.367 26.485 59.008
7251.034 26.038 22.856
7252.706 27.678 13.973
7254.375 28.155 19.995
7256.044 26.367 25.001
7257.717 28.698 22.293
7259.387 28.541 14.579
7261.061 27.203 10.849
7262.731 27.087 9.161
7264.406 25.797 9.521
7266.077 26.226 9.616
7267.748 27.925 10.424
7269.424 28.27 12.214
7271.097 28.088 13.569
7272.773 28.941 12.68
7274.447 30.004 14.013
7276.124 28.935 37.857
7277.798 26.978 97.001
7279.472 26.595 109.084
7281.151 30.216 56.873
7282.826 26.695 15.637
7284.505 28.173 23.427
7286.181 27.377 45.136
7287.861 28.386 45.64
7289.538 28.882 24.873
7291.215 26.237 11.488
7292.896 28.026 10.684
7294.574 26.568 10.762
7296.256 26.873 14.494
7297.934 28.145 21.203
7299.617 30.263 18.832
7301.296 26.546 11.654
7302.98 28.578 10.932
7304.66 26.506 23.588
7306.341 27.636 32.715
7308.025 30.007 26.473
7309.707 26.432 12.944
7311.392 28.416 11.294
7313.074 27.745 11.926
7314.761 27.713 14.571
7316.443 28.191 34.708
7318.126 27.02 78.405
7319.814 28.181 80.697
7321.498 28.707 35.051
7323.186 26.334 11.688
7324.871 26.249 9.899
7326.56 26.71 8.938
7328.245 28.469 11.562
7329.931 28.187 28.293
7331.622 25.124 46.113
7333.308 30.012 36.574
7334.999 27.135 15.78
7336.687 26.917 9.847
7338.379 28.655 9.271
7340.067 28.139 19.441
7341.755 25.145 66.857
7343.448 25.164 103.96
7345.138 30.152 72.889
7346.831 28.007 21.573
7348.522 28.424 12.209
7350.216 27.138 10.941
7351.907 26.512 10.892
7353.598 28.515 11.959
7355.294 29.031 11.85
7356.986 28.901 12.035
7358.683 28.712 19.42
7360.375 29.993 38.237
7362.073 28.909 40.052
7363.766 28.918 21.92
7365.46 28.521 10.317
7367.159 27.723 10.769
7368.854 28.435 21.975
7370.553 25.832 58.588
7372.248 29.107 80.457
7373.948 32.572 51.169
7375.645 28.615 16.125
7377.342 30.502 11.243
7379.043 29.095 10.338
7380.74 29.311 9.41
7382.442 29.492 9.383
7384.141 26.969 9.919
7385.843 29.014 9.438
7387.543 28.502 9.526
7389.242 27.88 9.286
7390.946 28.875 11.571
7392.646 29.701 20.3
7394.351 27.786 31.598
7396.052 28.581 29.26
7397.758 28.304 15.474
7399.459 26.494 9.958
7401.162 28.273 16.564
7402.868 28.084 39.629
7404.571 27.98 56.451
7406.279 29.705 40.516
7407.983 28.334 14.779
7409.691 27.971 9.311
7411.395 28.217 9.25
7413.1 29.227 9.676
7414.81 29.09 10.329
7416.516 28.112 10.483
7418.226 28.37 10.076
7419.932 28.82 9.719
7421.643 27.535 9.349
7423.351 27.313 8.801
7425.059 28.565 9.09
7426.771 27.769 9.068
7428.479 26.972 9.467
7430.192 27.566 14.84
7431.902 28.036 21.461
7433.615 29.069 19.54
7435.325 27.985 12.405
7437.04 27.875 9.866
7438.751 28.674 20.064
7440.462 28.98 33.164
7442.178 28.82 31.308
7443.89 28.087 16.987
7445.607 28.02 9.683
7447.319 28.969 8.933
7449.037 28.851 8.641
7450.75 28.224 8.727
7452.464 26.816 9.064
7454.183 26.551 8.782
7455.898 27.354 8.415
7457.617 27.105 8.665
7459.333 28.999 9.201
7461.053 28.367 9.897
7462.769 30.182 11.242
7464.486 27.101 13.548
7466.207 27.459 15.182
7467.925 26.188 17.241
7469.647 28.313 17.698
7471.365 29.741 16.45
7473.088 27.495 20.928
7474.807 28.789 28.236
7476.527 28.785 25.563
7478.251 29.552 16.899
7479.971 27.985 17.616
7481.696 28.13 27.544
7483.417 27.336 30.096
7485.143 26.856 28.415
7486.865 29.152 26.126
7488.587 27.901 15.732
7490.314 29.213 10.479
7492.037 27.898 9.441
7493.765 28.236 10.389
7495.489 29.02 14.433
7497.217 28.525 14.062
7498.942 27.823 9.825
7500.667 28.741 8.514
7502.397 28.471 9.417
7504.123 28.329 9.004
7505.853 26.709 9.154
7507.58 28.244 9.016
7509.311 27.967 9.101
7511.039 29.552 8.41
7512.767 29.767 8.147
7514.499 27.756 8.435
7516.228 27.567 8.879
7517.961 28.86 10.79
7519.69 28.112 13.909
7521.424 29.284 13.83
7523.155 29.638 17.518
7524.885 26.757 40.677
7526.621 27.165 60.007
7528.352 29.924 44.486
7530.088 28.456 18.91
7531.82 27.909 19.284
7533.557 27.801 22.828
7535.29 27.516 17.212
7537.024 26.24 10.629
7538.762 26.57 9.715
7540.496 26.804 10.684
7542.235 28.142 12.57
7543.97 29.259 12.634
7545.71 28.38 10.509
7547.446 28.637 9.024
7549.182 28.909 8.831
7550.923 27.482 8.645
7552.66 27.551 8.829
7554.401 28.552 9.574
7556.139 28.171 10.423
7557.882 27.443 13.691
7559.62 27.659 18.842
7561.359 30.017 18.025
7563.103 29.563 12.091
7564.843 28.243 9.364
7566.587 28.77 8.763
7568.328 27.953 11.117
7570.073 28.971 13.159
7571.815 28.148 21.764
7573.561 28.337 39.882
7575.303 27.083 43.206
7577.046 28.003 23.23
7578.793 28.867 11.797
7580.537 30.124 8.911
7582.285 27.519 8.736
7584.029 25.991 8.723
7585.778 29.492 11.018
7587.523 28.249 19.006
7589.268 27.512 23.14
7591.018 28.218 14.97
7592.765 27.579 8.772
7594.516 29.051 8.455
7596.263 29.44 8.172
7598.014 28.542 11.65
7599.762 27.62 33.212
7601.511 27.125 46.856
7603.264 33.801 32.983
7605.013 30.603 13.863
7606.766 33.049 11.9
7608.516 32.226 13.552
7610.271 30.556 13.08
7612.021 29.589 12.911
7613.773 25.672 12.299
7615.528 28.709 10.099
7617.28 28.442 10.531
7619.037 27.535 16.16
7620.79 29.079 20.286
7622.547 30.928 17.636
7624.3 30.876 14.357
7626.054 30.035 13.582
7627.813 27.487 14.736
7629.568 28.046 27.853
7631.327 27.319 37.904
7633.083 28.044 27.452
7634.843 28.096 12.892
7636.599 30.634 8.53
7638.356 28.641 8.169
7640.117 27.557 8.096
7641.875 29.173 8.945
7643.637 26.13 9.156
7645.396 27.077 9.116
7647.159 25.877 9.132
7648.918 26.109 8.707
7650.677 27.539 8.349
7652.442 26.815 8.944
7654.202 28.02 12.74
7655.967 27.435 16.446
7657.728 27.672 13.262
7659.494 26.13 8.088
7661.256 27.42 7.804
7663.019 25.368 15.645
7664.786 25.978 23.724
7666.549 29.127 19.866
7668.317 28.038 9.816
7670.081 28.635 7.812
7671.85 27.65 7.939
7673.615 28.434 7.7
7675.38 27.525 7.991
7677.15 28.228 7.914
7678.916 28.268 7.603
7680.687 27.085 7.95
7682.454 27.34 9.528
7684.225 27.962 10.803
7685.993 27.252 10.777
7687.761 26.769 11.202
7689.534 27.157 11.659
7691.303 27.871 11.817
7693.077 26.967 12.739
7694.846 26.37 13.193
7696.621 27.534 11.573
7698.391 27.512 10.771
7700.162 26.472 14.052
7701.938 27.11 17.253
7703.71 27.007 15.353
7705.486 25.927 10.403
7707.259 25.639 8.795
7709.036 24.758 8.628
7710.81 25.795 10.049
7712.588 25.062 33.386
7714.362 23.308 87.818
7716.137 30.954 108.156
7717.916 24.779 106.611
7719.691 25.988 116.957
7721.472 26.728 73.929
7723.248 25.055 23.612
7725.029 26.756 20.518
7726.806 26.379 31.261
7728.584 27.701 35.129
7730.366 26.991 24.564
7732.144 25.141 12.788
7733.927 25.969 10.543
7735.706 24.92 12.652
7737.49 25.419 15.552
7739.27 28.224 14.561
7741.051 26.681 11.341
7742.836 25.943 10.873
7744.617 26.372 10.922
7746.403 25.865 10.559
7748.185 26.353 11.902
7749.972 27.023 30.118
7751.754 20.616 101.064
7753.538 27.268 135.959
7755.326 25.606 76.419
7757.11 24.576 19.948
7758.899 27.212 14.151
7760.683 26.604 35.067
7762.473 25.471 54.062
7764.259 28.374 43.449
7766.045 25.939 13.23
7767.836 26.243 8.871
7769.623 25.697 9.366
7771.414 25.311 10.434
7773.202 24.893 15.079
7774.995 26.858 25.883
7776.783 26.7 28.078
7778.572 27.321 18.383
7780.366 27.525 17.329
7782.156 25.881 33.638
7783.951 27.363 34.893
7785.741 27.55 20.299
7787.537 26.319 11.528
7789.328 26.048 11.91
7791.12 24.947 13.662
7792.917 25.422 20.923
7794.709 22.998 60.128
7796.507 25.925 97.772
7798.3 28.659 75.838
7800.099 29.033 24.224
7801.893 27.473 9.971
7803.688 27.045 9.1
7805.487 27.362 9.369
7807.283 26.371 11.135
7809.083 25.933 30.229
7810.88 22.355 53.046
7812.681 28.621 43.323
7814.478 24.575 15.377
7816.276 27.292 12.98
7818.078 26.574 13.321
7819.877 27.61 16.027
7821.68 25.392 47.847
7823.48 19.686 118.134
7825.284 27.471 111.107
7827.084 25.906 43.057
7828.884 25.287 11.089
7830.69 25.334 11.293
7832.491 27.477 10.688
7834.297 26.003 9.802
7836.1 26.837 10.092
7837.907 26.363 10.331
7839.71 26.842 9.659
7841.513 27.468 23.282
7843.321 25.608 46.321
7845.126 26.569 42.941
7846.935 25.688 16.782
7848.74 27.391 10.005
7850.55 25.601 18.783
7852.356 25.421 32.438
7854.167 25.08 91.026
7855.974 23.11 144.941
7857.781 27.787 105.966
7859.593 25.704 32.483
7861.401 26.337 44.214
7863.214 26.829 59.015
7865.023 28.588 41.409
7866.836 26.684 16.534
7868.646 27.532 20.776
7870.456 27.269 40.218
7872.271 25.775 61.461
7874.082 28.195 59.717
7875.898 27.656 30.082
7877.71 26.545 12.646
7879.526 24.347 26.387
7881.339 26.921 44.754
7883.152 26.659 49.528
7884.97 26.641 37.276
7886.784 25.518 21.862
7888.603 26.32 15.777
7890.417 27.558 41.436
7892.237 21.468 78.914
7894.052 30.235 64.418
7895.868 24.146 21.091
7897.689 26.563 13.215
7899.506 24.582 12.312
7901.328 26.749 10.925
7903.145 25.293 9.992
7904.968 25.802 10.165
7906.786 27.759 10.8
7908.605 26.563 11.125
7910.429 27.024 11.681
7912.249 27.538 20.088
7914.073 23.412 76.683
7915.894 22.695 141.739
7917.719 28.019 119.034
7919.541 27.03 42.686
7921.363 26.789 42.067
7923.189 25.764 75.522
7925.012 28.888 67.626
7926.84 24.734 22.927
7928.663 25.824 11.72
7930.491 26.566 15.145
7932.316 26.179 41.75
7934.141 24.907 61.68
7935.97 30.2 41.897
7937.796 26.356 14.124
7939.626 26.38 9.35
7941.453 26.345 10.039
7943.284 26.892 10.463
7945.111 25.757 11.03
7946.939 25.469 13.035
7948.772 26.494 19.27
7950.6 26.783 34.384
7952.434 28.049 40.427
7954.263 25.999 23.078
7956.097 24.423 10.777
7957.928 26.71 8.508
7959.758 25.097 7.757
7961.594 25.659 7.81
7963.425 27.179 10.104
7965.262 27.861 52.069
7967.094 19.593 112.944
7968.931 30.828 89.243
7970.765 22.615 30.075
7972.598 25.269 17.074
7974.437 24.588 11.147
7976.271 25.624 11.474
7978.111 25.447 19.778
7979.946 27.145 40.35
7981.786 24.029 57.213
7983.622 25.673 47.19
7985.459 25.521 19.64
7987.3 23.768 9.482
7989.138 25.514 10.125
7990.98 25.345 11.754
7992.818 25.979 22.033
7994.662 19.792 98.725
7996.501 24.797 130.453
7998.345 27.422 66.589
8000.185 25.01 13.29
8002.025 24.362 12.339
8003.87 27.722 11.436
8005.712 27.366 11.104
8007.558 25.987 9.991
8009.4 24.742 9.197
8011.247 26.121 9.079
8013.09 27.651 12.315
8014.933 26.178 29.48
8016.781 25.047 43.82
8018.626 26.576 31.277
8020.475 26.869 15.441
8022.32 26.474 15.715
8024.17 25.26 16.662
8026.016 25.277 35.347
8027.862 20.085 92.613
8029.713 29.586 92.845
8031.561 24.28 35.75
8033.413 26.789 16.984
8035.261 26.39 11.846
8037.114 25.802 10.153
8038.963 26.931 9.243
8040.812 26.451 8.671
8042.666 25.73 9.222
8044.516 25.281 9.188
8046.371 25.766 8.203
8048.222 26.345 7.923
8050.078 26.319 9.22
8051.93 27.166 15.657
8053.783 26.105 30.985
8055.64 26.969 31.858
8057.493 26.388 15.484
8059.351 27.093 8.898
8061.205 26.315 11.104
8063.064 26.507 34.407
8064.919 28.922 57.824
8066.774 28.613 41.132
8068.634 27.054 14.13
8070.49 27.876 9.306
8072.352 24.705 8.792
8074.209 23.911 8.632
8076.07 26.05 8.877
8077.928 27.447 10.057
8079.787 26.946 10.861
8081.65 25.3 10.088
8083.509 26.441 8.991
8085.373 27.123 10.003
8087.233 27.138 12.188
8089.098 26.822 11.615
8090.959 25.54 8.921
8092.82 25.543 8.702
8094.686 24.009 14.207
8096.549 25.354 18.586
8098.416 27.136 14.586
8100.279 26.744 9.017
8102.147 26.969 12.555
8104.01 27.15 25.575
8105.875 27.542 30.234
8107.744 25.709 18.465
8109.609 26.163 10.006
8111.479 27.052 8.77
8113.345 26.903 9.03
8115.216 26.102 8.289
8117.083 25.902 8.107
8118.95 25.383 7.704
8120.823 25.576 7.69
8122.691 26.708 7.659
8124.564 26.64 7.853
8126.433 26.167 7.846
8128.307 26.438 7.978
8130.177 25.876 8.746
8132.051 24.527 8.829
8133.922 27.1 8.908
8135.793 27.143 9.101
8137.67 26.12 8.75
8139.542 25.133 11.671
8141.419 25.38 15.485
8143.291 25.104 14.047
8145.169 25.924 8.813
8147.043 26.73 10.36
8148.917 26.427 16.393
8150.796 26.225 15.73
8152.672 25.996 10.142
8154.551 26.58 7.681
8156.427 25.049 7.341
8158.308 26.992 6.911
8160.185 26.144 7.108
8162.062 25.84 7.69
8163.944 26.464 7.814
8165.823 26.262 7.561
8167.706 26.355 7.47
8169.585 25.277 7.624
8171.468 26.55 7.474
8173.348 27.141 7.776
8175.229 26.791 8.346
8177.114 25.314 8.784
8178.995 25.896 8.628
8180.881 25.032 8.465
8182.763 26.138 9.301
8184.65 25.286 10.7
8186.533 25.155 11.995
8188.416 26.161 12.648
8190.304 24.441 13.844
8192.188 26.957 13.727
8194.078 26.897 11.674
8195.963 25.544 13.721
8197.853 25.868 16.683
8199.738 27.649 14.601
8201.625 26.362 10.633
8203.516 25.898 9.951
8205.403 26.572 10.473
8207.295 27.456 10.761
8209.184 27.156 11.011
8211.077 25.125 10.637
8212.965 25.921 9.155
8214.855 27.351 8.243
8216.749 26.876 8.982
8218.639 27.001 9.769
8220.535 26.994 8.094
8222.426 26.895 7.55
8224.322 26.129 7.558
8226.214 26.207 7.957
8228.106 26.062 7.377
8230.004 24.559 6.571
8231.897 24.835 6.285
8233.795 24.957 6.347
8235.689 26.268 6.61
8237.589 25.703 7.084
8239.484 26.525 6.874
8241.379 24.782 6.871
8243.279 25.081 8.097
8245.176 24.571 9.239
8247.077 25.623 8.621
8248.974 26.532 9.732
8250.877 25.961 10.211
8252.775 26.731 8.456
8254.673 24.398 7.225
8256.577 24.255 7.598
8258.476 25.28 7.855
8260.381 27.591 7.139
8262.281 25.376 6.908
8264.186 26.396 7.048
8266.087 26.228 6.83
8267.989 24.678 7.04
8269.895 26.363 7.287
8271.798 27.12 7.602
8273.705 28.173 7.268
8275.609 25.214 7.411
8277.517 24.941 10.385
8279.421 23.787 30.071
8281.331 29.386 57.9
8283.236 26.613 89.512
8285.141 24.268 84.204
8287.052 27.006 47.044
8288.958 30.338 63.103
8290.87 25.1 121.58
8292.777 29.932 88.539
8294.689 24.748 28.876
8296.597 25.69 23.439
8298.506 24.61 61.338
8300.42 23.982 109.589
8302.329 27.668 113.695
8304.244 26.087 50.638
8306.154 25.054 15.779
8308.069 25.377 10.298
8309.981 26.523 11.198
8311.892 25.682 29.886
8313.809 22.812 46.308
8315.722 26.583 28.413
8317.639 24.297 9.562
8319.553 26.744 9.494
8321.471 25.557 10.987
8323.385 25.206 9.0
8325.3 24.773 7.286
8327.22 24.222 6.884
8329.136 24.491 6.525
8331.056 26.43 6.191
8332.973 24.729 6.42
8334.894 27.034 6.774
8336.812 24.351 6.739
8338.73 26.751 8.43
8340.653 26.514 11.057
8342.571 25.616 17.348
8344.495 29.683 81.148
8346.415 12.289 229.093
8348.34 30.694 237.536
8350.26 27.348 71.26
8352.181 26.099 23.44
8354.107 27.112 70.234
8356.029 24.501 97.162
8357.956 27.135 53.201
8359.878 24.7 11.099
8361.806 24.889 10.573
8363.73 24.401 16.339
8365.654 26.412 30.616
8367.583 24.225 41.763
8369.508 25.621 28.19
8371.438 26.293 9.834
8373.364 24.645 7.52
8375.295 24.798 7.112
8377.221 25.214 7.484
8379.149 23.7 8.355
8381.081 25.127 13.659
8383.009 24.886 40.6
8384.942 26.847 69.113
8386.871 26.361 49.262
8388.805 25.667 14.349
8390.735 25.034 8.308
8392.665 26.518 9.862
8394.6 24.978 9.833
8396.532 25.211 9.312
8398.468 28.522 25.444
8400.4 22.961 121.83
8402.337 16.586 195.184
8404.27 32.085 101.466
8406.203 22.392 17.831
8408.142 24.672 7.138
8410.076 23.978 6.998
8412.015 23.746 7.654
8413.95 23.827 9.159
8415.891 25.271 39.999
8417.827 19.325 88.92
8419.763 28.24 63.605
8421.705 25.491 16.663
8423.642 25.339 8.66
8425.585 25.745 10.401
8427.523 25.699 13.205
8429.466 29.485 30.36
8431.406 27.356 159.313
8433.35 19.932 237.701
8435.29 27.635 114.697
8437.23 24.203 14.755
8439.176 25.004 9.63
8441.118 23.483 6.683
8443.064 25.615 6.769
8445.006 23.685 7.001
8446.954 25.547 8.783
8448.897 24.186 11.424
8450.841 25.963 10.751
8452.789 27.494 33.506
8454.734 20.325 82.261
8456.684 28.648 61.803
8458.629 23.258 16.419
8460.58 24.511 8.041
8462.526 23.521 9.028
8464.473 26.933 22.969
8466.425 22.437 105.581
8468.372 20.732 175.251
8470.325 24.037 94.985
8472.274 24.945 11.491
8474.227 23.64 8.351
8476.177 24.254 10.181
8478.127 25.59 10.931
8480.082 26.372 8.384
8482.033 23.599 6.904
8483.989 24.786 6.649
8485.94 21.948 6.734
8487.897 25.897 7.088
8489.85 25.498 7.327
8491.803 26.62 6.676
8493.761 22.341 21.573
8495.715 25.552 51.85
8497.674 27.558 46.811
8499.629 24.33 18.652
8501.589 25.357 9.584
8503.545 23.426 14.163
8505.501 28.367 52.872
8507.462 18.024 106.632
8509.419 25.445 73.8
8511.382 20.819 13.877
8513.34 25.996 6.493
8515.303 22.257 6.823
8517.262 22.336 6.491
8519.221 23.585 6.562
8521.186 24.17 7.414
8523.146 24.834 8.446
8525.111 25.455 7.999
8527.073 22.397 6.865
8529.039 24.902 6.591
8531.001 24.184 6.428
8532.964 24.238 6.251
8534.931 24.184 6.751
8536.895 23.891 7.051
8538.863 25.586 13.527
8540.828 23.511 27.956
8542.797 25.068 25.266
8544.762 21.154 10.352
8546.728 18.649 7.047
8548.699 19.986 16.909
8550.666 23.9 46.445
8552.637 24.398 48.855
8554.605 26.369 21.076
8556.578 24.535 8.35
8558.546 25.416 7.202
8560.515 25.289 6.669
8562.489 23.184 6.43
8564.459 23.056 6.459
8566.434 26.258 6.762
8568.404 25.037 6.398
8570.38 23.737 6.57
8572.352 25.565 6.757
8574.324 24.809 7.618
8576.301 24.788 9.16
8578.274 22.954 9.637
8580.252 25.306 9.108
8582.226 23.212 7.558
8584.205 22.816 6.536
8586.18 22.137 6.552
8588.16 19.666 9.582
8590.136 15.249 17.076
8592.112 15.19 18.563
8594.093 20.297 10.611
8596.07 21.503 8.499
8598.052 24.005 16.78
8600.03 24.261 26.406
8602.013 24.15 17.738
8603.992 24.222 8.145
8605.972 25.142 7.458
8607.956 26.069 7.829
8609.936 24.478 9.054
8611.922 23.08 11.287
8613.903 25.254 14.993
8615.889 22.068 21.765
8617.871 22.571 28.107
8619.854 25.206 36.874
8621.842 23.441 46.771
8623.825 23.179 56.552
8625.814 23.592 66.265
8627.798 25.461 74.898
8629.788 23.604 80.313
8631.773 23.665 82.734
8633.759 25.448 82.134
8635.75 25.324 74.683
8637.736 25.256 67.907
8639.728 24.117 56.035
8641.716 25.545 43.198
8643.708 23.779 34.695
8645.697 25.649 22.051
8647.686 25.161 17.791
8649.68 25.815 29.618
8651.67 23.268 51.129
8653.665 25.883 68.433
8655.656 29.035 68.822
8657.652 22.56 77.547
8659.643 26.159 74.864
8661.635 21.11 80.84
8663.633 27.194 78.089
8665.626 23.753 63.618
8667.624 25.76 75.193
8669.618 26.403 64.86
8671.617 23.621 58.078
8673.612 23.812 60.415
8675.607 26.588 44.437
8677.608 24.811 46.041
8679.604 24.63 42.306
8681.606 23.614 28.095
8683.603 24.371 34.888
8685.605 26.079 27.821
8687.604 24.155 19.858
8689.602 24.274 22.046
8691.606 24.476 16.577
8693.605 24.607 13.839
8695.61 25.544 16.852
8697.611 24.821 12.616
8699.616 23.398 10.576
8701.618 22.053 14.602
8703.619 22.933 14.655
8705.626 23.951 11.053
8707.629 22.999 11.573
8709.637 18.133 13.991
8711.641 18.128 12.043
8713.65 18.741 8.32
8715.654 21.886 7.22
8717.659 22.088 6.439
8719.669 23.8 6.358
8721.675 22.409 6.474
8723.687 20.329 6.481
8725.693 22.949 6.627
8727.706 24.465 7.284
8729.713 22.956 8.286
8731.722 25.447 7.246
8733.735 24.648 6.214
8735.744 25.446 5.889
8737.759 23.502 5.852
8739.769 21.739 6.923
8741.784 25.905 7.983
8743.795 27.019 8.012
8745.812 25.655 7.643
8747.824 25.014 6.729
8749.836 25.143 6.659
8751.854 26.256 7.71
8753.867 23.816 7.65
8755.886 23.772 6.74
8757.9 26.699 9.043
8759.919 21.643 36.476
8761.935 26.449 108.206
8763.95 20.678 171.738
8765.971 32.712 123.855
8767.988 23.334 111.385
8770.01 20.141 193.292
8772.027 22.099 161.345
8774.05 24.274 38.609
8776.069 26.273 21.576
8778.088 21.934 94.155
8780.112 19.445 197.262
8782.132 28.292 172.992
8784.157 28.853 56.064
8786.177 24.187 9.046
8788.204 25.398 6.259
8790.225 25.849 10.653
8792.247 24.358 45.927
8794.275 21.0 78.282
8796.298 27.975 43.603
8798.326 22.543 10.268
8800.35 24.892 6.384
8802.38 24.037 6.024
8804.405 25.411 6.626
8806.43 23.41 6.357
8808.461 26.13 5.439
8810.487 22.984 8.28
8812.519 24.461 12.774
8814.546 22.749 11.427
8816.579 21.97 6.941
8818.607 26.116 5.335
8820.636 24.002 5.006
8822.67 25.165 5.926
8824.7 25.959 14.523
8826.735 31.622 93.816
8828.765 15.515 322.949
8830.801 28.475 380.678
8832.833 17.56 126.369
8834.865 23.966 37.364
8836.902 21.853 77.657
8838.935 20.976 156.147
8840.973 25.825 116.787
8843.007 24.964 28.54
8845.046 23.683 7.146
8847.081 26.158 10.412
8849.116 25.144 15.086
8851.157 26.655 39.214
8853.193 24.365 55.589
8855.234 26.594 28.756
8857.272 21.075 8.542
8859.314 22.551 6.935
8861.352 25.227 6.969
8863.391 24.089 11.163
8865.434 26.792 16.84
8867.474 29.739 32.838
8869.519 24.189 94.62
8871.559 28.199 101.591
8873.605 25.961 33.2
8875.646 26.589 6.263
8877.688 23.267 6.384
8879.735 28.147 5.07
8881.778 25.459 5.788
8883.826 24.877 10.227
8885.87 36.745 74.844
8887.919 12.563 251.223
8889.964 34.244 268.408
8892.009 23.292 54.451
8894.059 26.002 9.144
8896.105 23.968 7.551
8898.157 25.344 9.474
8900.204 23.687 11.083
8902.256 25.051 15.122
8904.304 30.499 82.966
8906.357 18.434 150.206
8908.406 26.786 75.059
8910.456 22.217 15.089
8912.51 23.48 11.915
8914.561 25.334 8.727
8916.616 21.548 8.536
8918.668 26.679 21.609
8920.724 29.279 181.531
8922.776 10.982 342.696
8924.829 32.02 194.993
8926.887 18.042 27.332
8928.941 25.3 11.862
8931.0 24.387 13.67
8933.054 27.832 10.771
8935.114 23.791 8.12
8937.17 25.804 9.348
8939.226 24.59 9.571
8941.287 26.786 9.9
8943.344 26.786 30.978
8945.406 20.742 108.999
8947.464 30.248 117.432
8949.528 22.662 31.111
8951.586 25.76 5.848
8953.646 24.383 5.936
8955.71 26.309 8.777
8957.771 27.409 43.581
8959.836 23.754 223.815
8961.897 19.153 275.623
8963.964 26.613 86.718
8966.026 20.041 10.069
8968.089 23.817 6.425
8970.157 25.962 6.171
8972.22 24.532 9.039
8974.289 24.077 10.4
8976.354 23.888 8.414
8978.424 23.519 6.681
8980.489 24.437 8.122
8982.555 24.532 10.854
8984.627 24.786 12.708
8986.693 26.502 11.802
8988.766 23.009 35.94
8990.834 23.661 97.554
8992.907 27.249 80.73
8994.976 26.42 26.097
8997.045 24.983 9.027
8999.12 23.355 7.103
9001.19 26.175 28.448
9003.266 26.983 147.018
9005.337 24.846 164.686
9007.413 27.915 53.164
9009.486 24.201 5.69
9011.558 20.444 6.096
9013.636 25.5 4.005
9015.71 24.326 3.471
9017.789 24.593 4.005
9019.863 23.783 3.703
9021.943 25.256 5.692
9024.019 23.964 8.171
9026.095 27.036 6.34
9028.176 23.609 5.062
9030.253 25.545 7.658
9032.335 24.57 9.149
9034.413 24.165 6.843
9036.497 28.624 5.412
9038.575 23.065 20.111
9040.655 25.681 48.371
9042.74 31.412 39.727
9044.82 23.995 11.325
9046.905 25.756 8.012
9048.987 24.686 16.048
9051.073 26.011 66.305
9053.156 22.935 91.344
9055.238 27.434 36.823
9057.326 22.915 8.452
9059.41 24.886 8.002
9061.499 23.785 7.174
9063.584 22.987 5.21
9065.674 21.493 7.573
9067.759 26.187 9.93
9069.85 23.538 10.952
9071.937 22.996 11.711
9074.024 25.788 9.998
9076.116 24.425 6.409
9078.204 23.787 4.667
9080.298 24.431 4.239
9082.386 24.502 4.332
9084.481 26.166 5.276
9086.571 25.626 6.892
9088.661 25.452 6.597
9090.757 26.535 4.814
9092.848 23.385 11.632
9094.945 24.118 23.856
9097.037 25.212 22.613
9099.135 24.591 10.058
9101.228 25.297 5.97
9103.322 25.122 22.856
9105.421 28.024 45.001
9107.516 21.828 35.649
9109.616 24.747 10.596
9111.712 25.599 3.871
9113.813 24.685 5.371
9115.909 25.845 4.605
9118.007 27.51 4.004
9120.109 31.564 4.267
9122.207 33.622 4.588
9124.311 27.679 4.369
9126.41 26.115 4.518
9128.514 24.796 4.572
9130.614 23.899 4.199
9132.715 24.003 4.165
9134.821 23.778 4.574
9136.922 23.074 5.22
9139.029 25.791 5.851
9141.132 24.288 5.159
9143.24 24.456 4.845
9145.343 25.716 4.964
9147.447 22.396 4.907
9149.556 26.846 4.979
9151.661 20.787 7.517
9153.771 26.696 16.551
9155.877 24.812 22.213
9157.989 27.125 15.307
9160.095 24.371 12.829
9162.203 26.95 18.839
9164.315 33.901 20.245
9166.424 24.369 15.893
9168.537 19.315 11.81
9170.647 21.908 8.856
9172.761 23.437 6.534
9174.872 24.044 5.359
9176.982 25.651 4.923
9179.098 27.537 4.144
9181.21 28.054 3.896
9183.327 26.763 4.141
9185.44 26.809 4.691
9187.558 25.239 5.856
9189.672 22.039 6.491
9191.786 26.075 6.897
9193.905 23.287 7.571
9196.02 23.34 8.181
9198.141 21.884 7.89
