3808.904 15.812 7.586
3809.78 18.001 7.924
3810.659 9.467 8.274
3811.536 4.838 9.384
3812.412 3.728 9.116
3813.292 4.803 8.804
3814.169 6.22 8.541
3815.048 6.281 8.318
3815.926 10.653 8.129
3816.806 6.6 7.881
3817.684 3.042 7.563
3818.562 6.975 7.317
3819.443 8.811 7.118
3820.322 4.022 6.862
3821.202 6.419 6.754
3822.082 5.822 6.79
3822.963 0.038 6.618
3823.842 11.414 6.574
3824.724 5.503 6.472
3825.604 5.08 6.415
3826.484 8.492 6.607
3827.366 8.682 7.341
3828.247 10.109 8.726
3829.13 2.171 10.392
3830.011 3.929 11.799
3830.894 12.817 12.392
3831.775 8.485 11.991
3832.657 7.877 12.011
3833.54 8.215 11.424
3834.422 10.892 10.737
3835.307 8.677 10.208
3836.189 4.333 9.456
3837.073 8.631 8.548
3837.956 4.661 8.347
3838.839 6.293 8.329
3839.724 11.256 7.86
3840.608 5.788 8.138
3841.493 10.503 8.115
3842.377 10.614 8.055
3843.263 8.655 8.216
3844.147 11.11 8.682
3845.032 10.96 9.319
3845.918 7.134 9.711
3846.803 5.77 9.026
3847.69 11.24 7.296
3848.575 8.314 6.12
3849.463 17.706 5.854
3850.348 13.064 6.439
3851.234 6.237 7.008
3852.122 3.028 7.246
3853.008 3.105 7.259
3853.897 10.566 6.955
3854.783 11.557 6.537
3855.672 8.33 6.526
3856.559 1.405 6.792
3857.446 4.643 6.924
3858.336 3.63 6.522
3859.223 2.66 5.679
3860.113 6.905 4.737
3861.001 9.738 4.535
3861.892 7.591 5.312
3862.78 5.342 6.655
3863.669 2.1 7.441
3864.56 5.266 7.191
3865.449 8.717 5.98
3866.34 9.524 5.048
3867.23 9.381 4.781
3868.121 6.646 4.956
3869.011 10.699 5.063
3869.901 15.061 4.801
3870.794 7.545 4.382
3871.684 4.671 4.251
3872.577 11.688 4.504
3873.468 4.277 5.216
3874.361 11.904 5.941
3875.252 8.82 6.558
3876.144 5.558 6.8
3877.038 7.692 6.575
3877.93 10.621 6.07
3878.824 12.228 5.572
3879.716 11.848 5.315
3880.611 6.439 5.127
3881.504 6.494 4.877
3882.396 16.512 4.551
3883.292 12.559 4.555
3884.185 8.334 4.718
3885.081 9.571 4.877
3885.975 11.486 4.835
3886.871 11.922 4.613
3887.765 12.936 4.235
3888.659 14.161 3.819
3889.556 12.676 3.64
3890.451 8.721 3.956
3891.348 6.783 4.398
3892.243 8.781 4.629
3893.141 8.52 4.635
3894.036 11.677 4.698
3894.934 10.197 5.081
3895.83 8.307 5.598
3896.726 10.891 5.883
3897.625 5.997 5.685
3898.522 13.052 4.93
3899.421 13.944 4.602
3900.318 12.004 5.134
3901.217 15.115 5.943
3902.115 9.636 6.68
3903.012 7.894 7.07
3903.912 8.604 7.497
3904.81 9.627 8.374
3905.711 12.512 9.881
3906.609 7.795 11.457
3907.51 6.38 11.853
3908.409 13.402 11.262
3909.308 5.283 11.051
3910.21 6.017 11.29
3911.109 8.445 11.251
3912.011 7.065 11.051
3912.911 5.425 11.264
3913.813 6.749 11.557
3914.714 8.718 10.759
3915.614 7.439 8.746
3916.517 9.495 7.679
3917.418 6.394 7.507
3918.322 11.994 7.479
3919.223 7.514 7.434
3920.127 3.328 7.254
3921.029 4.754 6.93
3921.931 6.187 6.57
3922.835 5.777 6.271
3923.737 6.152 6.121
3924.642 6.368 5.93
3925.545 9.706 5.743
3926.45 5.139 5.678
3927.354 9.085 5.397
3928.257 7.208 5.142
3929.163 6.6 4.881
3930.067 9.786 4.677
3930.973 10.754 4.558
3931.877 9.734 4.555
3932.784 10.233 4.741
3933.689 8.695 5.004
3934.594 10.698 5.138
3935.501 12.111 4.678
3936.406 14.038 4.034
3937.314 14.407 3.762
3938.22 13.524 4.337
3939.128 10.763 5.458
3940.034 8.466 6.77
3940.941 8.186 7.949
3941.849 8.347 8.384
3942.756 10.779 8.104
3943.665 10.293 8.271
3944.573 11.202 8.35
3945.482 8.321 8.478
3946.39 8.75 8.478
3947.298 8.118 8.499
3948.208 9.254 8.48
3949.116 10.349 8.139
3950.027 9.441 7.541
3950.936 13.834 6.933
3951.847 13.037 6.826
3952.756 7.467 7.436
3953.665 8.023 7.455
3954.577 5.974 7.19
3955.487 4.274 6.935
3956.399 4.72 6.606
3957.309 6.259 5.926
3958.221 7.401 5.185
3959.132 6.648 4.992
3960.045 5.939 5.75
3960.956 10.415 6.683
3961.867 11.4 6.842
3962.781 6.015 6.152
3963.692 8.61 5.311
3964.606 8.892 4.645
3965.518 5.814 4.487
3966.433 6.32 4.576
3967.345 8.364 4.317
3968.258 6.509 3.548
3969.173 4.261 2.832
3970.086 6.57 2.853
3971.002 9.664 3.867
3971.915 10.663 4.981
3972.831 12.846 5.79
3973.745 10.035 6.172
3974.659 8.801 6.473
3975.576 9.344 6.724
3976.49 7.203 6.838
3977.407 5.733 6.881
3978.322 8.305 6.927
3979.24 7.533 7.341
3980.155 9.307 7.257
3981.071 11.562 6.302
3981.989 8.302 6.023
3982.905 5.518 7.034
3983.823 6.601 7.852
3984.74 6.892 7.389
3985.659 6.264 6.37
3986.576 8.164 5.979
3987.493 9.018 6.552
3988.412 6.837 7.19
3989.33 6.434 7.356
3990.25 7.906 7.182
3991.168 7.018 7.175
3992.088 4.209 6.966
3993.006 3.904 6.782
3993.925 4.548 6.857
3994.846 4.811 7.084
3995.765 5.839 7.137
3996.686 7.017 6.838
3997.606 8.417 6.502
3998.528 7.133 6.669
3999.447 5.755 7.444
4000.368 3.402 7.988
4001.29 8.713 7.839
4002.211 7.455 6.852
4003.133 9.35 6.018
4004.054 12.583 6.175
4004.978 8.355 7.086
4005.899 10.132 7.654
4006.821 12.239 7.485
4007.745 9.908 8.325
4008.666 10.226 9.578
4009.591 8.378 9.383
4010.513 11.657 8.495
4011.438 10.312 7.736
4012.361 8.49 7.641
4013.284 10.678 8.1
4014.209 12.46 8.604
4015.133 11.125 8.862
4016.059 7.977 8.566
4016.983 11.185 7.63
4017.909 10.549 7.072
4018.833 11.016 7.874
4019.758 11.331 9.226
4020.685 14.036 9.976
4021.61 13.119 9.884
4022.537 10.042 9.584
4023.462 9.2 9.831
4024.39 7.743 9.963
4025.316 9.13 9.675
4026.242 12.5 8.889
4027.171 6.394 8.112
4028.097 9.972 8.485
4029.026 9.754 9.199
4029.953 10.852 8.858
4030.882 10.478 7.911
4031.809 7.985 7.517
4032.739 9.29 7.593
4033.667 12.085 7.243
4034.595 8.972 6.604
4035.525 9.571 6.937
4036.453 13.127 8.004
4037.384 8.277 7.682
4038.313 11.44 7.439
4039.244 10.793 7.879
4040.173 15.527 8.044
4041.103 16.318 7.857
4042.035 10.144 8.5
4042.965 9.432 9.933
4043.897 11.399 10.42
4044.827 13.028 11.195
4045.76 14.274 17.818
4046.691 14.872 30.725
4047.622 8.29 33.555
4048.555 10.608 26.849
4049.486 12.997 18.009
4050.42 9.42 12.135
4051.352 8.181 9.758
4052.286 10.816 9.128
4053.218 11.881 8.638
4054.151 12.277 8.618
4055.086 6.897 9.391
4056.019 10.84 8.983
4056.954 10.264 7.557
4057.887 10.856 6.953
4058.823 9.436 8.06
4059.757 5.144 9.054
4060.691 7.026 9.146
4061.627 11.942 9.053
4062.561 9.853 9.42
4063.498 9.58 9.474
4064.433 9.647 9.007
4065.37 9.339 10.456
4066.305 6.939 10.642
4067.241 9.934 9.211
4068.179 13.467 8.682
4069.115 11.014 8.889
4070.053 10.063 8.843
4070.989 12.014 8.623
4071.928 10.941 8.85
4072.865 9.735 8.823
4073.802 11.113 8.117
4074.741 8.257 8.194
4075.679 14.08 9.105
4076.618 9.696 10.898
4077.556 12.879 12.712
4078.497 12.734 12.92
4079.435 8.419 11.661
4080.373 7.875 10.33
4081.314 12.341 9.995
4082.253 14.02 10.277
4083.194 9.091 9.844
4084.134 11.345 8.732
4085.076 11.955 9.424
4086.015 6.777 9.927
4086.955 7.702 9.709
4087.898 11.913 9.243
4088.838 10.385 8.179
4089.781 8.713 7.158
4090.722 8.498 7.09
4091.665 8.028 7.806
4092.606 10.416 7.98
4093.548 10.316 7.49
4094.492 9.572 7.446
4095.434 8.842 8.035
4096.378 11.565 8.188
4097.321 12.985 7.43
4098.265 11.496 6.977
4099.208 7.184 7.322
4100.151 9.559 7.711
4101.097 13.929 7.356
4102.04 10.371 6.538
4102.986 9.3 5.783
4103.93 8.356 5.535
4104.876 11.811 5.792
4105.821 10.444 6.1
4106.768 12.201 6.351
4107.712 12.683 6.852
4108.657 12.418 7.404
4109.605 9.542 7.22
4110.55 9.782 6.317
4111.498 11.493 5.751
4112.444 6.762 6.134
4113.392 8.126 6.732
4114.338 8.673 6.815
4115.285 10.097 6.889
4116.234 10.437 7.354
4117.181 9.979 7.553
4118.13 11.248 6.742
4119.078 9.061 5.569
4120.027 7.302 5.347
4120.975 9.674 6.093
4121.923 11.428 7.049
4122.874 9.697 7.892
4123.822 8.497 8.518
4124.773 10.96 8.309
4125.722 7.506 7.773
4126.673 5.781 7.562
4127.623 6.931 7.956
4128.572 7.328 8.288
4129.524 10.127 7.969
4130.474 10.172 7.5
4131.427 7.574 7.481
4132.377 10.316 7.814
4133.33 13.659 7.996
4134.281 9.126 8.28
4135.232 8.601 8.631
4136.186 8.397 8.904
4137.137 9.322 9.15
4138.091 9.67 8.707
4139.043 7.695 7.794
4139.998 9.265 7.454
4140.95 12.364 7.566
4141.903 10.702 7.316
4142.858 7.889 6.622
4143.811 9.919 6.443
4144.766 9.886 6.622
4145.72 9.891 6.9
4146.676 12.874 7.201
4147.63 6.187 7.277
4148.584 12.428 6.81
4149.541 10.717 6.382
4150.495 9.439 6.533
4151.452 10.411 6.959
4152.407 6.498 7.131
4153.365 7.089 7.238
4154.32 10.364 7.976
4155.276 8.741 8.645
4156.234 12.545 9.067
4157.19 13.734 9.117
4158.149 8.466 8.948
4159.106 7.329 8.731
4160.065 9.652 8.425
4161.022 8.96 8.378
4161.979 9.74 8.791
4162.939 12.166 9.172
4163.896 10.021 9.371
4164.857 9.826 10.37
4165.815 7.404 11.384
4166.775 8.08 10.642
4167.734 11.264 9.722
4168.693 9.598 10.135
4169.654 10.613 10.227
4170.613 12.163 9.799
4171.575 9.741 9.623
4172.535 8.35 9.685
4173.497 10.425 9.221
4174.457 10.092 8.505
4175.417 9.769 8.183
4176.38 9.825 8.392
4177.341 8.327 8.524
4178.304 10.076 8.295
4179.265 8.373 8.484
4180.229 13.143 8.543
4181.191 12.989 8.394
4182.155 10.389 8.07
4183.117 10.815 7.524
4184.079 11.808 6.958
4185.044 12.569 6.772
4186.007 11.101 7.534
4186.972 7.169 7.968
4187.935 7.67 7.436
4188.901 4.951 7.461
4189.865 7.01 7.537
4190.829 10.397 7.637
4191.795 9.185 7.208
4192.759 10.958 6.61
4193.726 11.672 6.545
4194.691 8.412 7.017
4195.658 9.652 7.156
4196.624 9.528 6.74
4197.589 7.753 6.273
4198.557 10.674 5.784
4199.523 10.593 5.773
4200.491 9.722 6.125
4201.457 10.237 6.147
4202.426 9.015 5.936
4203.393 9.953 6.068
4204.36 11.249 6.416
4205.33 9.134 6.454
4206.297 8.555 6.407
4207.267 12.176 7.082
4208.235 11.559 7.586
4209.205 7.585 7.159
4210.174 10.785 6.89
4211.142 7.447 7.095
4212.113 11.241 7.155
4213.082 11.713 6.642
4214.054 9.236 6.023
4215.023 8.525 5.841
4215.995 8.949 6.165
4216.965 9.557 6.427
4217.935 10.689 6.22
4218.908 11.257 6.062
4219.878 8.74 6.358
4220.851 11.43 6.474
4221.822 10.077 6.455
4222.796 8.534 6.645
4223.767 8.755 6.518
4224.739 10.876 6.289
4225.713 9.174 6.25
4226.685 7.453 6.009
4227.66 8.88 5.324
4228.633 8.199 5.173
4229.608 11.178 5.937
4230.581 10.273 6.781
4231.554 7.752 6.933
4232.53 11.399 6.732
4233.504 11.627 6.965
4234.48 10.45 7.084
4235.454 13.312 6.626
4236.431 13.24 6.412
4237.405 9.707 6.842
4238.38 9.606 7.262
4239.357 11.315 6.781
4240.333 9.822 5.768
4241.31 10.342 6.188
4242.286 9.929 6.961
4243.264 11.258 6.359
4244.241 10.868 5.871
4245.217 9.266 6.859
4246.196 8.274 8.671
4247.173 9.696 10.018
4248.152 12.029 9.764
4249.129 11.807 8.188
4250.109 10.461 6.961
4251.087 9.572 7.272
4252.065 6.246 8.369
4253.045 8.611 8.424
4254.024 10.582 7.378
4255.005 11.432 6.845
4255.984 12.762 6.8
4256.965 12.257 7.263
4257.944 11.314 7.855
4258.926 9.647 7.938
4259.906 7.778 7.394
4260.886 7.602 6.823
4261.869 7.407 6.75
4262.849 6.023 6.811
4263.832 8.899 6.977
4264.813 8.642 7.476
4265.796 9.49 7.723
4266.778 9.087 7.606
4267.759 6.245 7.59
4268.743 7.584 7.671
4269.725 8.44 7.473
4270.71 7.821 7.216
4271.692 7.9 7.156
4272.677 9.572 7.133
4273.66 11.879 7.752
4274.644 11.144 7.114
4275.629 7.561 7.358
4276.613 9.628 7.716
4277.599 10.631 7.241
4278.583 8.788 7.479
4279.57 8.877 7.122
4280.554 9.015 6.478
4281.539 9.862 6.372
4282.526 11.577 6.537
4283.511 10.824 6.579
4284.499 10.895 6.617
4285.485 12.767 6.804
4286.473 8.037 6.913
4287.459 10.097 6.733
4288.446 13.921 6.533
4289.434 8.159 6.422
4290.421 7.307 6.425
4291.411 8.662 6.505
4292.398 12.348 6.758
4293.388 10.893 7.147
4294.375 11.141 7.502
4295.363 12.834 7.367
4296.354 11.005 6.705
4297.342 10.762 6.1
4298.333 10.59 6.197
4299.322 6.837 6.297
4300.313 6.987 6.22
4301.303 12.506 6.033
4302.292 11.09 5.905
4303.284 10.419 6.01
4304.274 8.383 6.205
4305.267 7.259 6.386
4306.257 9.203 6.534
4307.25 10.894 6.663
4308.241 11.116 6.68
4309.232 9.75 6.512
4310.226 6.786 6.302
4311.217 10.918 6.539
4312.212 12.428 7.118
4313.204 8.848 8.024
4314.198 11.216 9.213
4315.191 11.166 9.941
4316.183 6.498 9.634
4317.179 6.302 8.723
4318.172 9.479 8.529
4319.168 8.559 8.878
4320.161 7.878 8.96
4321.157 11.517 8.846
4322.152 10.45 8.677
4323.146 7.524 8.11
4324.143 8.945 7.193
4325.137 7.841 6.871
4326.135 7.111 7.735
4327.13 6.775 7.533
4328.128 7.366 6.653
4329.124 8.298 6.603
4330.119 8.804 6.708
4331.118 9.783 6.659
4332.114 10.527 6.673
4333.113 9.788 6.776
4334.11 9.539 6.844
4335.11 9.76 7.367
4336.107 6.025 8.628
4337.107 3.551 8.089
4338.105 6.796 7.265
4339.103 9.605 6.949
4340.103 8.769 6.984
4341.102 8.082 6.844
4342.103 8.367 6.791
4343.101 9.763 7.226
4344.103 9.092 7.554
4345.102 8.83 7.563
4346.102 11.461 8.013
4347.104 10.873 9.15
4348.104 13.175 9.792
4349.107 9.99 9.451
4350.107 10.775 8.822
4351.11 7.287 8.341
4352.111 4.939 7.784
4353.113 8.33 7.335
4354.116 8.187 7.498
4355.118 6.986 7.556
4356.122 9.116 8.684
4357.125 9.288 19.197
4358.129 5.936 40.909
4359.132 7.139 58.967
4360.135 12.021 52.603
4361.14 11.851 27.538
4362.143 9.34 14.616
4363.149 9.575 11.597
4364.153 8.319 9.506
4365.159 7.561 8.973
4366.164 6.288 8.923
4367.168 8.696 8.482
4368.175 13.471 8.49
4369.18 12.495 8.68
4370.187 9.241 8.414
4371.193 8.445 7.932
4372.201 5.578 7.768
4373.207 8.258 8.124
4374.213 7.982 8.567
4375.221 7.499 8.992
4376.228 6.786 8.724
4377.237 10.312 8.499
4378.244 9.79 8.173
4379.254 9.717 7.994
4380.261 7.501 8.102
4381.269 7.818 8.165
4382.279 9.398 7.789
4383.287 8.939 7.115
4384.298 9.46 6.847
4385.307 9.855 6.896
4386.318 9.864 6.958
4387.327 9.408 7.126
4388.336 8.309 7.442
4389.348 9.559 7.058
4390.358 9.786 6.631
4391.37 10.702 6.882
4392.381 9.724 7.611
4393.393 9.877 7.941
4394.404 10.674 7.588
4395.415 9.99 7.154
4396.429 10.32 7.142
4397.44 10.279 7.422
4398.454 6.663 7.413
4399.466 8.875 7.466
4400.48 11.308 8.016
4401.493 7.863 8.606
4402.505 9.887 8.561
4403.52 8.248 8.002
4404.534 8.192 7.969
4405.549 9.375 8.558
4406.563 11.953 8.668
4407.579 9.809 8.564
4408.593 10.13 9.007
4409.607 12.849 9.213
4410.624 10.167 8.917
4411.638 8.643 9.16
4412.656 6.856 9.392
4413.671 8.23 9.43
4414.689 10.195 8.998
4415.704 7.377 9.065
4416.723 9.339 9.395
4417.739 8.069 8.967
4418.755 8.811 8.542
4419.774 9.053 8.708
4420.791 8.997 9.469
4421.81 11.268 9.487
4422.827 9.509 8.418
4423.847 5.143 8.005
4424.865 8.59 8.419
4425.883 10.073 8.906
4426.903 9.844 8.694
4427.922 8.513 9.056
4428.943 5.793 8.824
4429.962 9.267 8.247
4430.983 8.616 8.682
4432.003 8.789 8.785
4433.022 9.192 8.546
4434.044 10.305 8.207
4435.064 9.154 7.783
4436.087 8.507 7.372
4437.108 9.627 7.243
4438.131 9.252 7.741
4439.152 9.825 8.228
4440.173 10.063 8.466
4441.197 11.563 8.218
4442.219 12.026 7.706
4443.243 8.192 7.634
4444.265 9.417 7.767
4445.29 9.904 7.798
4446.313 9.568 7.979
4447.336 7.983 8.251
4448.361 10.055 8.137
4449.384 11.5 7.531
4450.41 9.955 7.31
4451.434 9.922 7.791
4452.461 10.566 7.848
4453.485 9.215 7.011
4454.51 8.724 6.425
4455.537 9.949 6.562
4456.562 8.618 6.675
4457.589 8.929 6.779
4458.615 9.775 6.715
4459.643 7.783 6.998
4460.669 7.135 7.716
4461.695 8.828 7.833
4462.724 10.262 7.157
4463.751 9.623 6.563
4464.78 9.489 6.663
4465.807 10.401 7.15
4466.837 9.878 7.201
4467.864 10.048 6.505
4468.892 9.237 6.504
4469.923 7.695 7.038
4470.951 8.042 6.932
4471.982 9.834 6.94
4473.011 8.569 7.477
4474.042 10.816 7.531
4475.072 10.705 7.572
4476.101 8.383 7.989
4477.133 9.669 7.611
4478.163 10.706 7.038
4479.196 9.351 7.065
4480.226 8.983 7.06
4481.259 10.253 6.627
4482.29 11.371 6.923
4483.322 8.2 7.104
4484.355 6.609 6.777
4485.387 10.087 7.143
4486.421 10.714 7.551
4487.453 9.442 7.469
4488.488 7.991 7.448
4489.521 8.154 7.169
4490.554 9.843 6.751
4491.589 9.853 6.761
4492.622 9.818 7.194
4493.658 9.714 7.651
4494.692 8.354 7.837
4495.729 8.71 7.517
4496.763 10.145 7.05
4497.8 8.092 7.365
4498.834 8.853 8.262
4499.869 8.166 8.32
4500.907 12.115 7.818
4501.943 10.036 7.328
4502.981 11.555 7.14
4504.017 10.632 7.138
4505.055 9.985 7.505
4506.092 11.494 7.301
4507.128 10.355 6.972
4508.168 12.129 7.357
4509.205 12.676 7.732
4510.244 8.338 7.561
4511.282 8.065 7.299
4512.322 7.899 7.467
4513.36 11.09 7.577
4514.399 10.038 7.167
4515.44 11.206 7.513
4516.478 9.895 7.751
4517.52 11.906 7.273
4518.559 9.393 7.478
4519.601 8.335 7.528
4520.641 10.451 7.328
4521.681 9.089 7.702
4522.724 8.906 7.95
4523.764 11.812 7.683
4524.807 12.125 7.381
4525.848 9.666 7.297
4526.892 9.627 7.447
4527.933 11.183 7.347
4528.975 9.486 7.643
4530.019 6.39 7.932
4531.061 8.692 7.725
4532.106 6.709 8.393
4533.149 11.887 8.662
4534.194 10.122 8.068
4535.237 7.021 7.843
4536.28 9.543 8.176
4537.327 8.772 8.584
4538.37 9.65 8.493
4539.417 10.872 7.996
4540.461 9.509 8.09
4541.508 8.941 8.401
4542.553 8.177 8.333
4543.598 9.199 8.343
4544.646 10.872 9.038
4545.691 12.2 8.568
4546.739 11.7 7.946
4547.785 8.567 8.46
4548.834 10.953 8.061
4549.881 11.238 7.291
4550.927 11.446 7.194
4551.977 8.123 7.675
4553.024 9.619 7.862
4554.074 9.908 7.908
4555.121 9.362 7.686
4556.172 11.085 7.083
4557.22 10.716 7.039
4558.268 9.936 7.693
4559.319 11.559 7.974
4560.368 8.904 7.312
4561.42 8.114 6.899
4562.469 8.58 7.263
4563.521 10.636 7.211
4564.571 8.473 7.769
4565.621 10.038 7.574
4566.674 11.17 6.744
4567.725 10.726 6.825
4568.778 9.115 6.94
4569.829 8.814 6.919
4570.883 9.283 6.915
4571.934 9.649 6.845
4572.989 10.191 6.959
4574.041 11.335 7.175
4575.093 10.924 7.471
4576.148 7.81 7.562
4577.201 9.437 7.475
4578.256 10.376 7.099
4579.309 8.232 7.348
4580.365 9.924 8.049
4581.419 8.198 7.809
4582.473 9.697 7.78
4583.53 9.367 7.619
4584.584 8.924 7.144
4585.641 9.224 6.953
4586.696 8.399 7.169
4587.754 7.826 7.133
4588.809 9.489 7.176
4589.865 10.509 7.231
4590.923 9.412 6.985
4591.98 9.594 6.676
4593.038 10.374 6.999
4594.095 9.512 7.337
4595.154 8.36 7.114
4596.212 9.137 6.597
4597.269 11.243 6.445
4598.329 10.711 6.621
4599.387 11.862 6.805
4600.447 7.388 6.933
4601.506 8.591 6.682
4602.567 9.814 6.277
4603.626 11.256 6.173
4604.685 11.504 6.515
4605.747 10.253 6.968
4606.806 9.889 7.081
4607.868 10.822 6.96
4608.928 10.425 7.145
4609.991 9.61 7.449
4611.052 11.659 7.221
4612.113 9.9 6.903
4613.176 9.73 6.761
4614.237 8.29 7.405
4615.301 11.286 7.094
4616.363 9.463 6.869
4617.428 8.731 7.43
4618.49 13.353 6.962
4619.552 9.607 6.74
4620.618 8.455 6.898
4621.681 9.364 7.025
4622.746 9.797 6.99
4623.81 10.368 6.937
4624.876 10.101 6.809
4625.94 9.73 6.566
4627.004 10.145 6.709
4628.071 10.252 6.96
4629.136 10.709 6.944
4630.203 10.707 6.925
4631.268 9.424 7.137
4632.336 8.39 6.894
4633.402 9.795 6.696
4634.468 9.328 7.167
4635.537 9.564 7.439
4636.603 11.547 7.063
4637.672 10.156 6.969
4638.739 9.258 7.027
4639.809 10.123 6.828
4640.876 11.588 6.702
4641.944 10.314 6.738
4643.014 10.334 6.723
4644.082 11.067 6.664
4645.153 8.844 6.907
4646.222 8.74 6.873
4647.293 8.258 6.517
4648.362 10.758 6.642
4649.432 10.247 6.862
4650.504 9.11 6.963
4651.574 10.913 6.937
4652.646 7.681 7.251
4653.717 9.838 7.197
4654.79 10.156 6.675
4655.861 11.47 7.086
4656.934 8.06 7.668
4658.006 9.695 8.107
4659.077 12.048 8.354
4660.152 8.909 8.451
4661.224 9.113 8.429
4662.299 9.311 8.533
4663.371 8.902 8.614
4664.446 12.142 8.304
4665.52 9.16 8.782
4666.593 9.214 8.372
4667.669 7.86 8.134
4668.743 9.741 8.375
4669.819 11.666 8.756
4670.894 9.451 9.42
4671.971 8.79 9.028
4673.046 9.887 8.399
4674.121 12.569 8.702
4675.198 10.8 8.511
4676.274 11.365 8.722
4677.352 10.302 8.611
4678.428 9.445 7.929
4679.507 10.038 7.805
4680.584 10.029 8.02
4681.66 10.121 8.137
4682.74 10.93 7.939
4683.817 10.284 7.505
4684.897 9.406 7.373
4685.975 10.422 7.69
4687.056 9.529 7.79
4688.134 10.089 7.611
4689.212 10.702 7.198
4690.294 11.335 6.727
4691.373 11.707 6.766
4692.454 7.787 7.476
4693.534 8.875 7.219
4694.616 9.192 7.211
4695.696 10.15 7.367
4696.777 8.782 7.221
4697.86 7.809 6.931
4698.94 7.923 6.742
4700.024 6.901 6.96
4701.105 7.652 7.491
4702.189 10.685 7.56
4703.271 10.835 7.084
4704.353 8.281 6.962
4705.438 8.251 7.303
4706.52 9.404 7.542
4707.606 10.314 7.339
4708.689 11.62 7.572
4709.774 8.787 7.808
4710.858 10.068 7.564
4711.942 8.629 7.19
4713.028 12.358 7.029
4714.112 9.52 7.282
4715.199 9.777 7.513
4716.284 7.734 7.531
4717.372 10.835 7.085
4718.457 8.934 7.069
4719.542 9.315 7.439
4720.631 9.68 7.406
4721.717 9.134 7.114
4722.805 11.021 7.107
4723.892 10.99 7.593
4724.981 8.711 7.872
4726.068 9.74 7.248
4727.155 10.328 6.978
4728.246 8.342 6.912
4729.333 9.789 7.461
4730.424 10.049 8.053
4731.512 8.618 7.535
4732.603 10.235 7.022
4733.692 11.221 7.04
4734.781 7.844 7.402
4735.873 9.132 7.372
4736.962 9.341 7.481
4738.054 9.085 8.343
4739.144 9.113 8.421
4740.237 7.363 8.004
4741.328 8.231 8.316
4742.421 8.819 9.024
4743.512 9.069 9.225
4744.603 10.007 8.871
4745.697 10.289 8.416
4746.789 9.557 7.585
4747.884 9.534 6.952
4748.976 9.8 7.175
4750.071 8.865 7.162
4751.164 9.127 7.179
4752.257 8.309 7.137
4753.353 9.62 7.317
4754.446 9.582 7.514
4755.543 9.309 7.459
4756.637 10.148 6.868
4757.734 9.124 6.401
4758.828 10.458 6.27
4759.923 9.841 6.361
4761.02 8.378 6.709
4762.116 9.618 6.726
4763.214 9.668 6.532
4764.31 9.466 6.557
4765.408 9.07 6.591
4766.504 10.001 6.627
4767.601 10.255 6.42
4768.7 10.321 6.17
4769.797 9.256 6.318
4770.897 8.406 6.558
4771.995 9.351 6.388
4773.095 9.207 6.308
4774.193 10.547 6.313
4775.292 9.777 6.174
4776.393 10.64 6.462
4777.492 9.852 6.694
4778.593 9.796 6.895
4779.693 10.159 7.3
4780.795 9.503 7.038
4781.895 9.656 6.809
4782.995 9.311 6.793
4784.098 9.575 6.76
4785.198 8.767 6.424
4786.302 9.637 6.009
4787.403 8.622 6.193
4788.507 8.061 6.525
4789.608 9.47 6.381
4790.71 9.608 6.625
4791.815 8.747 7.209
4792.917 9.122 7.206
4794.022 8.192 6.859
4795.125 9.0 6.515
4796.231 11.028 6.384
4797.334 9.861 6.53
4798.438 10.142 6.454
4799.545 8.32 6.935
4800.649 6.865 7.11
4801.756 9.051 7.077
4802.86 9.48 6.933
4803.968 9.029 6.868
4805.073 9.145 6.727
4806.178 10.631 6.495
4807.287 8.346 6.485
4808.393 8.944 6.648
4809.501 11.306 6.678
4810.608 10.321 6.655
4811.717 9.876 6.82
4812.824 7.437 6.777
4813.931 9.659 6.678
4815.041 11.606 6.912
4816.149 10.603 7.371
4817.26 8.675 7.778
4818.368 9.36 7.815
4819.479 11.022 7.496
4820.588 9.768 7.599
4821.697 9.472 8.387
4822.809 10.034 8.163
4823.918 8.69 7.465
4825.03 10.152 7.508
4826.14 9.501 7.431
4827.253 7.953 7.558
4828.364 8.127 8.419
4829.477 10.173 7.746
4830.588 8.38 7.728
4831.699 10.96 7.252
4832.814 8.906 6.89
4833.925 11.16 7.669
4835.04 10.89 7.818
4836.152 9.133 7.404
4837.268 9.173 7.52
4838.38 9.004 8.101
4839.493 8.476 8.43
4840.609 8.686 8.356
4841.723 10.833 8.122
4842.84 8.833 7.615
4843.954 8.541 7.374
4845.071 10.474 7.367
4846.185 9.236 7.786
4847.3 7.773 8.173
4848.418 8.822 7.531
4849.533 8.649 7.025
4850.652 8.221 7.125
4851.767 9.259 6.795
4852.886 9.439 7.006
4854.003 8.845 7.519
4855.119 7.825 7.253
4856.239 9.787 5.927
4857.356 9.555 6.608
4858.476 8.706 6.464
4859.594 9.055 6.425
4860.714 8.721 7.173
4861.833 6.966 7.943
4862.951 10.446 7.77
4864.072 9.788 7.063
4865.191 10.045 6.525
4866.313 9.658 6.328
4867.433 11.663 6.396
4868.555 6.52 6.658
4869.675 9.041 6.799
4870.796 8.681 6.674
4871.919 10.507 6.364
4873.039 8.6 6.349
4874.163 10.284 6.503
4875.284 9.305 6.393
4876.409 9.067 6.422
4877.531 8.095 6.455
4878.653 9.13 7.018
4879.778 9.658 7.246
4880.9 7.237 7.337
4882.026 7.736 7.269
4883.149 7.438 7.504
4884.275 6.547 7.742
4885.398 5.96 7.248
4886.522 7.639 7.11
4887.649 8.461 7.008
4888.774 7.346 6.483
4889.901 7.532 6.78
4891.026 9.752 6.542
4892.154 14.314 6.691
4893.279 16.594 7.205
4894.405 13.786 6.957
4895.533 9.571 6.891
4896.66 6.514 6.745
4897.789 7.002 6.934
4898.916 6.902 7.091
4900.045 9.978 6.883
4901.172 7.144 7.039
4902.3 7.554 7.049
4903.43 6.978 6.933
4904.558 7.907 6.545
4905.689 9.305 6.523
4906.818 9.899 6.894
4907.95 8.442 6.901
4909.079 8.674 6.922
4910.208 9.996 6.714
4911.34 10.871 6.579
4912.47 10.481 6.662
4913.603 10.302 6.649
4914.733 10.005 6.675
4915.867 9.177 6.89
4916.997 9.763 7.009
4918.131 8.903 7.161
4919.263 7.175 6.715
4920.394 7.673 6.19
4921.529 10.199 5.641
4922.661 9.592 6.001
4923.796 7.853 6.889
4924.929 9.305 6.715
4926.065 9.227 7.241
4927.198 8.637 7.393
4928.331 8.895 7.264
4929.468 8.307 7.582
4930.602 10.509 6.895
4931.739 8.227 6.502
4932.873 10.55 6.807
4934.011 9.186 6.848
4935.146 8.717 6.511
4936.281 9.312 6.804
4937.42 8.097 7.201
4938.556 9.669 7.346
4939.694 7.061 7.06
4940.831 8.011 6.98
4941.97 9.107 6.978
4943.107 8.681 6.947
4944.244 8.466 7.224
4945.384 8.633 7.105
4946.522 9.487 6.7
4947.663 9.299 6.689
4948.801 9.801 6.86
4949.942 8.37 7.14
4951.081 7.138 7.282
4952.22 8.32 7.197
4953.362 8.606 7.302
4954.501 8.589 7.639
4955.644 9.783 7.454
4956.784 9.278 7.001
4957.927 7.371 6.883
4959.067 9.86 6.667
4960.208 10.451 6.626
4961.352 9.831 6.615
4962.493 11.606 7.173
4963.638 9.069 7.141
4964.779 10.193 6.909
4965.924 9.774 6.98
4967.067 6.901 7.348
4968.209 10.01 7.962
4969.355 7.135 8.023
4970.498 6.981 7.719
4971.644 8.16 7.871
4972.788 8.563 8.155
4973.935 9.706 8.413
4975.079 9.792 8.546
4976.224 10.516 9.127
4977.371 10.342 8.69
4978.516 9.772 9.447
4979.664 9.78 10.104
4980.81 10.711 10.58
4981.958 7.733 10.586
4983.104 7.062 10.122
4984.251 9.448 10.488
4985.4 9.983 10.691
4986.547 9.904 10.43
4987.697 8.706 9.731
4988.844 9.082 9.349
4989.995 9.481 8.924
4991.143 12.155 8.619
4992.291 12.373 8.484
4993.442 12.239 7.968
4994.591 10.239 7.612
4995.743 8.758 7.642
4996.892 9.045 7.706
4998.044 7.272 7.774
4999.194 6.8 7.434
5000.344 7.95 6.896
5001.497 8.451 6.616
5002.648 9.25 6.824
5003.801 11.159 6.817
5004.952 10.603 6.588
5006.106 8.751 6.864
5007.258 10.207 6.715
5008.413 9.982 7.087
5009.565 9.224 6.942
5010.717 9.608 6.217
5011.873 9.249 6.624
5013.026 6.051 6.843
5014.182 10.994 6.193
5015.335 6.699 6.238
5016.492 9.449 6.491
5017.646 9.914 6.863
5018.8 11.261 7.007
5019.958 8.344 6.62
5021.112 9.064 6.773
5022.27 8.652 6.987
5023.426 7.626 6.074
5024.584 9.642 5.978
5025.74 8.442 6.238
5026.896 8.892 6.186
5028.055 9.779 6.13
5029.212 9.978 6.311
5030.372 10.17 6.195
5031.529 11.325 6.198
5032.689 9.109 6.031
5033.847 9.626 6.148
5035.005 8.823 5.595
5036.166 8.287 6.079
5037.325 8.286 6.112
5038.486 14.71 6.183
5039.645 16.51 6.102
5040.807 15.188 6.099
5041.967 11.368 5.861
5043.127 9.951 5.645
5044.29 8.246 5.727
5045.45 8.65 6.194
5046.614 10.198 6.483
5047.775 8.617 6.634
5048.939 8.468 6.472
5050.1 7.548 6.195
5051.262 7.034 6.337
5052.427 8.509 6.423
5053.589 9.508 6.154
5054.754 8.737 6.078
5055.917 7.458 6.275
5057.083 8.009 6.142
5058.247 6.924 6.364
5059.41 7.527 6.562
5060.577 10.578 6.215
5061.741 9.631 5.942
5062.908 9.345 6.341
5064.073 10.318 6.615
5065.241 9.393 6.794
5066.406 8.801 6.536
5067.572 9.883 6.138
5068.74 7.119 6.313
5069.906 9.683 7.167
5071.075 9.113 8.023
5072.242 8.02 7.436
5073.412 7.535 6.422
5074.579 8.881 6.593
5075.746 8.297 6.726
5076.917 6.704 7.006
5078.084 9.788 6.637
5079.255 8.899 6.272
5080.424 8.194 6.562
5081.595 11.003 7.696
5082.764 6.811 9.182
5083.934 7.675 8.952
5085.106 9.164 9.045
5086.276 8.746 9.957
5087.449 8.708 10.022
5088.619 10.329 9.355
5089.793 8.131 7.867
5090.964 8.907 6.916
5092.135 10.456 6.701
5093.309 9.9 6.182
5094.481 9.665 6.127
5095.655 10.194 6.086
5096.828 8.226 6.281
5098.003 8.268 6.888
5099.176 9.224 6.883
5100.352 9.028 6.573
5101.525 9.879 7.111
5102.699 10.071 6.674
5103.875 10.103 6.467
5105.049 9.843 6.547
5106.227 8.523 6.041
5107.401 8.899 5.833
5108.579 9.101 5.921
5109.754 8.341 6.089
5110.93 8.592 5.98
5112.108 8.169 5.927
5113.284 5.9 6.324
5114.463 7.292 6.414
5115.64 9.089 6.206
5116.82 8.123 6.02
5117.997 9.733 6.226
5119.174 8.006 6.135
5120.355 10.199 6.006
5121.533 9.81 6.248
5122.714 8.97 6.172
5123.892 9.826 6.047
5125.074 9.775 6.149
5126.253 8.591 5.859
5127.432 12.063 5.491
5128.614 9.425 5.892
5129.794 9.672 6.06
5130.977 8.693 5.921
5132.157 7.277 6.118
5133.341 7.714 6.358
5134.522 10.632 6.35
5135.703 9.837 6.379
5136.887 9.455 6.517
5138.069 10.21 6.179
5139.254 10.28 5.915
5140.436 8.548 5.993
5141.621 10.021 6.143
5142.804 9.243 6.442
5143.987 7.772 6.62
5145.174 8.593 6.622
5146.357 7.999 6.49
5147.544 7.903 6.696
5148.728 8.563 7.023
5149.915 9.849 7.07
5151.1 10.168 7.165
5152.285 9.55 7.394
5153.473 7.494 7.476
5154.659 8.183 8.21
5155.847 8.603 8.197
5157.034 9.019 7.428
5158.223 10.183 6.82
5159.409 8.987 6.467
5160.596 8.827 6.506
5161.786 10.175 6.87
5162.974 8.706 6.803
5164.164 7.254 6.466
5165.352 8.182 6.289
5166.544 8.944 5.687
5167.732 8.998 5.339
5168.921 9.257 5.618
5170.113 8.729 5.918
5171.302 8.036 5.796
5172.495 8.301 5.507
5173.685 9.692 5.379
5174.878 9.752 5.565
5176.068 7.447 6.65
5177.259 8.229 6.948
5178.453 9.42 6.175
5179.644 8.811 5.967
5180.838 9.481 5.69
5182.03 9.735 6.006
5183.225 7.667 5.766
5184.418 8.172 5.366
5185.61 8.972 5.492
5186.806 9.152 5.835
5187.999 10.371 6.481
5189.196 10.048 6.925
5190.389 7.782 6.658
5191.586 7.897 6.311
5192.781 7.656 5.937
5193.978 8.529 5.686
5195.173 9.634 5.702
5196.368 8.97 6.389
5197.566 10.367 8.825
5198.762 10.109 12.272
5199.961 7.695 13.237
5201.157 6.682 11.605
5202.357 6.871 9.321
5203.553 8.834 7.812
5204.75 7.183 7.082
5205.951 7.253 5.935
5207.148 8.252 5.484
5208.349 8.854 5.396
5209.547 7.936 6.071
5210.748 9.453 6.781
5211.947 8.839 6.845
5213.146 6.287 6.49
5214.348 8.105 6.263
5215.548 8.87 6.011
5216.751 8.317 5.979
5217.951 7.566 6.034
5219.154 6.202 6.332
5220.355 8.496 6.536
5221.556 9.044 6.589
5222.76 9.29 6.772
5223.961 9.062 6.889
5225.166 7.922 7.082
5226.368 9.662 6.378
5227.573 8.932 5.228
5228.776 6.859 5.52
5229.978 7.545 5.987
5231.184 8.58 6.246
5232.388 8.849 6.594
5233.594 9.499 6.645
5234.798 8.686 6.437
5236.006 8.613 6.006
5237.21 9.544 5.801
5238.415 9.541 6.845
5239.623 7.643 7.747
5240.828 7.597 7.436
5242.037 7.791 6.439
5243.243 7.951 5.682
5244.452 8.294 5.487
5245.658 8.548 5.735
5246.865 9.639 5.952
5248.075 10.035 5.846
5249.282 9.506 5.91
5250.493 7.223 5.973
5251.701 7.627 5.954
5252.912 8.073 5.647
5254.12 8.485 5.702
5255.329 10.156 6.355
5256.541 9.246 7.142
5257.75 7.912 7.843
5258.962 8.851 7.36
5260.172 8.809 6.674
5261.385 6.746 6.231
5262.595 6.457 5.943
5263.806 8.348 5.622
5265.02 8.209 5.128
5266.231 8.042 5.249
5267.446 9.031 5.554
5268.657 8.689 5.62
5269.872 9.585 5.472
5271.085 8.535 5.167
5272.297 7.081 5.723
5273.513 9.196 5.977
5274.726 9.005 5.756
5275.942 9.658 6.436
5277.156 9.035 7.013
5278.373 8.282 6.678
5279.587 8.559 6.227
5280.805 8.374 5.856
5282.02 10.064 5.62
5283.235 8.896 5.791
5284.453 8.101 6.057
5285.669 9.424 5.7
5286.888 9.658 5.991
5288.104 7.585 6.429
5289.323 9.138 6.185
5290.54 7.769 6.152
5291.757 8.786 6.2
5292.977 11.377 6.145
5294.195 8.264 6.337
5295.416 6.589 6.303
5296.634 9.081 5.938
5297.856 9.389 6.319
5299.074 8.051 6.782
5300.293 8.647 6.827
5301.516 6.436 6.627
5302.735 7.888 6.621
5303.958 8.442 6.61
5305.178 5.869 6.885
5306.402 8.853 6.936
5307.622 9.114 6.62
5308.843 7.67 6.206
5310.067 9.728 5.755
5311.289 8.286 6.13
5312.514 8.398 6.731
5313.736 8.748 7.323
5314.961 8.494 7.018
5316.184 9.25 6.404
5317.407 8.74 5.743
5318.633 7.884 6.151
5319.857 8.699 6.431
5321.083 9.5 6.113
5322.308 9.693 6.303
5323.535 10.285 6.719
5324.76 9.353 6.417
5325.985 9.743 6.137
5327.213 9.778 6.69
5328.438 8.75 6.14
5329.667 8.738 5.704
5330.893 8.426 6.758
5332.122 8.034 7.396
5333.349 7.845 6.673
5334.576 7.784 6.07
5335.806 9.53 6.192
5337.033 9.47 6.32
5338.264 7.595 6.698
5339.492 9.248 6.642
5340.724 10.413 6.198
5341.952 9.11 6.068
5343.181 7.59 6.6
5344.413 9.096 6.907
5345.643 8.806 6.358
5346.875 8.428 5.862
5348.105 9.732 5.949
5349.339 9.854 6.563
5350.569 10.507 7.57
5351.8 8.638 7.573
5353.034 8.125 6.695
5354.266 9.488 6.374
5355.5 8.892 6.441
5356.732 9.473 7.381
5357.968 7.513 7.344
5359.2 7.821 6.285
5360.433 9.53 5.979
5361.669 9.829 6.066
5362.903 7.137 6.158
5364.139 7.042 6.073
5365.373 8.244 5.96
5366.611 8.422 5.857
5367.845 9.095 6.059
5369.08 8.572 6.05
5370.318 7.848 6.316
5371.554 8.031 6.214
5372.792 10.737 5.721
5374.028 8.136 6.29
5375.268 7.785 6.678
5376.504 9.594 7.012
5377.744 9.121 6.66
5378.981 9.135 6.193
5380.218 8.28 6.51
5381.459 10.09 6.247
5382.697 10.537 5.873
5383.938 8.572 5.699
5385.177 9.027 5.781
5386.419 8.278 6.283
5387.658 10.114 6.334
5388.897 8.386 5.685
5390.14 10.181 5.745
5391.38 9.488 5.934
5392.623 10.14 6.286
5393.864 9.743 6.969
5395.108 6.456 6.495
5396.349 8.562 5.718
5397.59 10.279 5.701
5398.835 7.552 5.722
5400.077 9.446 5.78
5401.322 8.324 6.017
5402.565 6.937 6.017
5403.81 9.498 5.89
5405.054 7.27 5.73
5406.297 8.098 5.382
5407.544 8.176 5.291
5408.788 8.552 5.586
5410.035 9.81 5.756
5411.28 9.575 5.988
5412.527 10.645 6.06
5413.773 8.621 5.987
5415.018 7.698 6.211
5416.267 9.474 6.296
5417.513 9.671 6.178
5418.762 9.077 5.869
5420.008 9.11 5.971
5421.258 9.311 6.25
5422.505 8.759 6.204
5423.753 8.901 6.208
5425.004 7.752 6.013
5426.252 9.431 6.343
5427.503 7.216 6.805
5428.752 11.001 6.247
5430.003 6.669 6.166
5431.253 8.463 6.435
5432.502 7.328 6.228
5433.755 8.211 6.281
5435.005 7.906 6.055
5436.258 10.483 5.666
5437.509 10.053 5.99
5438.763 8.541 6.721
5440.014 7.658 6.804
5441.265 8.837 6.716
5442.52 9.103 6.617
5443.772 8.978 6.696
5445.027 9.302 6.722
5446.28 7.544 6.558
5447.536 6.55 6.779
5448.789 8.777 6.53
5450.043 7.992 6.251
5451.299 8.514 6.417
5452.553 7.81 6.664
5453.811 8.137 6.367
5455.065 9.584 6.172
5456.323 9.457 6.096
5457.578 8.938 6.93
5458.834 7.006 9.264
5460.093 9.716 20.125
5461.349 10.153 39.5
5462.608 10.49 43.798
5463.865 9.942 27.909
5465.125 8.071 13.226
5466.382 10.588 9.138
5467.64 8.345 7.936
5468.9 9.098 7.548
5470.159 9.197 7.233
5471.42 8.198 7.122
5472.679 9.97 6.815
5473.941 8.946 6.749
5475.2 7.884 6.725
5476.463 10.774 6.417
5477.722 10.035 6.543
5478.982 8.391 6.246
5480.246 9.581 6.303
5481.507 9.767 6.998
5482.771 7.348 8.03
5484.032 8.117 8.019
5485.297 8.281 7.675
5486.558 9.325 7.648
5487.821 8.416 7.398
5489.086 9.043 6.781
5490.349 9.664 6.51
5491.615 10.192 6.625
5492.878 8.547 6.544
5494.145 8.872 6.401
5495.409 9.124 6.336
5496.673 9.061 6.242
5497.941 8.095 6.41
5499.205 9.728 6.589
5500.473 9.426 6.633
5501.739 7.466 6.967
5503.008 6.613 6.538
5504.274 10.132 6.204
5505.54 9.934 6.811
5506.809 9.665 6.827
5508.076 7.718 6.938
5509.346 7.685 6.827
5510.614 7.668 7.001
5511.884 7.047 7.241
5513.152 6.682 7.173
5514.421 6.68 7.076
5515.692 8.501 7.879
5516.961 7.112 7.506
5518.233 10.867 6.864
5519.503 7.294 7.03
5520.776 9.836 7.472
5522.046 8.322 7.901
5523.316 8.252 7.404
5524.59 7.912 7.101
5525.861 8.325 7.231
5527.135 7.51 7.524
5528.406 9.492 6.946
5529.681 8.516 6.624
5530.953 8.282 6.355
5532.226 8.76 6.25
5533.501 7.906 6.379
5534.774 8.53 6.633
5536.051 8.551 6.686
5537.324 8.72 6.636
5538.601 7.612 6.282
5539.875 9.193 6.238
5541.15 9.309 6.831
5542.428 9.028 7.648
5543.703 7.967 8.367
5544.981 8.404 8.432
5546.257 9.281 7.868
5547.536 9.884 7.362
5548.812 8.951 7.072
5550.088 8.75 6.952
5551.368 8.07 7.278
5552.645 9.285 6.822
5553.926 8.684 6.363
5555.203 7.985 6.342
5556.484 7.728 6.25
5557.763 7.992 6.181
5559.041 9.888 6.531
5560.323 7.084 6.415
5561.602 10.242 6.268
5562.885 8.502 6.666
5564.164 7.613 8.101
5565.447 8.551 8.834
5566.728 9.132 7.64
5568.008 8.245 6.551
5569.292 8.432 6.774
5570.574 9.649 6.561
5571.858 8.18 6.871
5573.14 8.317 6.587
5574.425 9.302 7.101
5575.707 9.857 27.133
5576.993 12.539 186.416
5578.276 16.167 435.364
5579.559 9.057 383.06
5580.846 9.28 103.707
5582.13 8.019 10.67
5583.417 8.375 7.042
5584.702 8.222 6.382
5585.989 9.322 5.928
5587.275 9.134 6.097
5588.56 7.645 6.737
5589.849 8.25 8.174
5591.135 7.545 7.867
5592.424 8.588 6.915
5593.71 8.556 6.5
5595.0 9.195 6.086
5596.287 8.135 6.46
5597.575 9.332 6.854
5598.866 7.354 6.554
5600.154 7.736 7.103
5601.445 7.948 6.591
5602.734 8.029 6.694
5604.026 9.104 6.534
5605.315 9.154 8.116
5606.604 8.466 9.437
5607.897 8.013 8.098
5609.187 9.431 6.717
5610.481 8.907 6.418
5611.771 8.566 6.749
5613.065 9.252 6.566
5614.357 7.557 6.285
5615.648 7.931 6.568
5616.943 8.215 6.669
5618.235 7.784 6.905
5619.531 8.649 7.258
5620.824 7.752 6.441
5622.12 9.54 6.658
5623.413 8.882 7.142
5624.707 7.24 8.175
5626.004 9.097 7.777
5627.298 9.263 6.946
5628.596 7.593 6.656
5629.891 8.853 6.189
5631.189 7.808 6.412
5632.484 8.252 6.833
5633.78 7.802 6.364
5635.079 5.439 6.571
5636.376 7.99 6.29
5637.675 9.207 6.189
5638.972 9.141 6.402
5640.273 8.497 6.711
5641.57 8.143 6.582
5642.868 7.933 6.524
5644.169 6.234 6.668
5645.468 8.729 7.464
5646.769 6.793 8.164
5648.069 7.129 7.268
5649.371 8.602 6.374
5650.671 9.608 7.013
5651.971 8.595 6.672
5653.274 7.965 6.53
5654.574 7.038 6.818
5655.878 8.681 6.689
5657.179 9.786 6.825
5658.484 9.457 7.162
5659.786 8.438 7.198
5661.088 9.26 7.353
5662.393 9.179 7.332
5663.696 6.961 7.324
5665.002 7.882 7.666
5666.305 9.663 7.772
5667.612 9.171 8.101
5668.916 8.912 9.062
5670.22 8.136 8.983
5671.527 9.454 9.712
5672.832 6.701 11.276
5674.14 9.209 11.101
5675.445 10.463 9.815
5676.754 7.335 9.536
5678.06 8.004 9.445
5679.369 6.192 9.421
5680.676 7.728 10.009
5681.983 6.615 11.72
5683.293 7.81 14.294
5684.6 7.432 16.8
5685.911 8.751 17.439
5687.219 7.44 17.565
5688.531 7.549 19.702
5689.839 8.71 19.748
5691.148 10.12 19.207
5692.461 10.132 17.309
5693.77 7.524 14.98
5695.083 7.742 13.031
5696.393 6.933 11.787
5697.707 8.587 11.314
5699.018 9.551 10.437
5700.329 9.58 10.759
5701.643 9.893 11.298
5702.955 9.287 9.789
5704.27 7.885 8.628
5705.582 8.332 8.135
5706.898 10.156 7.434
5708.211 7.318 8.089
5709.524 10.07 8.201
5710.841 9.44 8.18
5712.154 8.092 9.043
5713.472 7.791 9.405
5714.786 8.566 8.277
5716.104 7.277 6.965
5717.419 9.015 7.362
5718.734 10.327 8.042
5720.053 7.854 8.182
5721.369 7.122 7.549
5722.688 8.698 7.241
5724.004 8.502 7.709
5725.324 7.834 8.014
5726.642 8.148 7.834
5727.959 9.283 7.338
5729.28 10.823 7.032
5730.598 9.453 6.952
5731.919 8.819 7.114
5733.238 7.304 6.819
5734.56 9.791 6.804
5735.879 8.219 7.117
5737.199 8.828 7.239
5738.522 6.481 6.902
5739.842 7.565 7.041
5741.165 7.696 6.861
5742.486 6.758 7.112
5743.81 8.493 7.355
5745.132 9.07 7.331
5746.453 7.614 7.188
5747.779 8.541 6.955
5749.101 8.91 6.73
5750.427 7.781 7.377
5751.749 8.886 7.682
5753.076 10.138 7.101
5754.399 6.459 7.221
5755.723 7.613 7.542
5757.05 9.681 7.194
5758.375 9.825 7.344
5759.703 9.088 7.682
5761.028 9.237 8.063
5762.356 7.399 8.138
5763.682 7.606 8.092
5765.008 8.456 8.387
5766.337 6.65 9.358
5767.664 9.714 10.894
5768.994 8.25 15.234
5770.321 8.436 18.937
5771.651 10.221 18.463
5772.979 9.546 13.522
5774.307 10.346 10.427
5775.639 6.38 9.41
5776.967 8.426 8.33
5778.3 10.082 8.148
5779.629 9.347 7.835
5780.962 8.272 7.838
5782.291 9.053 7.627
5783.625 7.884 8.231
5784.955 7.613 8.465
5786.286 10.403 8.568
5787.621 8.742 9.716
5788.952 8.274 11.83
5790.287 8.507 16.687
5791.619 7.83 20.419
5792.954 10.011 18.107
5794.287 9.619 13.127
5795.62 9.301 10.234
5796.957 8.608 9.443
5798.29 7.511 9.311
5799.627 8.51 8.835
5800.961 10.458 8.648
5802.299 6.561 8.714
5803.634 8.167 8.59
5804.969 7.507 8.376
5806.308 8.243 8.561
5807.643 6.149 8.915
5808.983 7.685 9.219
5810.319 8.828 8.881
5811.659 8.651 8.543
5812.996 8.597 8.394
5814.333 8.277 8.266
5815.674 10.771 8.567
5817.012 10.435 8.619
5818.353 8.451 8.624
5819.692 6.599 8.556
5821.034 8.972 7.809
5822.373 8.38 8.437
5823.712 6.445 9.18
5825.055 5.832 9.053
5826.395 6.745 8.412
5827.739 7.798 9.075
5829.079 6.962 9.061
5830.424 7.061 9.735
5831.765 6.631 9.337
5833.106 10.718 8.685
5834.451 9.429 9.195
5835.794 8.789 9.076
5837.139 7.263 9.181
5838.482 8.37 9.378
5839.829 9.06 9.685
5841.172 8.675 9.725
5842.516 9.796 9.514
5843.863 8.628 9.545
5845.207 6.423 10.083
5846.555 8.28 9.983
5847.9 9.539 9.242
5849.249 9.659 9.774
5850.594 9.319 10.013
5851.94 9.35 9.813
5853.29 8.813 10.28
5854.636 7.904 10.4
5855.986 8.175 10.083
5857.334 8.293 9.898
5858.684 8.186 10.051
5860.032 9.227 9.711
5861.38 8.476 9.632
5862.732 9.332 9.884
5864.08 7.426 10.599
5865.433 7.085 12.407
5866.782 8.606 15.094
5868.135 8.461 16.685
5869.485 8.469 15.319
5870.835 8.701 13.275
5872.189 8.683 10.762
5873.54 9.895 10.384
5874.894 10.955 10.004
5876.246 8.549 9.729
5877.601 6.886 9.396
5878.953 9.962 8.401
5880.305 8.243 7.982
5881.661 7.923 7.809
5883.014 8.223 8.1
5884.371 7.082 8.2
5885.725 9.491 8.774
5887.082 7.375 12.24
5888.436 7.007 25.076
5889.794 8.739 61.106
5891.149 8.151 92.18
5892.504 7.256 70.177
5893.863 8.348 30.456
5895.219 7.767 35.012
5896.578 6.875 70.224
5897.935 10.975 68.55
5899.295 8.138 34.48
5900.652 8.821 13.082
5902.01 7.576 9.443
5903.371 8.721 9.614
5904.729 9.769 10.015
5906.09 8.701 10.323
5907.449 8.316 10.691
5908.811 8.39 10.943
5910.17 7.655 9.885
5911.53 8.035 9.415
5912.893 7.957 10.087
5914.254 8.47 11.395
5915.617 10.373 14.652
5916.978 10.64 16.25
5918.343 8.952 13.436
5919.704 7.703 10.432
5921.066 8.503 9.951
5922.431 9.164 10.345
5923.794 8.904 11.008
5925.16 8.205 12.136
5926.523 8.126 12.739
5927.89 7.707 12.132
5929.253 6.448 11.254
5930.617 8.503 11.048
5931.985 7.578 12.783
5933.35 8.099 16.415
5934.718 8.573 17.508
5936.083 7.346 14.706
5937.452 7.749 11.473
5938.818 7.718 10.784
5940.184 8.543 10.957
5941.554 9.981 10.478
5942.921 8.934 10.279
5944.291 7.84 10.548
5945.659 8.393 11.7
5947.03 7.973 12.511
5948.398 10.209 12.203
5949.766 8.853 10.486
5951.138 8.797 10.461
5952.507 9.209 12.451
5953.88 8.812 15.537
5955.249 8.614 16.822
5956.623 8.83 13.708
5957.993 7.976 10.873
5959.364 6.977 10.286
5960.738 7.714 10.271
5962.109 9.411 10.084
5963.484 9.083 9.876
5964.856 7.181 9.964
5966.231 7.537 10.096
5967.604 9.114 9.617
5968.977 8.237 9.712
5970.353 8.667 11.0
5971.727 9.182 11.664
5973.104 7.78 11.268
5974.478 8.416 10.449
5975.856 8.177 10.753
5977.23 7.921 12.156
5978.605 7.603 12.93
5979.984 6.757 11.719
5981.36 7.446 10.236
5982.739 8.918 9.622
5984.115 8.898 9.33
5985.495 8.035 9.055
5986.872 7.963 9.138
5988.249 9.227 9.181
5989.63 8.948 9.199
5991.008 8.087 9.19
5992.39 9.122 9.164
5993.768 8.573 9.173
5995.15 7.957 9.089
5996.53 7.921 9.094
5997.912 7.267 9.472
5999.292 8.172 9.661
6000.672 9.714 9.373
6002.056 7.338 9.021
6003.437 8.334 9.532
6004.821 8.884 10.609
6006.203 8.455 10.698
6007.588 8.877 9.253
6008.97 7.475 8.794
6010.352 7.798 8.568
6011.738 8.504 8.181
6013.121 7.799 8.053
6014.508 7.537 8.127
6015.891 8.194 8.202
6017.278 8.619 8.059
6018.663 8.91 8.056
6020.047 8.457 8.135
6021.436 7.223 7.905
6022.821 8.368 7.983
6024.21 6.721 8.179
6025.595 7.208 8.274
6026.985 7.63 8.1
6028.371 8.164 8.251
6029.758 8.687 8.364
6031.149 7.931 8.17
6032.536 7.885 8.117
6033.927 8.314 8.44
6035.315 8.199 8.555
6036.707 8.349 8.488
6038.096 8.475 8.244
6039.485 8.533 7.847
6040.878 9.456 7.817
6042.267 6.586 7.987
6043.661 9.065 8.039
6045.051 7.697 7.573
6046.445 7.841 7.502
6047.836 7.759 7.687
6049.227 8.609 7.534
6050.622 7.698 7.756
6052.014 7.415 7.622
6053.41 7.596 7.487
6054.802 7.634 7.465
6056.198 8.182 7.506
6057.592 7.978 7.655
6058.985 7.46 7.384
6060.382 8.537 7.3
6061.777 7.656 7.713
6063.174 8.793 7.59
6064.569 8.965 7.551
6065.968 8.457 7.517
6067.363 9.26 7.291
6068.759 8.755 7.662
6070.158 8.369 7.646
6071.555 7.936 7.231
6072.955 7.796 7.065
6074.352 7.816 7.031
6075.753 7.652 7.039
6077.15 8.208 7.242
6078.549 8.904 6.998
6079.95 8.423 7.16
6081.349 8.1 6.724
6082.751 8.984 6.779
6084.151 7.492 6.955
6085.554 8.208 6.89
6086.954 8.319 7.033
6088.354 8.368 7.06
6089.758 8.119 6.951
6091.159 8.085 6.981
6092.563 7.965 6.924
6093.965 7.962 6.85
6095.37 8.904 6.895
6096.772 9.406 7.117
6098.178 8.428 7.339
6099.581 8.468 7.211
6100.984 8.336 7.243
6102.391 8.839 6.965
6103.795 7.665 7.323
6105.203 8.078 7.401
6106.607 8.954 7.296
6108.015 9.068 7.08
6109.42 7.026 6.996
6110.826 8.118 6.991
6112.235 8.372 7.099
6113.641 7.827 7.115
6115.051 8.491 7.138
6116.458 8.831 7.124
6117.868 8.518 6.784
6119.276 7.914 6.791
6120.683 8.947 6.819
6122.095 8.186 6.451
6123.503 8.12 6.732
6124.915 7.693 6.629
6126.324 9.34 6.523
6127.737 8.514 6.642
6129.147 7.901 6.5
6130.557 7.943 6.45
6131.97 9.244 6.561
6133.381 8.975 6.667
6134.795 7.696 6.727
6136.207 8.007 6.928
6137.622 8.669 7.167
6139.034 8.303 7.659
6140.446 8.386 8.283
6141.862 8.201 8.362
6143.275 6.552 8.042
6144.691 7.336 8.496
6146.105 7.393 9.203
6147.522 8.611 7.752
6148.936 7.944 7.061
6150.351 7.36 7.096
6151.769 8.978 7.287
6153.184 7.36 7.975
6154.603 8.146 8.915
6156.019 9.411 9.488
6157.439 8.153 9.288
6158.855 8.907 8.603
6160.272 8.587 9.026
6161.693 8.191 9.757
6163.11 7.14 10.206
6164.531 7.191 8.882
6165.949 9.004 7.194
6167.371 9.013 6.435
6168.79 8.644 6.908
6170.209 8.429 8.393
6171.632 9.046 9.382
6173.052 7.708 8.988
6174.475 7.677 7.543
6175.896 7.405 7.016
6177.32 6.596 7.257
6178.741 7.142 7.105
6180.162 7.641 6.588
6181.588 7.52 6.237
6183.01 8.118 6.231
6184.435 8.744 6.651
6185.858 8.16 6.598
6187.285 7.934 6.696
6188.708 7.881 6.565
6190.132 6.886 6.529
6191.559 8.831 6.68
6192.983 8.367 7.239
6194.412 7.201 7.514
6195.837 7.245 7.127
6197.265 7.666 6.586
6198.691 7.281 6.331
6200.117 7.937 6.222
6201.547 8.853 6.886
6202.973 7.825 8.244
6204.404 7.878 8.786
6205.831 7.893 8.207
6207.262 8.142 6.779
6208.69 7.718 6.171
6210.122 7.744 6.573
6211.55 7.794 7.142
6212.979 8.805 7.279
6214.412 8.563 7.228
6215.842 8.228 6.512
6217.275 8.852 6.231
6218.705 8.638 6.165
6220.139 7.325 6.621
6221.57 8.081 7.763
6223.002 8.559 8.839
6224.437 7.605 8.544
6225.869 9.07 6.765
6227.304 7.507 5.903
6228.737 7.139 5.764
6230.173 7.963 5.482
6231.606 7.266 5.656
6233.04 6.251 6.955
6234.477 8.315 10.595
6235.911 8.65 16.325
6237.349 8.021 18.297
6238.784 8.336 15.295
6240.223 6.842 11.716
6241.659 7.236 10.196
6243.094 7.781 9.886
6244.534 7.562 9.433
6245.971 7.912 8.197
6247.411 7.464 6.931
6248.848 7.744 6.567
6250.289 9.228 6.393
6251.727 8.952 6.015
6253.165 7.757 5.808
6254.607 8.174 5.724
6256.046 7.978 7.172
6257.489 7.766 12.48
6258.928 8.913 17.783
6260.371 7.873 16.936
6261.812 7.442 11.266
6263.252 7.934 7.661
6264.696 8.665 8.212
6266.138 8.567 9.693
6267.583 8.471 9.743
6269.024 7.727 8.473
6270.47 7.184 6.892
6271.913 8.327 6.395
6273.355 7.794 6.169
6274.802 8.871 6.262
6276.246 7.51 6.982
6277.693 7.387 7.97
6279.137 8.292 7.701
6280.585 7.771 7.028
6282.03 7.338 5.917
6283.475 7.086 5.758
6284.924 7.7 6.202
6286.37 7.756 9.406
6287.819 7.949 13.711
6289.266 7.629 15.179
6290.716 8.351 11.971
6292.163 7.83 7.557
6293.611 6.755 5.901
6295.062 7.56 5.852
6296.51 7.201 7.531
6297.962 8.282 16.782
6299.411 8.358 53.038
6300.864 4.936 126.172
6302.313 10.651 133.962
6303.763 9.031 74.462
6305.217 6.611 18.692
6306.667 6.291 16.012
6308.122 8.926 18.712
6309.573 7.661 16.441
6311.028 7.308 10.01
6312.48 7.853 6.281
6313.932 7.617 5.661
6315.388 7.407 5.457
6316.841 6.85 5.279
6318.297 7.233 5.363
6319.751 8.295 5.928
6321.208 7.365 7.398
6322.662 7.358 8.951
6324.12 7.224 8.365
6325.575 7.187 6.423
6327.03 8.327 5.859
6328.489 7.701 7.467
6329.945 9.271 12.301
6331.405 8.115 14.78
6332.861 8.375 12.023
6334.322 7.653 7.627
6335.779 7.168 5.885
6337.236 7.823 5.524
6338.698 7.252 5.538
6340.156 7.56 5.546
6341.618 8.208 5.539
6343.077 7.918 5.556
6344.54 7.889 5.635
6345.999 6.965 5.891
6347.459 6.983 6.43
6348.923 8.265 7.585
6350.383 7.156 8.005
6351.848 7.531 7.145
6353.309 7.946 6.087
6354.774 7.944 5.937
6356.236 7.108 9.288
6357.698 7.861 11.205
6359.164 7.702 9.556
6360.627 7.674 7.648
6362.094 8.016 12.626
6363.557 8.07 31.312
6365.025 8.972 44.986
6366.489 8.902 38.422
6367.954 8.32 18.873
6369.422 8.162 6.381
6370.887 7.529 5.358
6372.357 8.092 5.304
6373.823 8.253 5.363
6375.292 7.111 5.344
6376.759 7.4 5.498
6378.226 7.905 5.829
6379.697 8.353 6.719
6381.164 7.89 7.172
6382.636 8.626 6.51
6384.104 7.549 6.52
6385.576 8.473 7.013
6387.045 8.048 7.846
6388.515 7.487 8.037
6389.988 7.756 7.04
6391.458 7.201 5.957
6392.932 7.953 5.44
6394.402 8.699 5.327
6395.877 7.68 5.261
6397.348 7.496 5.137
6398.82 7.674 5.167
6400.296 8.336 5.386
6401.768 8.281 5.688
6403.244 8.445 6.278
6404.717 7.588 6.436
6406.194 7.909 5.733
6407.668 8.255 5.173
6409.142 7.965 5.027
6410.62 8.617 5.064
6412.095 8.181 5.383
6413.573 7.597 6.118
6415.049 8.215 6.37
6416.528 7.488 6.04
6418.004 7.067 5.619
6419.481 8.01 5.726
6420.961 8.876 6.239
6422.438 8.514 6.408
6423.919 7.913 5.921
6425.397 8.131 5.251
6426.878 7.955 5.099
6428.357 7.833 5.218
6429.836 8.186 5.104
6431.319 8.27 4.981
6432.798 7.459 5.022
6434.281 8.32 5.181
6435.762 7.061 5.215
6437.246 6.389 5.311
6438.727 7.444 5.196
6440.211 6.611 5.217
6441.693 7.424 4.975
6443.175 8.777 4.831
6444.661 8.431 4.828
6446.143 8.105 4.828
6447.63 7.217 5.051
6449.113 7.159 5.311
6450.6 7.468 5.398
6452.084 7.346 5.664
6453.568 7.773 5.895
6455.056 7.311 5.723
6456.541 7.216 5.656
6458.03 7.619 5.905
6459.516 7.63 6.353
6461.006 6.843 6.021
6462.492 8.331 6.208
6463.979 8.908 8.593
6465.469 7.865 11.334
6466.957 7.269 12.898
6468.448 7.313 10.241
6469.936 8.926 9.757
6471.428 7.664 10.607
6472.917 7.26 10.521
6474.406 7.08 8.351
6475.899 7.381 6.144
6477.388 7.508 5.738
6478.882 7.215 6.343
6480.372 7.935 6.469
6481.867 8.284 5.778
6483.358 7.951 5.143
6484.849 8.756 4.942
6486.345 8.496 4.971
6487.837 7.771 4.828
6489.333 7.624 4.768
6490.826 8.597 4.879
6492.323 6.929 4.563
6493.816 7.376 4.838
6495.31 7.265 5.296
6496.808 8.33 6.198
6498.303 7.967 12.588
6499.801 5.261 18.62
6501.296 7.668 16.843
6502.796 8.325 9.983
6504.292 7.923 7.725
6505.788 7.244 8.944
6507.288 7.093 9.102
6508.785 8.68 7.397
6510.286 9.132 5.617
6511.784 7.678 5.112
6513.285 7.005 5.311
6514.784 7.644 5.637
6516.282 8.36 5.556
6517.785 7.857 5.168
6519.284 7.32 4.78
6520.788 7.306 5.014
6522.288 7.053 6.615
6523.792 7.784 7.593
6525.293 6.774 7.386
6526.794 8.082 5.712
6528.299 6.996 5.608
6529.801 8.076 5.201
6531.306 8.617 6.256
6532.809 7.844 11.426
6534.315 6.837 15.425
6535.819 7.2 13.203
6537.322 6.857 7.789
6538.83 6.306 5.222
6540.334 6.831 5.234
6541.842 7.508 5.795
6543.347 7.316 7.106
6544.856 6.895 8.601
6546.362 7.454 8.632
6547.867 7.982 6.987
6549.377 7.372 5.505
6550.884 7.476 5.511
6552.395 7.723 7.655
6553.902 9.976 13.588
6555.413 6.143 16.693
6556.921 8.587 12.215
6558.433 7.589 6.181
6559.942 6.534 5.17
6561.451 8.115 7.081
6562.964 7.694 13.42
6564.474 8.762 15.519
6565.988 7.295 11.584
6567.498 7.001 7.234
6569.013 7.856 7.126
6570.524 7.526 7.947
6572.036 7.429 7.175
6573.551 8.371 5.861
6575.063 7.472 5.772
6576.58 6.385 8.451
6578.092 6.698 12.081
6579.609 6.639 12.643
6581.123 6.762 9.152
6582.637 7.45 5.661
6584.155 7.581 5.455
6585.67 7.447 5.249
6587.188 7.835 4.994
6588.704 7.434 4.788
6590.223 9.262 4.949
6591.739 9.27 5.164
6593.255 8.071 5.013
6594.776 7.666 5.122
6596.293 7.467 5.894
6597.814 8.105 6.648
6599.332 7.356 6.405
6600.854 7.08 5.734
6602.372 8.08 5.714
6603.891 14.145 7.308
6605.414 24.497 8.687
6606.933 27.736 7.789
6608.457 17.527 5.714
6609.977 8.527 4.663
6611.502 6.937 4.648
6613.022 7.029 4.729
6614.544 7.097 4.545
6616.069 7.534 4.317
6617.591 7.452 4.568
6619.117 6.955 4.79
6620.64 7.632 4.671
6622.167 7.438 4.707
6623.69 7.938 4.718
6625.214 10.713 4.503
6626.742 10.885 4.824
6628.266 10.709 5.354
6629.794 8.597 5.411
6631.32 7.783 5.109
6632.849 6.877 5.122
6634.375 6.936 5.816
6635.901 7.706 6.013
6637.431 7.491 5.575
6638.958 6.777 5.176
6640.489 7.112 4.887
6642.017 7.75 4.779
6643.548 6.817 4.805
6645.077 6.972 4.74
6646.605 7.947 4.541
6648.138 7.47 4.583
6649.667 6.577 4.759
6651.201 6.85 4.816
6652.731 7.356 4.812
6654.265 7.613 4.753
6655.796 7.358 4.652
6657.327 6.909 4.512
6658.862 8.035 4.496
6660.394 6.959 4.694
6661.93 6.865 4.948
6663.462 7.239 4.988
6664.999 8.051 4.955
6666.532 7.07 4.906
6668.066 8.216 5.531
6669.604 7.504 5.487
6671.138 7.586 5.199
6672.676 7.383 4.813
6674.211 6.708 4.585
6675.75 7.383 4.79
6677.286 8.066 4.778
6678.826 7.395 4.756
6680.362 7.574 4.742
6681.899 7.934 4.605
6683.44 7.552 4.63
6684.977 7.6 4.73
6686.519 7.629 4.794
6688.057 7.474 4.885
6689.599 7.543 4.848
6691.138 7.27 4.676
6692.678 7.316 4.689
6694.221 7.538 4.741
6695.761 6.961 4.737
6697.305 7.764 4.718
6698.846 8.562 4.85
6700.39 6.785 5.324
6701.932 6.53 5.288
6703.474 7.744 5.072
6705.019 8.149 5.213
6706.562 7.515 5.577
6708.108 7.631 5.817
6709.652 8.385 6.147
6711.199 7.296 5.639
6712.743 7.129 5.167
6714.287 7.399 4.987
6715.835 7.728 5.109
6717.38 7.754 5.327
6718.929 7.179 5.031
6720.475 7.588 4.871
6722.025 7.786 4.714
6723.571 8.257 4.71
6725.118 8.301 4.688
6726.669 7.865 4.762
6728.216 7.722 4.834
6729.768 7.744 4.893
6731.316 7.651 4.896
6732.868 8.05 4.825
6734.417 7.852 4.767
6735.966 7.785 4.82
6737.519 7.362 4.893
6739.069 6.216 4.885
6740.623 7.187 4.869
6742.174 7.513 4.878
6743.729 7.895 5.122
6745.28 7.179 5.287
6746.832 7.047 5.22
6748.388 8.352 4.914
6749.94 7.653 4.616
6751.497 7.238 4.598
6753.05 7.227 4.607
6754.607 7.196 4.575
6756.161 7.393 4.75
6757.715 7.032 4.591
6759.274 10.969 4.507
6760.829 12.039 4.443
6762.388 11.623 4.569
6763.943 8.532 4.498
6765.503 7.067 4.618
6767.059 7.437 4.631
6768.616 6.678 4.492
6770.177 6.901 4.42
6771.734 7.993 4.47
6773.296 8.943 4.482
6774.854 10.639 4.484
6776.416 11.297 4.375
6777.975 8.766 4.305
6779.535 6.481 4.405
6781.098 7.153 4.499
6782.658 7.921 4.486
6784.222 6.914 4.544
6785.783 6.725 4.681
6787.348 7.573 4.712
6788.909 7.231 4.54
6790.471 7.518 4.562
6792.037 7.575 5.046
6793.599 6.402 4.808
6795.166 6.968 4.817
6796.729 6.289 4.969
6798.296 6.919 4.349
6799.86 7.654 4.266
6801.428 7.329 4.578
6802.993 7.89 4.421
6804.558 6.855 4.397
6806.127 8.394 4.314
6807.693 7.673 4.213
6809.263 7.556 4.384
6810.829 7.129 4.655
6812.4 7.467 4.763
6813.967 6.564 4.569
6815.534 6.603 4.587
6817.106 8.109 4.367
6818.674 7.587 4.497
6820.247 6.902 4.542
6821.816 7.528 4.508
6823.389 7.423 4.273
6824.958 7.572 4.407
6826.528 7.709 6.327
6828.103 8.793 12.037
6829.673 8.283 18.973
6831.248 7.072 20.76
6832.82 7.159 18.364
6834.396 8.124 18.613
6835.968 7.894 19.629
6837.54 6.946 15.11
6839.117 7.058 7.95
6840.69 7.692 6.061
6842.268 8.017 7.784
6843.842 7.93 7.974
6845.42 7.805 6.684
6846.995 7.0 4.859
6848.57 7.155 4.53
6850.149 6.867 4.675
6851.725 7.495 4.83
6853.305 7.083 4.829
6854.882 7.558 4.343
6856.462 7.934 4.381
6858.04 7.361 4.404
6859.617 6.331 4.516
6861.199 7.78 5.131
6862.778 7.68 13.173
6864.36 8.152 30.352
6865.939 8.012 35.999
6867.523 6.848 22.124
6869.102 7.672 8.218
6870.683 7.088 8.062
6872.267 6.856 9.441
6873.848 6.933 8.012
6875.433 6.532 5.354
6877.015 6.662 4.538
6878.601 7.34 4.427
6880.183 7.172 5.787
6881.766 7.673 7.399
6883.353 7.648 7.687
6884.936 7.385 6.194
6886.524 6.997 5.203
6888.108 7.845 6.478
6889.697 7.654 9.51
6891.281 6.407 10.563
6892.867 6.721 8.195
6894.456 7.349 5.599
6896.042 7.797 4.879
6897.633 7.76 4.638
6899.219 7.783 5.539
6900.81 7.518 8.964
6902.398 6.978 11.726
6903.986 7.507 9.963
6905.578 7.401 6.021
6907.166 7.226 4.148
6908.759 7.468 4.486
6910.349 7.826 5.131
6911.942 7.147 8.361
6913.532 7.291 13.013
6915.123 7.377 12.767
6916.717 6.498 7.802
6918.308 7.131 4.41
6919.904 6.915 4.489
6921.496 7.328 6.273
6923.092 7.52 15.033
6924.684 6.749 22.904
6926.281 8.451 18.16
6927.875 6.865 7.468
6929.468 7.884 4.751
6931.066 6.695 4.559
6932.661 6.846 4.452
6934.259 7.27 4.133
6935.855 7.22 4.16
6937.454 7.781 4.549
6939.05 6.601 7.865
6940.646 8.053 11.211
6942.247 6.584 10.977
6943.844 6.675 6.601
6945.445 7.432 4.371
6947.043 7.227 5.436
6948.645 7.369 13.812
6950.243 7.594 21.072
6951.842 8.427 18.962
6953.445 7.275 9.935
6955.045 7.369 5.452
6956.649 7.237 5.084
6958.249 5.893 5.291
6959.854 7.247 5.115
6961.455 7.03 4.934
6963.056 6.367 4.834
6964.662 7.142 4.816
6966.264 7.959 5.124
6967.871 7.06 5.656
6969.473 6.491 7.315
6971.081 6.49 9.101
6972.684 7.643 8.405
6974.288 8.849 6.081
6975.897 7.258 5.308
6977.501 6.534 8.392
6979.11 7.363 13.566
6980.716 7.609 14.72
6982.326 7.849 10.111
6983.932 6.795 5.6
6985.539 6.374 5.015
6987.149 7.612 4.965
6988.757 8.334 4.953
6990.368 7.061 4.696
6991.977 7.345 4.708
6993.589 7.388 4.588
6995.198 6.61 4.552
6996.807 7.094 4.493
6998.42 6.826 4.689
7000.03 7.243 4.895
7001.645 6.43 4.778
7003.255 6.953 5.555
7004.87 6.886 6.728
7006.482 8.058 6.572
7008.094 6.474 5.062
7009.71 7.531 4.666
7011.322 6.528 6.83
7012.939 7.224 8.647
7014.552 7.859 7.671
7016.17 7.142 4.653
7017.784 6.369 3.876
7019.398 6.041 4.097
7021.017 7.434 3.947
7022.632 7.823 4.147
7024.252 6.65 4.115
7025.867 7.15 3.964
7027.488 6.773 3.91
7029.104 6.959 4.08
7030.721 7.183 4.49
7032.343 6.943 4.975
7033.96 7.262 4.899
7035.582 7.877 4.713
7037.201 6.772 4.215
7038.824 6.805 4.045
7040.443 7.286 4.543
7042.066 7.436 5.349
7043.686 7.436 5.5
7045.307 7.296 5.078
7046.931 7.524 5.927
7048.553 7.134 7.896
7050.178 6.615 8.508
7051.8 8.24 7.69
7053.426 7.719 6.503
7055.049 7.393 5.695
7056.672 6.202 5.06
7058.299 7.078 4.614
7059.923 7.628 4.231
7061.551 7.083 4.617
7063.175 7.235 5.124
7064.804 7.653 5.39
7066.429 6.848 5.694
7068.055 6.742 5.593
7069.685 6.648 5.623
7071.311 6.806 5.619
7072.942 7.187 5.537
7074.569 6.597 5.5
7076.2 6.547 5.358
7077.828 7.539 5.182
7079.456 7.732 4.99
7081.089 7.209 5.262
7082.718 6.705 5.599
7084.351 6.818 5.611
7085.981 6.983 5.285
7087.615 6.712 5.204
7089.245 6.26 5.864
7090.876 6.461 6.233
7092.511 6.914 5.586
7094.143 6.99 4.776
7095.779 7.729 4.422
7097.411 7.462 4.291
7099.048 7.095 4.155
7100.681 6.736 4.06
7102.314 7.449 4.019
7103.952 7.003 4.193
7105.587 6.633 4.097
7107.225 7.624 4.187
7108.86 7.342 4.186
7110.499 6.51 4.167
7112.135 6.862 4.142
7113.771 6.757 4.213
7115.412 6.937 4.217
7117.049 6.827 3.98
7118.69 7.166 3.999
7120.327 7.029 4.041
7121.969 6.849 4.023
7123.608 6.689 4.113
7125.246 7.235 4.138
7126.89 7.37 4.497
7128.529 7.793 5.047
7130.173 7.023 5.067
7131.813 6.67 4.806
7133.458 6.524 4.863
7135.099 7.535 4.927
7136.74 5.913 4.597
7138.386 7.457 4.163
7140.028 6.502 4.18
7141.675 5.995 4.757
7143.318 6.712 5.518
7144.965 6.159 6.371
7146.608 6.601 6.772
7148.253 6.938 6.555
7149.901 6.566 5.836
7151.546 6.943 5.231
7153.195 6.055 4.711
7154.84 6.218 4.487
7156.49 6.674 4.55
7158.137 7.238 4.775
7159.783 6.39 5.07
7161.434 7.054 4.971
7163.082 7.157 5.13
7164.734 7.984 5.001
7166.382 7.301 5.299
7168.034 5.928 5.078
7169.683 6.185 4.757
7171.337 6.324 4.899
7172.987 7.353 4.581
7174.637 6.175 4.543
7176.291 6.206 5.011
7177.942 6.864 5.161
7179.597 6.886 4.874
7181.249 7.154 4.836
7182.905 6.308 4.828
7184.557 7.577 4.441
7186.21 7.226 4.3
7187.867 6.569 3.71
7189.521 6.537 3.943
7191.179 5.367 4.015
7192.833 6.953 3.858
7194.492 5.942 3.791
7196.147 5.605 3.799
7197.802 6.672 3.723
7199.462 7.002 3.874
7201.118 7.143 4.146
7202.779 7.053 4.198
7204.436 6.893 3.838
7206.097 6.686 3.598
7207.755 6.154 3.861
7209.413 6.593 3.912
7211.075 7.082 3.936
7212.734 5.838 3.773
7214.398 6.166 3.777
7216.057 6.693 3.764
7217.721 7.155 3.747
7219.382 6.921 3.723
7221.043 6.727 4.149
7222.708 7.234 4.71
7224.369 7.809 4.902
7226.035 6.473 4.993
7227.697 7.542 4.646
7229.364 7.507 4.704
7231.027 6.356 4.771
7232.691 6.882 4.759
7234.359 7.161 5.254
7236.023 5.858 5.415
7237.691 6.57 8.204
7239.357 7.977 22.881
7241.026 7.317 42.612
7242.692 6.698 45.431
7244.358 6.481 39.92
7246.028 7.568 45.904
7247.695 5.061 42.3
7249.367 6.363 20.098
7251.034 6.868 8.158
7252.706 6.592 8.877
7254.375 7.191 12.763
7256.044 6.962 12.705
7257.717 6.195 8.702
7259.387 8.323 5.963
7261.061 5.573 4.813
7262.731 7.062 4.902
7264.406 7.333 5.08
7266.077 6.124 5.164
7267.748 6.55 5.859
7269.424 6.094 6.329
7271.097 5.993 6.914
7272.773 5.585 6.503
7274.447 7.405 10.876
7276.124 8.498 43.751
7277.798 7.064 74.58
7279.472 4.605 56.528
7281.151 6.952 15.645
7282.826 6.936 8.828
7284.505 8.006 21.113
7286.181 7.853 29.558
7287.861 6.53 21.962
7289.538 8.235 7.671
7291.215 5.886 5.778
7292.896 7.632 5.577
7294.574 6.216 6.389
7296.256 6.959 9.852
7297.934 6.879 11.615
7299.617 7.617 8.15
7301.296 7.615 4.983
7302.98 5.724 9.047
7304.66 7.01 16.976
7306.341 6.639 16.786
7308.025 5.797 9.595
7309.707 6.374 4.99
7311.392 6.801 5.596
7313.074 6.94 6.33
7314.761 6.629 11.824
7316.443 6.756 38.613
7318.126 4.906 56.303
7319.814 6.83 39.074
7321.498 6.656 8.57
7323.186 6.241 4.19
7324.871 8.087 4.102
7326.56 7.649 4.803
7328.245 7.582 9.887
7329.931 7.938 21.398
7331.622 6.633 23.194
7333.308 6.928 12.974
7334.999 5.978 5.146
7336.687 6.286 4.615
7338.379 6.299 6.389
7340.067 6.667 21.587
7341.755 6.181 54.123
7343.448 5.819 58.797
7345.138 6.495 26.831
7346.831 6.116 6.819
7348.522 5.635 5.442
7350.216 5.78 5.344
7351.907 7.374 5.616
7353.598 6.948 5.79
7355.294 6.919 5.489
7356.986 6.403 6.425
7358.683 8.221 13.027
7360.375 8.157 20.539
7362.073 6.529 16.207
7363.766 7.509 7.537
7365.46 6.689 5.47
7367.159 5.918 7.981
7368.854 7.825 22.408
7370.553 7.452 42.637
7372.248 5.011 37.677
7373.948 6.456 16.222
7375.645 7.668 6.041
7377.342 6.421 5.499
7379.043 6.48 4.996
7380.74 6.77 4.612
7382.442 6.468 4.392
7384.141 6.427 4.535
7385.843 6.035 4.558
7387.543 6.665 4.442
7389.242 7.251 4.84
7390.946 6.612 7.745
7392.646 6.231 12.979
7394.351 7.137 15.117
7396.052 6.941 10.341
7397.758 6.204 5.45
7399.459 6.955 5.2
7401.162 6.964 13.905
7402.868 5.184 26.251
7404.571 6.411 25.932
7406.279 6.744 12.565
7407.983 6.664 5.135
7409.691 6.168 4.146
7411.395 7.073 4.171
7413.1 6.617 4.912
7414.81 6.443 4.99
7416.516 6.449 4.783
7418.226 7.274 4.68
7419.932 7.146 4.242
7421.643 5.955 4.176
7423.351 7.052 4.131
7425.059 6.068 4.335
7426.771 6.556 3.818
7428.479 7.205 5.093
7430.192 7.413 8.996
7431.902 6.607 10.304
7433.615 7.294 7.149
7435.325 6.191 4.456
7437.04 5.711 5.865
7438.751 6.107 13.542
7440.462 6.888 17.476
7442.178 5.213 11.123
7443.89 6.221 4.981
7445.607 6.649 3.989
7447.319 7.296 4.016
7449.037 6.457 3.948
7450.75 6.656 3.938
7452.464 7.345 3.987
7454.183 7.417 4.101
7455.898 7.372 3.837
7457.617 6.1 3.979
7459.333 6.632 4.402
7461.053 6.97 4.854
7462.769 6.044 5.89
7464.486 6.762 6.608
7466.207 7.603 7.612
7467.925 6.764 9.038
7469.647 6.847 8.286
7471.365 6.718 9.256
7473.088 6.22 12.931
7474.807 6.119 15.543
7476.527 7.801 12.456
7478.251 6.227 8.861
7479.971 8.309 10.755
7481.696 6.194 14.657
7483.417 7.294 15.949
7485.143 7.801 16.473
7486.865 6.282 12.651
7488.587 6.539 6.592
7490.314 8.095 4.67
7492.037 7.873 4.883
7493.765 6.862 6.636
7495.489 6.376 7.857
7497.217 6.661 6.523
7498.942 7.149 4.719
7500.667 6.38 4.48
7502.397 6.327 4.636
7504.123 6.512 4.26
7505.853 6.908 4.162
7507.58 6.903 4.023
7509.311 5.805 4.057
7511.039 5.158 4.098
7512.767 6.536 3.933
7514.499 6.988 3.93
7516.228 6.036 4.715
7517.961 6.996 6.268
7519.69 6.76 6.918
7521.424 7.95 6.346
7523.155 7.196 17.921
7524.885 7.309 39.033
7526.621 7.321 38.546
7528.352 6.044 17.088
7530.088 6.03 9.664
7531.82 5.925 14.144
7533.557 6.768 13.137
7535.29 6.583 6.618
7537.024 6.635 4.204
7538.762 6.556 4.789
7540.496 7.112 6.125
7542.235 5.643 7.044
7543.97 5.93 5.813
7545.71 6.355 4.5
7547.446 6.481 4.152
7549.182 5.653 4.44
7550.923 6.238 4.241
7552.66 6.297 4.347
7554.401 7.036 4.734
7556.139 7.382 5.497
7557.882 6.598 9.319
7559.62 6.294 11.144
7561.359 6.467 8.173
7563.103 6.18 5.114
7564.843 7.301 4.39
7566.587 6.469 4.682
7568.328 6.074 6.012
7570.073 5.139 9.365
7571.815 6.75 21.144
7573.561 6.563 30.52
7575.303 6.134 23.068
7577.046 7.306 9.359
7578.793 5.795 4.861
7580.537 5.868 4.246
7582.285 6.939 3.984
7584.029 7.095 4.484
7585.778 7.249 8.271
7587.523 7.163 12.587
7589.268 7.017 10.856
7591.018 7.142 5.976
7592.765 6.504 4.07
7594.516 6.688 4.049
7596.263 7.431 4.327
7598.014 4.933 14.1
7599.762 7.042 28.686
7601.511 6.417 26.498
7603.264 4.222 12.271
7605.013 7.156 6.387
7606.766 7.558 7.023
7608.516 7.92 6.087
7610.271 4.663 7.06
7612.021 6.78 6.484
7613.773 4.865 6.498
7615.528 6.364 5.688
7617.28 6.067 7.321
7619.037 6.367 11.203
7620.79 7.288 11.307
7622.547 7.755 8.739
7624.3 7.9 7.793
7626.054 5.919 7.389
7627.813 6.57 11.535
7629.568 5.704 21.387
7631.327 6.977 21.216
7633.083 6.838 11.735
7634.843 5.518 5.578
7636.599 5.556 4.749
7638.356 5.286 4.631
7640.117 5.969 4.702
7641.875 7.295 4.72
7643.637 6.202 4.748
7645.396 5.65 4.836
7647.159 5.77 4.545
7648.918 6.107 4.569
7650.677 5.013 4.597
7652.442 5.978 5.149
7654.202 4.853 7.215
7655.967 6.173 7.949
7657.728 7.262 4.913
7659.494 6.054 3.792
7661.256 5.635 5.481
7663.019 6.642 10.992
7664.786 5.421 12.064
7666.549 5.961 7.697
7668.317 5.808 4.314
7670.081 5.451 3.857
7671.85 5.995 3.824
7673.615 6.932 3.877
7675.38 6.239 3.912
7677.15 5.443 3.784
7678.916 6.929 3.57
7680.687 7.378 3.934
7682.454 6.082 4.723
7684.225 6.302 5.249
7685.993 7.143 5.464
7687.761 6.709 5.98
7689.534 6.671 6.27
7691.303 6.712 6.196
7693.077 6.894 6.452
7694.846 5.904 6.315
7696.621 7.095 5.151
7698.391 6.508 6.155
7700.162 6.659 9.071
7701.938 6.331 9.313
7703.71 6.07 6.485
7705.486 6.421 4.661
7707.259 7.13 3.91
7709.036 6.637 3.901
7710.81 5.432 7.795
7712.588 6.32 33.118
7714.362 5.642 56.032
7716.137 6.131 59.828
7717.916 6.49 63.419
7719.691 7.338 55.997
7721.472 5.361 23.447
7723.248 7.097 8.706
7725.029 6.642 12.768
7726.806 7.088 18.984
7728.584 7.172 16.313
7730.366 5.745 9.504
7732.144 5.449 5.622
7733.927 6.388 5.58
7735.706 7.03 6.697
7737.49 7.069 7.43
7739.27 6.784 6.279
7741.051 5.159 5.432
7742.836 5.533 5.367
7744.617 5.03 5.155
7746.403 6.012 4.994
7748.185 7.354 7.435
7749.972 6.346 39.302
7751.754 8.171 87.58
7753.538 5.115 77.703
7755.326 5.832 23.822
7757.11 5.908 6.755
7758.899 7.488 11.786
7760.683 7.164 29.258
7762.473 7.266 31.278
7764.259 5.588 15.481
7766.045 6.182 4.611
7767.836 5.457 4.493
7769.623 5.98 4.589
7771.414 6.094 6.128
7773.202 6.192 10.974
7774.995 5.928 15.608
7776.783 6.093 12.933
7778.572 7.08 7.972
7780.366 6.684 13.889
7782.156 6.538 21.135
7783.951 5.814 16.194
7785.741 6.399 7.752
7787.537 6.853 6.122
7789.328 4.896 6.52
7791.12 6.559 8.065
7792.917 6.193 19.228
7794.709 6.4 56.637
7796.507 5.567 66.602
7798.3 6.155 29.586
7800.099 6.319 6.676
7801.893 5.945 4.762
7803.688 5.782 4.418
7805.487 5.453 5.156
7807.283 6.412 9.202
7809.083 5.614 23.825
7810.88 6.497 28.191
7812.681 6.494 16.227
7814.478 6.561 7.129
7816.276 6.666 6.688
7818.078 7.029 6.928
7819.877 5.479 15.697
7821.68 6.545 53.301
7823.48 4.894 78.469
7825.284 5.349 47.18
7827.084 5.971 11.86
7828.884 4.947 6.11
7830.69 6.03 6.162
7832.491 5.472 5.295
7834.297 6.217 5.1
7836.1 5.924 5.169
7837.907 5.816 4.911
7839.71 6.558 6.597
7841.513 6.214 19.462
7843.321 5.851 25.595
7845.126 6.8 16.009
7846.935 5.843 5.328
7848.74 5.968 6.328
7850.55 6.169 11.493
7852.356 6.586 29.638
7854.167 5.164 67.976
7855.974 7.326 69.69
7857.781 7.112 34.648
7859.593 5.829 20.414
7861.401 6.78 32.031
7863.214 7.659 30.58
7865.023 6.663 14.415
7866.836 7.085 8.563
7868.646 5.166 15.469
7870.456 6.203 31.317
7872.271 5.997 42.05
7874.082 7.772 30.043
7875.898 7.134 8.715
7877.71 5.49 7.513
7879.526 6.914 18.693
7881.339 6.213 25.255
7883.152 7.046 24.13
7884.97 7.684 15.965
7886.784 5.231 9.502
7888.603 5.819 14.376
7890.417 7.877 31.977
7892.237 5.579 40.059
7894.052 6.529 23.439
7895.868 6.169 8.826
7897.689 6.272 6.659
7899.506 5.455 6.152
7901.328 4.927 5.4
7903.145 5.48 5.047
7904.968 5.439 5.585
7906.786 5.563 5.769
7908.605 7.04 5.756
7910.429 5.494 6.912
7912.249 7.003 22.874
7914.073 7.406 82.412
7915.894 5.913 104.82
7917.719 5.899 56.645
7919.541 6.985 17.374
7921.363 7.366 33.929
7923.189 6.625 44.636
7925.012 6.375 26.336
7926.84 5.986 8.579
7928.663 5.051 6.548
7930.491 6.352 13.465
7932.316 6.414 26.793
7934.141 6.013 26.706
7935.97 5.835 12.418
7937.796 5.926 5.443
7939.626 6.269 4.697
7941.453 6.894 4.941
7943.284 5.803 4.936
7945.111 7.077 6.035
7946.939 6.067 7.543
7948.772 6.281 14.203
7950.6 6.177 24.071
7952.434 6.107 19.93
7954.263 5.01 8.92
7956.097 5.225 4.585
7957.928 4.957 4.14
7959.758 6.062 3.85
7961.594 6.125 4.16
7963.425 6.729 18.307
7965.262 6.265 62.663
7967.094 6.76 77.14
7968.931 8.759 34.726
7970.765 7.187 10.633
7972.598 5.485 6.44
7974.437 6.056 4.97
7976.271 5.671 6.415
7978.111 6.917 13.628
7979.946 6.226 29.128
7981.786 6.698 34.138
7983.622 6.774 18.839
7985.459 5.762 6.196
7987.3 5.481 5.047
7989.138 5.773 5.595
7990.98 5.657 9.216
7992.818 5.377 39.027
7994.662 6.886 81.815
7996.501 5.38 70.402
7998.345 6.158 22.436
8000.185 5.616 7.421
8002.025 5.452 6.67
8003.87 5.107 6.182
8005.712 6.11 5.642
8007.558 5.282 4.842
8009.4 5.457 4.32
8011.247 5.982 4.947
8013.09 5.323 9.636
8014.933 7.954 20.312
8016.781 6.578 21.887
8018.626 7.044 11.72
8020.475 6.243 7.766
8022.32 5.974 7.942
8024.17 5.664 12.031
8026.016 6.877 39.832
8027.862 6.078 57.346
8029.713 7.623 34.975
8031.561 5.855 12.379
8033.413 6.169 7.948
8035.261 6.841 6.234
8037.114 6.785 5.113
8038.963 6.506 4.624
8040.812 6.865 4.408
8042.666 6.613 4.734
8044.516 5.23 4.289
8046.371 5.687 4.135
8048.222 6.033 4.265
8050.078 6.384 5.656
8051.93 5.999 11.42
8053.783 6.163 15.522
8055.64 5.4 11.349
8057.493 6.222 5.238
8059.351 5.843 4.863
8061.205 4.992 10.275
8063.064 6.443 26.003
8064.919 6.025 26.572
8066.774 5.356 12.114
8068.634 6.239 4.598
8070.49 5.464 4.29
8072.352 6.247 4.21
8074.209 5.433 4.471
8076.07 6.088 4.842
8077.928 5.594 5.309
8079.787 5.2 5.355
8081.65 5.206 4.661
8083.509 5.946 4.538
8085.373 5.768 5.718
8087.233 5.146 6.154
8089.098 6.346 5.108
8090.959 6.075 4.011
8092.82 6.671 5.179
8094.686 5.766 8.515
8096.549 6.26 8.659
8098.416 6.427 5.463
8100.279 4.851 4.95
8102.147 5.754 8.72
8104.01 6.194 13.785
8105.875 5.385 11.791
8107.744 6.244 6.615
8109.609 5.223 4.968
8111.479 6.882 4.504
8113.345 5.07 4.38
8115.216 5.356 4.076
8117.083 7.447 3.901
8118.95 6.536 3.965
8120.823 6.567 3.775
8122.691 5.743 4.083
8124.564 5.352 4.214
8126.433 5.98 4.246
8128.307 6.535 4.268
8130.177 6.017 4.506
8132.051 6.477 4.652
8133.922 4.334 4.64
8135.793 5.593 4.601
8137.67 4.792 5.012
8139.542 5.363 6.704
8141.419 6.552 7.471
8143.291 7.596 5.314
8145.169 5.097 4.158
8147.043 5.759 6.156
8148.917 4.35 7.402
8150.796 6.008 5.889
8152.672 6.297 4.266
8154.551 5.836 3.918
8156.427 5.513 3.644
8158.308 5.735 3.662
8160.185 5.457 3.852
8162.062 6.782 3.914
8163.944 6.204 3.746
8165.823 5.848 3.639
8167.706 4.864 3.891
8169.585 6.18 3.919
8171.468 5.81 3.996
8173.348 5.462 4.668
8175.229 5.933 4.981
8177.114 7.302 5.109
8178.995 4.99 5.544
8180.881 6.056 6.086
8182.763 4.885 8.459
8184.65 5.081 10.921
8186.533 6.822 10.71
8188.416 5.602 9.81
8190.304 4.883 9.791
8192.188 5.944 9.292
8194.078 4.323 9.939
8195.963 6.395 14.471
8197.853 4.895 14.743
8199.738 5.453 10.349
8201.625 4.287 7.583
8203.516 5.368 7.455
8205.403 5.458 7.269
8207.295 6.506 7.375
8209.184 5.221 7.002
8211.077 5.009 6.074
8212.965 5.362 5.293
8214.855 6.441 5.052
8216.749 5.48 5.02
8218.639 5.721 4.647
8220.535 4.763 4.273
8222.426 6.274 4.179
8224.322 5.602 4.324
8226.214 5.415 4.232
8228.106 5.74 3.949
8230.004 4.119 3.705
8231.897 5.662 3.233
8233.795 5.548 3.329
8235.689 5.968 3.622
8237.589 5.812 3.417
8239.484 4.532 3.587
8241.379 4.985 4.195
8243.279 4.833 4.735
8245.176 5.6 4.815
8247.077 6.75 4.796
8248.974 5.919 5.238
8250.877 5.861 4.889
8252.775 5.217 4.234
8254.673 5.985 4.153
8256.577 6.221 4.204
8258.476 5.434 4.052
8260.381 4.284 3.624
8262.281 7.39 3.348
8264.186 4.815 3.499
8266.087 5.941 3.505
8267.989 5.272 3.341
8269.895 5.074 3.604
8271.798 5.09 3.56
8273.705 5.917 3.839
8275.609 4.677 3.843
8277.517 5.525 7.98
8279.421 5.917 18.803
8281.331 6.807 32.825
8283.236 5.553 41.76
8285.141 5.985 28.922
8287.052 5.943 23.655
8288.958 6.99 48.293
8290.87 4.147 61.233
8292.777 5.849 32.211
8294.689 6.273 10.705
8296.597 7.297 20.384
8298.506 6.606 49.502
8300.42 6.827 76.943
8302.329 5.178 57.961
8304.244 4.264 17.268
8306.154 6.679 6.94
8308.069 5.749 5.304
8309.981 3.995 10.627
8311.892 5.488 22.089
8313.809 5.849 20.409
8315.722 5.955 8.149
8317.639 7.278 4.745
8319.553 5.246 5.756
8321.471 6.875 5.493
8323.385 6.075 4.397
8325.3 6.382 3.597
8327.22 4.755 3.478
8329.136 6.265 3.518
8331.056 6.577 3.291
8332.973 4.844 3.152
8334.894 6.789 3.501
8336.812 5.082 3.886
8338.73 4.295 5.155
8340.653 6.037 6.236
8342.571 5.975 18.691
8344.495 5.342 90.013
8346.415 9.744 162.298
8348.34 7.212 117.993
8350.26 8.903 22.566
8352.181 5.471 27.086
8354.107 6.232 54.407
8356.029 8.631 46.704
8357.956 7.163 16.218
8359.878 6.214 5.225
8361.806 5.887 6.967
8363.73 5.172 12.172
8365.654 5.27 22.214
8367.583 6.817 21.654
8369.508 6.766 10.389
8371.438 5.6 4.273
8373.364 5.065 3.914
8375.295 4.904 3.977
8377.221 4.762 4.2
8379.149 5.995 5.096
8381.081 3.723 13.202
8383.009 7.024 34.526
8384.942 6.769 37.631
8386.871 5.486 16.657
8388.805 6.129 5.062
8390.735 6.805 4.432
8392.665 6.313 4.983
8394.6 6.91 4.715
8396.532 5.646 6.923
8398.468 6.283 44.988
8400.4 10.178 121.64
8402.337 5.493 112.445
8404.27 7.759 26.928
8406.203 6.048 4.87
8408.142 5.718 3.832
8410.076 6.632 3.964
8412.015 6.305 4.277
8413.95 5.627 11.395
8415.891 8.906 35.639
8417.827 7.337 44.385
8419.763 5.821 19.767
8421.705 5.938 5.224
8423.642 5.987 4.731
8425.585 5.978 5.72
8427.523 7.591 9.856
8429.466 5.865 48.657
8431.406 2.816 132.448
8433.35 8.839 117.975
8435.29 9.227 35.594
8437.23 6.587 8.065
8439.176 5.556 4.454
8441.118 5.212 3.734
8443.064 5.1 3.905
8445.006 5.385 3.919
8446.954 5.931 4.68
8448.897 6.109 5.524
8450.841 5.775 10.313
8452.789 6.056 31.216
8454.734 5.367 37.016
8456.684 6.177 18.2
8458.629 5.453 5.322
8460.58 5.603 4.096
8462.526 5.746 6.132
8464.473 4.489 29.567
8466.425 3.812 91.395
8468.372 4.484 87.221
8470.325 8.43 28.758
8472.274 5.857 5.627
8474.227 5.307 5.109
8476.177 4.858 6.529
8478.127 5.921 5.792
8480.082 5.98 4.076
8482.033 5.906 3.581
8483.989 5.53 3.517
8485.94 5.348 3.559
8487.897 4.968 3.671
8489.85 6.001 3.775
8491.803 4.399 6.509
8493.761 7.952 19.081
8495.715 6.241 27.221
8497.674 5.415 15.752
8499.629 5.201 6.07
8501.589 5.718 5.677
8503.545 6.356 13.67
8505.501 4.026 38.614
8507.462 5.104 46.644
8509.419 6.886 21.03
8511.382 6.048 5.293
8513.34 4.129 3.542
8515.303 6.322 3.482
8517.262 5.568 3.603
8519.221 6.437 3.387
8521.186 5.265 4.334
8523.146 5.807 4.523
8525.111 4.622 3.967
8527.073 5.02 3.69
8529.039 4.486 3.592
8531.001 5.249 3.483
8532.964 5.251 3.419
8534.931 5.968 3.219
8536.895 4.713 3.882
8538.863 4.064 8.704
8540.828 5.22 12.818
8542.797 6.676 8.594
8544.762 5.52 4.729
8546.728 5.251 5.346
8548.699 7.807 14.489
8550.666 4.276 24.472
8552.637 5.0 15.772
8554.605 4.97 5.689
8556.578 5.986 3.576
8558.546 5.15 3.243
8560.515 4.817 3.409
8562.489 4.381 3.121
8564.459 5.473 3.142
8566.434 5.624 3.188
8568.404 5.053 3.126
8570.38 6.148 3.597
8572.352 5.212 4.114
8574.324 4.897 4.152
8576.301 4.491 4.286
8578.274 5.116 4.604
8580.252 5.532 4.109
8582.226 5.589 3.358
8584.205 5.506 2.955
8586.18 6.08 3.583
8588.16 4.997 6.351
8590.136 5.253 8.64
8592.112 5.967 6.681
8594.093 5.644 4.178
8596.07 4.714 5.631
8598.052 3.356 9.866
8600.03 3.391 10.597
8602.013 3.576 5.762
8603.992 4.513 3.777
8605.972 4.482 3.732
8607.956 4.922 3.558
8609.936 4.343 4.088
8611.922 4.836 5.157
8613.903 5.791 6.766
8615.889 5.035 9.465
8617.871 5.216 12.919
8619.854 5.838 16.937
8621.842 4.952 21.236
8623.825 3.891 25.018
8625.814 3.11 29.448
8627.798 3.677 34.349
8629.788 4.702 36.605
8631.773 5.367 36.753
8633.759 4.182 36.858
8635.75 4.518 34.503
8637.736 7.447 30.197
8639.728 4.115 25.187
8641.716 6.3 20.33
8643.708 5.946 14.72
8645.697 5.013 9.509
8647.686 4.757 11.793
8649.68 3.821 19.858
8651.67 3.579 30.326
8653.665 2.566 31.951
8655.656 4.51 36.149
8657.652 4.686 37.687
8659.643 5.407 35.73
8661.635 4.802 38.909
8663.633 7.539 33.248
8665.626 3.064 36.601
8667.624 3.279 36.142
8669.618 5.975 26.824
8671.617 6.574 28.771
8673.612 3.937 23.521
8675.607 4.479 20.038
8677.608 4.866 19.697
8679.604 5.248 14.518
8681.606 5.37 13.335
8683.603 5.899 13.875
8685.605 6.514 9.526
8687.604 6.214 8.747
8689.602 4.276 9.042
8691.606 5.783 6.52
8693.605 4.301 6.352
8695.61 4.102 6.262
8697.611 5.394 4.719
8699.616 6.649 5.39
8701.618 4.262 7.267
8703.619 5.739 6.148
8705.626 6.537 4.726
8707.629 5.786 6.373
8709.637 5.737 7.245
8711.641 4.091 5.524
8713.65 4.991 4.146
8715.654 4.972 3.589
8717.659 2.626 3.428
8719.669 4.698 3.464
8721.675 2.188 3.296
8723.687 6.13 3.135
8725.693 4.156 3.282
8727.706 6.172 4.02
8729.713 3.759 4.154
8731.722 5.55 3.37
8733.735 4.383 2.902
8735.744 3.736 3.165
8737.759 4.869 3.626
8739.769 5.866 4.001
8741.784 5.534 4.598
8743.795 5.002 4.677
8745.812 6.95 3.707
8747.824 4.634 3.361
8749.836 4.242 3.846
8751.854 6.728 3.846
8753.867 6.023 3.571
8755.886 3.934 3.579
8757.9 3.882 8.676
8759.919 5.42 30.835
8761.935 2.78 67.56
8763.95 6.054 65.566
8765.971 7.018 47.156
8767.988 10.334 76.735
8770.01 -1.35 102.567
8772.027 8.065 53.581
8774.05 6.849 11.979
8776.069 6.653 28.305
8778.088 6.313 83.289
8780.112 5.853 120.348
8782.132 6.439 69.288
8784.157 6.642 13.855
8786.177 6.187 4.727
8788.204 5.693 4.696
8790.225 5.261 13.885
8792.247 5.303 35.099
8794.275 4.468 33.447
8796.298 4.041 12.276
8798.326 5.507 4.561
8800.35 4.635 3.783
8802.38 5.675 3.29
8804.405 4.204 3.356
8806.43 4.816 3.003
8808.461 5.05 3.632
8810.487 5.552 6.209
8812.519 5.528 7.368
8814.546 4.859 5.161
8816.579 6.458 3.021
8818.607 4.586 3.041
8820.636 4.824 2.968
8822.67 2.898 4.722
8824.7 7.624 19.979
8826.735 0.078 127.205
8828.765 1.849 256.004
8830.801 15.795 177.452
8832.833 7.76 39.098
8834.865 7.886 31.529
8836.902 7.22 77.05
8838.935 7.37 92.979
8840.973 8.249 41.03
8843.007 7.498 7.655
8845.046 5.891 5.003
8847.081 6.178 6.947
8849.116 4.959 14.394
8851.157 5.58 29.112
8853.193 4.413 25.152
8855.234 6.606 9.533
8857.272 5.231 4.465
8859.314 5.09 4.606
8861.352 5.167 4.962
8863.391 5.543 7.274
8865.434 3.466 11.215
8867.474 5.518 34.99
8869.519 1.381 63.24
8871.559 8.247 37.77
8873.605 5.342 7.818
8875.646 5.135 3.743
8877.688 5.313 3.407
8879.735 3.516 3.349
8881.778 5.492 3.962
8883.826 6.088 15.067
8885.87 7.971 108.557
8887.919 11.737 192.42
8889.964 9.773 108.028
8892.009 8.338 18.613
8894.059 5.016 6.31
8896.105 4.787 5.342
8898.157 4.807 6.042
8900.204 6.341 6.455
8902.256 2.367 22.205
8904.304 5.435 64.033
8906.357 4.664 62.127
8908.406 8.445 20.827
8910.456 6.582 7.874
8912.51 6.554 6.082
8914.561 5.112 4.974
8916.616 4.65 8.002
8918.668 8.929 54.13
8920.724 6.562 177.345
8922.776 6.061 177.047
8924.829 7.24 51.276
8926.887 6.626 8.988
8928.941 5.329 8.528
8931.0 5.422 8.17
8933.054 4.261 6.02
8935.114 2.001 5.373
8937.17 5.818 5.606
8939.226 6.074 5.257
8941.287 4.813 7.739
8943.344 4.935 31.682
8945.406 3.335 57.365
8947.464 5.804 36.536
8949.528 5.249 8.875
8951.586 3.724 4.208
8953.646 5.946 4.096
8955.71 8.553 10.428
8957.771 6.733 68.08
8959.836 5.749 124.619
8961.897 3.249 87.412
8963.964 8.24 21.886
8966.026 4.557 5.797
8968.089 4.676 4.479
8970.157 3.874 4.928
8972.22 3.954 6.475
8974.289 4.785 6.072
8976.354 6.527 4.767
8978.424 6.283 4.71
8980.489 3.695 5.82
8982.555 2.913 7.484
8984.627 4.609 7.335
8986.693 7.527 10.213
8988.766 9.275 33.518
8990.834 4.492 42.112
8992.907 3.454 23.587
8994.976 10.254 8.619
8997.045 2.314 5.711
8999.12 5.702 8.134
9001.19 6.244 45.447
9003.266 4.831 76.269
9005.337 8.412 47.992
9007.413 9.601 10.982
9009.486 2.975 3.955
9011.558 6.164 3.344
9013.636 5.048 2.713
9015.71 4.686 2.762
9017.789 5.719 2.625
9019.863 4.685 3.53
9021.943 3.881 4.288
9024.019 4.049 4.365
9026.095 4.029 3.653
9028.176 8.133 3.612
9030.253 4.356 4.858
9032.335 3.858 5.088
9034.413 4.615 3.605
9036.497 5.833 5.686
9038.575 7.262 15.51
9040.655 4.889 20.249
9042.74 5.291 11.419
9044.82 6.235 5.227
9046.905 5.373 6.191
9048.987 4.237 17.042
9051.073 3.504 35.845
9053.156 4.721 29.328
9055.238 4.6 10.035
9057.326 5.343 4.656
9059.41 3.938 4.445
9061.499 6.709 3.389
9063.584 6.273 3.832
9065.674 3.095 4.959
9067.759 6.229 5.428
9069.85 2.995 6.168
9071.937 4.956 6.54
9074.024 5.445 4.859
9076.116 4.312 3.458
9078.204 4.949 2.909
9080.298 5.346 2.709
9082.386 3.713 2.946
9084.481 4.697 3.444
9086.571 4.081 3.844
9088.661 4.621 3.677
9090.757 3.899 4.281
9092.848 5.476 8.42
9094.945 4.666 11.478
9097.037 3.539 7.296
9099.135 4.751 3.513
9101.228 6.501 6.036
9103.322 6.508 16.118
9105.421 4.413 17.693
9107.516 6.49 9.674
9109.616 4.855 3.44
9111.712 4.334 2.694
9113.813 4.262 3.102
9115.909 3.622 3.13
9118.007 4.532 2.871
9120.109 4.731 2.855
9122.207 4.2 2.646
9124.311 4.491 2.821
9126.41 5.336 3.019
9128.514 5.733 2.725
9130.614 6.202 2.343
9132.715 4.417 2.429
9134.821 6.899 2.671
9136.922 4.893 3.092
9139.029 4.837 3.637
9141.132 6.341 3.184
9143.24 4.597 2.691
9145.343 5.647 3.059
9147.447 4.626 3.191
9149.556 4.68 3.102
9151.661 4.526 5.609
9153.771 4.711 9.797
9155.877 5.006 9.332
9157.989 5.77 6.304
9160.095 2.053 7.82
9162.203 3.529 11.377
9164.315 4.442 10.567
9166.424 4.27 5.796
9168.537 6.584 2.877
9170.647 4.231 3.011
9172.761 5.573 3.17
9174.872 4.767 2.888
9176.982 4.68 2.873
9179.098 4.948 3.056
9181.21 4.614 2.963
9183.327 4.642 3.087
9185.44 3.7 3.107
9187.558 2.611 3.234
9189.672 7.265 2.982
9191.786 4.955 2.651
9193.905 6.154 2.65
9196.02 5.235 2.74
9198.141 4.921 2.891
9200.257 3.456 2.874
9202.378 6.858 2.904
9204.495 5.716 3.145
9206.613 5.202 3.594
9208.736 6.089 4.259
9210.854 4.473 4.728
9212.978 3.724 5.233
9215.098 1.969 5.7
