3814.169 31.644 9.779
3815.048 26.79 9.885
3815.926 24.733 9.892
3816.806 27.995 9.882
3817.684 37.2 8.98
3818.562 23.556 8.899
3819.443 24.118 8.547
3820.322 32.21 8.057
3821.202 34.305 7.408
3822.082 34.428 6.786
3822.963 31.612 6.318
3823.842 27.108 6.222
3824.724 31.813 6.694
3825.604 33.463 6.992
3826.484 18.645 7.055
3827.366 25.286 7.227
3828.247 32.816 8.195
3829.13 27.58 9.747
3830.011 24.2 11.078
3830.894 29.663 11.74
3831.775 28.457 11.79
3832.657 19.416 11.545
3833.54 23.503 11.04
3834.422 26.204 9.992
3835.307 23.266 8.78
3836.189 23.363 7.705
3837.073 21.094 7.165
3837.956 24.306 6.839
3838.839 25.859 6.859
3839.724 21.647 7.209
3840.608 17.454 7.236
3841.493 18.936 6.719
3842.377 23.217 6.227
3843.263 20.528 6.559
3844.147 13.627 6.57
3845.032 17.39 6.669
3845.918 20.615 6.211
3846.803 18.722 6.339
3847.69 23.452 5.724
3848.575 21.924 6.226
3849.463 14.433 6.47
3850.348 17.446 6.717
3851.234 19.502 6.884
3852.122 17.706 6.217
3853.008 17.454 4.974
3853.897 26.459 3.871
3854.783 25.911 4.008
3855.672 29.861 5.287
3856.559 27.945 6.358
3857.446 23.695 6.247
3858.336 27.111 4.978
3859.223 30.136 3.68
3860.113 27.832 3.441
3861.001 33.38 4.335
3861.892 29.318 5.598
3862.78 30.021 6.171
3863.669 29.369 6.104
3864.56 30.552 5.505
3865.449 30.388 4.965
3866.34 27.025 4.844
3867.23 28.038 5.046
3868.121 34.222 5.337
3869.011 30.765 5.436
3869.901 27.516 5.155
3870.794 21.416 4.49
3871.684 31.617 3.845
3872.577 28.837 3.658
3873.468 23.274 4.313
3874.361 27.411 5.607
3875.252 30.387 6.775
3876.144 27.576 7.167
3877.038 29.134 6.817
3877.93 28.296 6.061
3878.824 26.51 5.37
3879.716 29.975 5.031
3880.611 30.779 4.48
3881.504 30.712 3.697
3882.396 30.8 3.545
3883.292 26.308 4.215
3884.185 22.69 4.953
3885.081 26.647 5.193
3885.975 30.68 5.317
3886.871 29.379 6.004
3887.765 31.231 8.281
3888.659 26.895 11.939
3889.556 27.938 13.789
3890.451 27.675 11.877
3891.348 24.669 8.338
3892.243 26.736 6.06
3893.141 28.041 5.713
3894.036 24.59 6.067
3894.934 24.511 6.277
3895.83 22.164 6.388
3896.726 17.641 6.747
3897.625 18.319 6.195
3898.522 16.536 5.394
3899.421 18.799 4.681
3900.318 23.444 4.798
3901.217 24.011 5.601
3902.115 22.527 6.505
3903.012 24.664 6.952
3903.912 27.939 7.127
3904.81 26.951 8.103
3905.711 27.188 9.893
3906.609 28.243 10.997
3907.51 26.709 11.484
3908.409 26.77 11.59
3909.308 27.95 11.582
3910.21 25.87 11.628
3911.109 24.023 11.861
3912.011 29.081 12.402
3912.911 34.431 12.544
3913.813 29.531 13.661
3914.714 30.575 14.535
3915.614 26.766 12.191
3916.517 27.199 8.748
3917.418 26.392 7.228
3918.322 27.433 7.528
3919.223 30.562 7.896
3920.127 28.038 7.468
3921.029 26.826 6.672
3921.931 34.791 6.209
3922.835 30.588 6.099
3923.737 32.78 5.815
3924.642 34.544 5.312
3925.545 36.443 4.875
3926.45 35.579 4.712
3927.354 31.42 4.733
3928.257 30.611 4.973
3929.163 34.423 5.373
3930.067 32.137 5.623
3930.973 25.597 5.496
3931.877 29.568 5.109
3932.784 24.716 4.755
3933.689 22.358 4.936
3934.594 27.7 5.442
3935.501 28.97 5.776
3936.406 27.267 5.69
3937.314 27.281 5.294
3938.22 26.779 5.041
3939.128 25.473 5.111
3940.034 24.768 5.39
3940.941 20.966 6.047
3941.849 17.261 7.237
3942.756 17.965 8.103
3943.665 12.586 7.6
3944.573 16.79 6.75
3945.482 15.508 6.612
3946.39 12.403 7.341
3947.298 11.295 8.089
3948.208 15.549 7.71
3949.116 20.993 6.352
3950.027 19.539 5.332
3950.936 29.234 5.495
3951.847 30.166 6.048
3952.756 24.548 6.349
3953.665 28.151 6.13
3954.577 29.186 5.831
3955.487 28.399 5.705
3956.399 27.101 5.86
3957.309 28.003 6.137
3958.221 30.16 6.268
3959.132 28.858 6.232
3960.045 29.118 6.118
3960.956 28.202 6.221
3961.867 29.412 6.065
3962.781 32.126 5.305
3963.692 27.161 4.2
3964.606 31.711 3.525
3965.518 33.1 3.418
3966.433 29.313 3.972
3967.345 29.068 4.72
3968.258 27.013 5.105
3969.173 26.675 5.084
3970.086 22.872 4.829
3971.002 27.318 4.334
3971.915 31.153 4.107
3972.831 25.033 4.251
3973.745 25.437 4.611
3974.659 23.44 5.172
3975.576 19.856 5.859
3976.49 18.736 6.637
3977.407 16.052 7.338
3978.322 13.538 7.569
3979.24 8.264 7.238
3980.155 10.851 6.896
3981.071 11.896 7.023
3981.989 12.898 7.276
3982.905 15.183 7.076
3983.823 20.339 6.589
3984.74 19.891 6.216
3985.659 16.575 6.024
3986.576 20.765 5.926
3987.493 27.399 5.984
3988.412 24.261 6.279
3989.33 25.649 6.534
3990.25 26.766 6.735
3991.168 31.19 6.997
3992.088 31.909 7.336
3993.006 28.833 7.321
3993.925 28.006 6.781
3994.846 32.613 6.155
3995.765 36.471 5.994
3996.686 34.479 6.337
3997.606 34.592 6.836
3998.528 32.329 7.306
3999.447 29.599 7.275
4000.368 33.642 7.099
4001.29 35.097 6.836
4002.211 33.81 6.805
4003.133 33.723 7.163
4004.054 37.372 7.298
4004.978 41.002 6.717
4005.899 36.114 5.902
4006.821 27.453 5.8
4007.745 34.558 6.911
4008.666 35.098 8.25
4009.591 33.364 9.026
4010.513 33.171 9.013
4011.438 34.289 8.814
4012.361 35.239 9.116
4013.284 35.508 9.626
4014.209 34.014 9.702
4015.133 34.354 8.932
4016.059 37.871 7.582
4016.983 34.283 6.454
4017.909 34.631 6.83
4018.833 34.735 7.564
4019.758 35.701 8.001
4020.685 36.025 8.286
4021.61 37.316 8.86
4022.537 35.969 9.421
4023.462 35.269 9.521
4024.39 36.158 9.319
4025.316 34.178 9.148
4026.242 32.705 8.889
4027.171 33.715 8.652
4028.097 34.81 8.911
4029.026 36.02 8.462
4029.953 35.193 8.081
4030.882 37.552 8.014
4031.809 34.981 8.051
4032.739 35.609 7.79
4033.667 36.381 7.348
4034.595 34.832 7.079
4035.525 39.223 6.94
4036.453 32.459 7.141
4037.384 33.228 8.522
4038.313 35.278 9.848
4039.244 37.338 9.814
4040.173 39.504 8.638
4041.103 38.274 8.819
4042.035 33.994 10.023
4042.965 31.366 11.027
4043.897 31.492 10.847
4044.827 31.369 10.753
4045.76 31.335 14.251
4046.691 33.508 25.031
4047.622 37.63 31.255
4048.555 39.451 27.381
4049.486 36.48 17.803
4050.42 35.582 11.835
4051.352 36.447 10.617
4052.286 34.545 10.325
4053.218 35.574 8.92
4054.151 38.074 7.948
4055.086 34.735 8.634
4056.019 33.361 8.773
4056.954 32.349 7.64
4057.887 30.872 6.994
4058.823 30.892 7.085
4059.757 36.4 7.921
4060.691 36.328 8.709
4061.627 35.506 8.913
4062.561 35.588 8.746
4063.498 37.157 8.66
4064.433 38.111 9.144
4065.37 34.502 10.014
4066.305 35.041 10.082
4067.241 30.525 9.47
4068.179 30.727 9.426
4069.115 31.225 9.558
4070.053 31.571 8.744
4070.989 35.766 7.8
4071.928 36.456 7.565
4072.865 37.412 7.564
4073.802 37.801 7.478
4074.741 31.851 7.547
4075.679 30.282 7.808
4076.618 28.548 8.772
4077.556 28.083 11.117
4078.497 33.205 12.322
4079.435 29.747 11.787
4080.373 32.928 10.443
4081.314 38.127 9.257
4082.253 37.94 9.004
4083.194 34.8 9.109
4084.134 33.174 8.528
4085.076 33.386 7.812
4086.015 34.135 8.115
4086.955 34.067 8.575
4087.898 33.455 8.304
4088.838 34.963 7.682
4089.781 32.027 7.084
4090.722 29.469 7.022
4091.665 33.079 7.218
4092.606 31.433 7.341
4093.548 32.726 7.351
4094.492 38.668 7.144
4095.434 34.804 7.526
4096.378 33.361 7.267
4097.321 33.77 6.624
4098.265 36.449 7.129
4099.208 31.957 8.42
4100.151 36.297 8.289
4101.097 40.398 7.31
4102.04 36.545 6.416
4102.986 35.267 6.202
4103.93 37.438 6.122
4104.876 36.605 5.71
4105.821 36.131 5.45
4106.768 37.42 5.814
4107.712 30.825 6.695
4108.657 29.335 7.157
4109.605 27.2 6.704
4110.55 29.65 6.624
4111.498 26.586 7.24
4112.444 23.861 7.487
4113.392 26.221 6.988
4114.338 29.649 6.466
4115.285 29.852 6.895
4116.234 27.168 7.975
4117.181 26.142 8.191
4118.13 28.809 6.755
4119.078 34.6 5.656
4120.027 32.482 6.259
4120.975 27.901 7.098
4121.923 29.467 7.178
4122.874 30.972 6.987
4123.822 32.497 7.312
4124.773 31.613 7.786
4125.722 31.309 7.695
4126.673 36.302 6.972
4127.623 34.099 6.64
4128.572 37.114 7.07
4129.524 36.102 7.519
4130.474 39.762 6.975
4131.427 32.79 6.536
4132.377 30.054 7.329
4133.33 33.299 8.255
4134.281 32.925 8.046
4135.232 33.531 7.384
4136.186 36.206 7.679
4137.137 31.972 8.734
4138.091 31.457 8.367
4139.043 34.431 7.203
4139.998 36.197 7.483
4140.95 34.102 8.094
4141.903 33.119 7.69
4142.858 31.939 6.709
4143.811 32.782 6.13
4144.766 34.588 6.222
4145.72 33.514 6.554
4146.676 30.376 6.96
4147.63 30.797 7.167
4148.584 35.356 6.707
4149.541 37.318 5.842
4150.495 38.61 5.652
4151.452 33.84 6.311
4152.407 36.023 7.176
4153.365 34.69 7.413
4154.32 33.854 7.514
4155.276 30.423 7.97
4156.234 27.684 8.586
4157.19 30.053 9.341
4158.149 33.61 8.937
4159.106 35.346 7.723
4160.065 35.116 6.985
4161.022 36.4 7.774
4161.979 36.588 7.898
4162.939 35.443 8.062
4163.896 32.641 8.756
4164.857 33.51 9.537
4165.815 36.247 9.943
4166.775 37.549 9.82
4167.734 34.253 9.878
4168.693 29.925 10.511
4169.654 32.512 10.619
4170.613 35.074 10.273
4171.575 34.15 9.928
4172.535 37.789 8.603
4173.497 36.456 7.244
4174.457 36.42 7.501
4175.417 36.696 8.249
4176.38 35.943 8.27
4177.341 37.737 7.473
4178.304 37.13 7.064
4179.265 34.01 7.814
4180.229 34.789 8.602
4181.191 34.725 7.964
4182.155 36.748 7.02
4183.117 38.406 6.604
4184.079 33.89 6.66
4185.044 31.26 6.986
4186.007 31.15 7.299
4186.972 28.469 7.293
4187.935 30.588 7.145
4188.901 33.109 6.741
4189.865 32.357 6.486
4190.829 33.288 6.96
4191.795 34.492 7.338
4192.759 32.818 6.923
4193.726 32.108 7.235
4194.691 28.32 7.554
4195.658 34.343 6.698
4196.624 34.012 6.431
4197.589 31.091 6.624
4198.557 35.006 6.212
4199.523 34.974 5.679
4200.491 32.89 6.107
4201.457 35.4 6.678
4202.426 36.424 6.099
4203.393 36.159 5.25
4204.36 34.633 5.857
4205.33 34.123 6.481
4206.297 39.534 6.091
4207.267 36.29 6.133
4208.235 38.07 7.303
4209.205 33.36 8.251
4210.174 28.999 8.064
4211.142 28.674 7.296
4212.113 31.125 6.718
4213.082 33.453 6.349
4214.054 32.392 6.319
4215.023 34.774 6.367
4215.995 33.182 6.46
4216.965 31.045 6.994
4217.935 32.833 7.022
4218.908 33.729 6.722
4219.878 34.647 6.538
4220.851 36.716 6.59
4221.822 36.064 6.499
4222.796 34.095 6.401
4223.767 34.519 6.563
4224.739 36.077 6.75
4225.713 36.118 6.671
4226.685 35.596 6.114
4227.66 34.731 5.285
4228.633 30.375 5.166
4229.608 34.262 5.746
4230.581 37.079 6.275
4231.554 33.125 6.652
4232.53 35.905 6.609
4233.504 37.81 6.041
4234.48 38.121 5.892
4235.454 38.774 6.927
4236.431 34.384 8.081
4237.405 30.102 8.052
4238.38 27.521 7.158
4239.357 24.636 6.713
4240.333 24.73 6.521
4241.31 31.434 6.413
4242.286 32.654 6.601
4243.264 35.912 6.778
4244.241 37.948 6.906
4245.217 35.424 7.222
4246.196 34.246 8.029
4247.173 34.604 8.785
4248.152 32.803 8.943
4249.129 33.096 8.745
4250.109 31.766 7.981
4251.087 32.826 7.091
4252.065 29.317 6.887
4253.045 33.526 7.173
4254.024 37.522 7.221
4255.005 38.273 7.25
4255.984 36.047 7.347
4256.965 33.748 7.644
4257.944 34.945 7.963
4258.926 35.375 7.812
4259.906 31.84 6.989
4260.886 32.254 6.181
4261.869 32.512 6.265
4262.849 32.051 6.957
4263.832 33.616 7.234
4264.813 34.25 7.18
4265.796 34.514 7.151
4266.778 35.656 6.944
4267.759 33.326 7.165
4268.743 32.299 7.621
4269.725 34.599 7.29
4270.71 35.16 6.474
4271.692 32.563 6.366
4272.677 31.362 7.07
4273.66 34.177 7.247
4274.644 35.03 7.145
4275.629 35.248 7.036
4276.613 35.985 7.245
4277.599 40.66 8.079
4278.583 39.221 8.62
4279.57 36.309 7.994
4280.554 34.775 7.441
4281.539 33.286 7.564
4282.526 33.546 7.218
4283.511 34.354 6.307
4284.499 30.283 6.161
4285.485 26.539 6.425
4286.473 30.408 5.961
4287.459 31.118 5.603
4288.446 28.904 6.213
4289.434 31.375 6.239
4290.421 35.304 5.849
4291.411 34.682 5.707
4292.398 36.453 6.194
4293.388 37.165 6.838
4294.375 33.091 7.703
4295.363 32.12 7.138
4296.354 34.419 5.643
4297.342 30.77 6.698
4298.333 32.638 7.09
4299.322 33.786 6.315
4300.313 36.524 5.599
4301.303 32.524 5.787
4302.292 32.768 5.871
4303.284 27.903 5.593
4304.274 29.186 5.458
4305.267 32.923 5.639
4306.257 33.691 5.886
4307.25 33.988 6.043
4308.241 33.765 6.202
4309.232 32.136 6.507
4310.226 31.617 6.588
4311.217 30.638 5.834
4312.212 28.44 5.188
4313.204 27.831 6.206
4314.198 25.753 8.452
4315.191 25.465 10.012
4316.183 24.592 9.512
4317.179 26.524 8.388
4318.172 28.055 8.098
4319.168 28.567 8.324
4320.161 29.836 8.164
4321.157 29.328 8.501
4322.152 27.09 8.605
4323.146 26.465 7.859
4324.143 31.199 6.696
4325.137 29.388 5.722
4326.135 32.982 6.057
4327.13 32.474 7.004
4328.128 30.716 7.522
4329.124 34.63 7.323
4330.119 38.497 7.141
4331.118 37.473 7.118
4332.114 36.488 7.014
4333.113 36.998 6.838
4334.11 35.894 7.194
4335.11 36.461 7.664
4336.107 32.929 7.445
4337.107 29.532 7.139
4338.105 29.163 7.061
4339.103 27.194 7.236
4340.103 32.171 7.372
4341.102 35.237 7.296
4342.103 34.73 7.054
4343.101 37.151 7.053
4344.103 38.291 7.307
4345.102 35.722 7.386
4346.102 34.155 7.373
4347.104 33.364 8.154
4348.104 34.189 9.129
4349.107 35.487 9.425
4350.107 29.929 9.222
4351.11 27.443 7.997
4352.111 28.595 6.958
4353.113 32.039 6.528
4354.116 33.64 7.015
4355.118 33.412 7.624
4356.122 30.378 8.397
4357.125 28.911 14.784
4358.129 31.398 32.131
4359.132 35.158 51.349
4360.135 37.823 50.952
4361.14 37.111 31.208
4362.143 36.203 15.81
4363.149 34.297 11.707
4364.153 31.309 9.785
4365.159 31.498 8.624
4366.164 32.698 8.046
4367.168 33.745 8.318
4368.175 34.233 8.792
4369.18 35.547 8.649
4370.187 37.05 8.237
4371.193 37.082 7.905
4372.201 36.343 7.382
4373.207 36.32 7.019
4374.213 37.133 7.097
4375.221 39.854 7.359
4376.228 41.723 8.161
4377.237 36.795 8.285
4378.244 41.089 7.87
4379.254 39.91 7.651
4380.261 34.723 7.846
4381.269 34.774 8.216
4382.279 36.526 7.889
4383.287 39.139 7.368
4384.298 39.136 6.164
4385.307 35.792 5.809
4386.318 34.686 5.843
4387.327 33.504 6.068
4388.336 34.163 6.607
4389.348 32.247 6.974
4390.358 33.404 6.973
4391.37 38.66 6.977
4392.381 39.093 7.004
4393.393 38.239 6.877
4394.404 34.55 6.899
4395.415 35.714 6.808
4396.429 31.234 6.833
4397.44 25.884 7.665
4398.454 26.7 8.611
4399.466 29.826 8.178
4400.48 33.936 7.042
4401.493 34.999 6.941
4402.505 35.345 7.8
4403.52 33.445 8.414
4404.534 38.119 7.66
4405.549 36.241 7.005
4406.563 34.365 7.905
4407.579 34.515 8.409
4408.593 39.307 8.254
4409.607 37.616 8.784
4410.624 35.541 9.131
4411.638 37.209 8.723
4412.656 37.79 8.652
4413.671 36.223 8.774
4414.689 34.009 8.264
4415.704 36.869 8.041
4416.723 37.513 9.249
4417.739 33.078 9.339
4418.755 31.056 8.503
4419.774 32.545 8.233
4420.791 35.589 8.428
4421.81 33.394 8.701
4422.827 34.953 8.677
4423.847 37.601 8.421
4424.865 40.04 8.296
4425.883 40.101 8.715
4426.903 36.445 9.176
4427.922 33.284 8.869
4428.943 32.651 8.126
4429.962 34.656 7.789
4430.983 36.215 7.517
4432.003 36.535 7.572
4433.022 38.167 7.981
4434.044 37.067 7.355
4435.064 37.635 6.459
4436.087 36.486 6.674
4437.108 33.326 7.209
4438.131 35.95 7.981
4439.152 36.935 8.462
4440.173 36.546 8.301
4441.197 37.696 7.703
4442.219 37.187 6.862
4443.243 36.38 6.907
4444.265 33.537 8.31
4445.29 38.286 8.282
4446.313 35.946 7.342
4447.336 32.668 7.753
4448.361 31.386 7.804
4449.384 34.884 7.659
4450.41 36.675 7.486
4451.434 37.8 6.944
4452.461 38.707 6.597
4453.485 37.972 6.575
4454.51 35.94 6.558
4455.537 33.904 6.754
4456.562 33.882 6.948
4457.589 35.427 6.687
4458.615 34.655 6.367
4459.643 35.349 6.507
4460.669 35.72 6.373
4461.695 36.966 5.961
4462.724 38.475 6.478
4463.751 38.925 7.189
4464.78 38.578 7.28
4465.807 40.502 7.321
4466.837 39.483 7.206
4467.864 37.127 6.799
4468.892 34.469 6.397
4469.923 34.238 6.286
4470.951 35.994 6.525
4471.982 35.271 6.879
4473.011 34.245 6.682
4474.042 35.379 6.538
4475.072 35.516 6.99
4476.101 33.313 7.446
4477.133 40.702 7.535
4478.163 37.192 7.343
4479.196 35.388 7.473
4480.226 35.855 7.342
4481.259 34.382 6.793
4482.29 36.532 6.605
4483.322 33.604 6.469
4484.355 34.576 7.11
4485.387 38.385 7.631
4486.421 38.609 7.63
4487.453 40.186 7.031
4488.488 37.602 6.726
4489.521 40.644 6.819
4490.554 39.928 7.185
4491.589 38.157 7.316
4492.622 39.002 7.702
4493.658 36.772 7.443
4494.692 35.281 6.896
4495.729 34.564 7.285
4496.763 32.904 7.562
4497.8 36.567 7.337
4498.834 39.615 7.185
4499.869 41.296 7.443
4500.907 41.566 7.622
4501.943 39.414 7.087
4502.981 37.919 6.355
4504.017 36.467 7.103
4505.055 38.043 7.7
4506.092 41.505 7.55
4507.128 36.458 8.22
4508.168 37.762 7.508
4509.205 35.806 7.075
4510.244 37.013 8.227
4511.282 35.301 7.69
4512.322 39.18 7.028
4513.36 39.159 7.255
4514.399 37.965 7.42
4515.44 37.116 7.08
4516.478 39.066 6.796
4517.52 41.436 6.975
4518.559 41.055 7.174
4519.601 41.863 7.115
4520.641 38.877 7.042
4521.681 39.12 7.544
4522.724 39.122 8.08
4523.764 39.198 8.21
4524.807 42.271 7.995
4525.848 41.107 7.566
4526.892 39.962 7.236
4527.933 39.058 7.303
4528.975 38.539 7.695
4530.019 38.411 7.167
4531.061 38.398 6.882
4532.106 36.054 8.089
4533.149 36.421 8.957
4534.194 40.134 8.348
4535.237 40.457 7.615
4536.28 39.144 7.794
4537.327 36.517 8.184
4538.37 38.08 8.185
4539.417 37.391 7.667
4540.461 36.412 7.006
4541.508 36.269 7.012
4542.553 34.964 7.309
4543.598 36.356 7.575
4544.646 34.661 7.988
4545.691 40.112 7.967
4546.739 38.112 7.82
4547.785 35.153 7.798
4548.834 33.783 7.604
4549.881 34.425 7.154
4550.927 39.945 6.641
4551.977 41.877 7.009
4553.024 37.449 8.489
4554.074 35.721 8.985
4555.121 38.59 7.815
4556.172 38.156 7.177
4557.22 39.173 7.145
4558.268 38.588 7.239
4559.319 39.758 7.356
4560.368 38.694 7.064
4561.42 39.453 7.178
4562.469 36.385 7.122
4563.521 36.442 7.082
4564.571 37.03 7.132
4565.621 36.346 6.889
4566.674 35.987 6.853
4567.725 37.575 7.391
4568.778 39.225 7.306
4569.829 38.547 6.59
4570.883 40.018 6.547
4571.934 39.806 6.898
4572.989 40.02 6.912
4574.041 41.323 6.635
4575.093 43.073 6.9
4576.148 40.77 7.139
4577.201 39.563 7.245
4578.256 38.473 7.248
4579.309 37.115 7.08
4580.365 40.147 7.087
4581.419 39.271 7.404
4582.473 39.769 7.249
4583.53 40.831 6.973
4584.584 37.812 7.444
4585.641 35.202 7.993
4586.696 36.429 6.991
4587.754 39.326 6.521
4588.809 41.406 7.091
4589.865 38.551 7.136
4590.923 40.791 7.235
4591.98 39.18 7.312
4593.038 40.988 7.342
4594.095 38.319 7.12
4595.154 34.388 7.054
4596.212 36.611 6.923
4597.269 39.027 6.887
4598.329 36.953 7.133
4599.387 37.714 7.224
4600.447 37.253 6.686
4601.506 37.509 6.172
4602.567 41.442 6.317
4603.626 42.709 6.748
4604.685 41.097 6.749
4605.747 40.251 6.331
4606.806 37.93 6.349
4607.868 38.645 6.504
4608.928 38.357 6.469
4609.991 40.305 6.831
4611.052 37.416 7.262
4612.113 39.868 7.268
4613.176 39.298 6.87
4614.237 36.939 6.768
4615.301 39.284 6.794
4616.363 37.502 6.769
4617.428 36.341 6.97
4618.49 39.237 6.856
4619.552 41.826 6.292
4620.618 40.4 6.304
4621.681 38.866 7.025
4622.746 41.619 7.113
4623.81 43.792 6.936
4624.876 42.639 6.796
4625.94 42.967 7.058
4627.004 39.439 6.911
4628.071 41.342 6.636
4629.136 39.986 6.627
4630.203 41.302 7.092
4631.268 41.103 6.965
4632.336 38.994 6.577
4633.402 36.985 6.74
4634.468 37.755 6.935
4635.537 39.389 6.883
4636.603 40.88 6.763
4637.672 41.307 6.648
4638.739 40.203 6.554
4639.809 40.31 6.6
4640.876 39.389 6.606
4641.944 40.135 6.525
4643.014 42.759 6.387
4644.082 40.029 6.143
4645.153 41.829 5.974
4646.222 41.605 5.975
4647.293 40.681 6.144
4648.362 39.517 6.341
4649.432 39.814 6.349
4650.504 38.164 6.395
4651.574 39.403 6.387
4652.646 39.0 6.182
4653.717 38.949 6.64
4654.79 38.847 6.893
4655.861 40.276 6.809
4656.934 38.107 7.171
4658.006 38.604 7.362
4659.077 38.652 7.53
4660.152 37.337 8.347
4661.224 38.593 8.405
4662.299 38.386 7.728
4663.371 37.343 7.191
4664.446 38.884 7.361
4665.52 39.178 8.301
4666.593 38.437 7.743
4667.669 40.037 7.096
4668.743 38.938 7.599
4669.819 40.063 8.031
4670.894 38.257 8.925
4671.971 39.261 8.647
4673.046 42.439 8.422
4674.121 42.093 8.352
4675.198 41.594 8.423
4676.274 39.712 8.165
4677.352 39.396 7.825
4678.428 38.885 7.748
4679.507 35.835 7.979
4680.584 36.305 8.128
4681.66 35.552 7.956
4682.74 33.977 7.893
4683.817 38.248 7.535
4684.897 39.188 6.967
4685.975 39.771 7.37
4687.056 38.512 7.672
4688.134 39.507 7.311
4689.212 40.533 7.014
4690.294 41.153 7.084
4691.373 41.371 6.915
4692.454 40.285 6.659
4693.534 39.72 7.02
4694.616 35.127 7.321
4695.696 36.866 7.354
4696.777 38.559 7.086
4697.86 38.177 6.822
4698.94 39.668 6.364
4700.024 40.785 5.871
4701.105 41.014 6.071
4702.189 40.362 6.633
4703.271 39.868 6.284
4704.353 41.022 5.9
4705.438 39.26 6.964
4706.52 36.697 7.381
4707.606 40.317 6.483
4708.689 39.684 6.935
4709.774 40.097 7.364
4710.858 43.812 6.653
4711.942 40.854 6.721
4713.028 36.04 7.278
4714.112 36.385 7.016
4715.199 37.574 6.877
4716.284 36.817 6.735
4717.372 35.636 6.648
4718.457 37.801 6.751
4719.542 39.126 6.821
4720.631 37.559 7.025
4721.717 37.36 6.919
4722.805 37.321 6.653
4723.892 37.496 6.744
4724.981 38.062 6.83
4726.068 39.151 6.567
4727.155 38.733 6.643
4728.246 36.772 7.137
4729.333 37.91 7.093
4730.424 39.041 7.084
4731.512 40.049 7.366
4732.603 40.261 7.178
4733.692 40.306 7.035
4734.781 40.166 7.649
4735.873 39.006 8.018
4736.962 41.47 7.319
4738.054 41.9 7.683
4739.144 42.741 7.936
4740.237 38.8 7.858
4741.328 38.983 8.117
4742.421 39.826 7.644
4743.512 37.484 7.596
4744.603 36.245 8.375
4745.697 36.722 8.417
4746.789 36.594 7.826
4747.884 37.896 7.362
4748.976 38.35 6.921
4750.071 38.727 6.611
4751.164 37.352 6.873
4752.257 36.237 7.501
4753.353 41.711 7.308
4754.446 40.559 7.258
4755.543 40.324 7.308
4756.637 41.388 6.895
4757.734 39.009 7.111
4758.828 39.177 6.843
4759.923 40.859 6.356
4761.02 40.51 6.612
4762.116 43.004 6.2
4763.214 42.901 5.985
4764.31 40.705 6.464
4765.408 40.207 6.35
4766.504 40.452 5.523
4767.601 39.822 5.675
4768.7 38.006 6.43
4769.797 39.946 6.51
4770.897 39.525 6.201
4771.995 40.329 6.14
4773.095 39.802 6.383
4774.193 38.107 6.197
4775.292 40.413 5.85
4776.393 39.511 6.159
4777.492 34.882 6.829
4778.593 36.365 6.853
4779.693 37.86 6.853
4780.795 38.489 7.172
4781.895 35.383 6.657
4782.995 36.929 6.464
4784.098 41.424 6.625
4785.198 37.775 5.91
4786.302 42.598 6.201
4787.403 36.423 6.905
4788.507 42.236 6.421
4789.608 42.781 6.242
4790.71 39.066 6.518
4791.815 43.931 6.417
4792.917 42.756 6.36
4794.022 38.9 6.44
4795.125 40.944 6.607
4796.231 40.619 6.726
4797.334 37.322 6.564
4798.438 38.144 6.655
4799.545 40.65 6.855
4800.649 38.582 6.633
4801.756 37.374 6.447
4802.86 38.344 6.624
4803.968 38.533 6.501
4805.073 39.761 6.423
4806.178 39.637 6.316
4807.287 39.93 6.214
4808.393 38.301 6.568
4809.501 39.649 6.662
4810.608 42.029 6.458
4811.717 40.167 6.161
4812.824 41.654 6.649
4813.931 37.409 7.061
4815.041 37.651 7.099
4816.149 39.451 7.431
4817.26 38.944 7.395
4818.368 40.78 7.448
4819.479 38.31 7.868
4820.588 40.08 8.084
4821.697 38.909 7.969
4822.809 36.031 7.59
4823.918 37.148 7.521
4825.03 38.465 7.533
4826.14 40.564 7.447
4827.253 40.843 7.33
4828.364 41.966 7.098
4829.477 41.618 6.993
4830.588 38.665 7.447
4831.699 39.225 7.188
4832.814 42.417 6.67
4833.925 43.155 7.656
4835.04 41.005 8.124
4836.152 40.605 7.453
4837.268 40.205 7.177
4838.38 35.933 7.912
4839.493 38.802 8.463
4840.609 39.732 8.361
4841.723 38.394 7.82
4842.84 42.122 7.216
4843.954 40.149 7.729
4845.071 38.961 6.957
4846.185 39.287 6.793
4847.3 37.479 7.233
4848.418 39.049 7.076
4849.533 40.34 6.81
4850.652 40.329 6.396
4851.767 42.166 6.159
4852.886 38.354 6.509
4854.003 36.778 6.688
4855.119 38.009 6.564
4856.239 37.644 6.112
4857.356 37.982 5.896
4858.476 36.686 6.246
4859.594 38.033 6.519
4860.714 40.358 6.708
4861.833 39.601 7.491
4862.951 39.232 7.817
4864.072 36.73 6.8
4865.191 35.705 5.857
4866.313 39.591 6.141
4867.433 35.773 6.891
4868.555 32.872 6.428
4869.675 35.988 6.04
4870.796 32.763 6.195
4871.919 30.684 6.157
4873.039 33.011 5.918
4874.163 33.263 5.977
4875.284 41.479 6.275
4876.409 50.593 6.385
4877.531 44.803 6.156
4878.653 35.909 6.444
4879.778 31.817 6.324
4880.9 32.492 6.151
4882.026 36.822 6.262
4883.149 34.456 6.808
4884.275 34.864 6.579
4885.398 36.882 6.427
4886.522 31.682 6.847
4887.649 31.113 7.13
4888.774 35.245 6.783
4889.901 37.72 6.568
4891.026 36.433 6.82
4892.154 37.07 7.134
4893.279 36.958 7.161
4894.405 37.45 6.999
4895.533 40.059 6.794
4896.66 39.733 7.037
4897.789 36.026 7.046
4898.916 36.363 7.195
4900.045 37.471 7.033
4901.172 35.005 6.783
4902.3 34.546 6.687
4903.43 33.185 6.459
4904.558 34.068 6.296
4905.689 33.093 7.101
4906.818 34.726 7.581
4907.95 36.785 6.956
4909.079 37.218 6.73
4910.208 41.78 6.72
4911.34 42.907 6.472
4912.47 44.018 6.217
4913.603 41.019 6.506
4914.733 37.955 6.838
4915.867 39.022 6.927
4916.997 39.973 7.112
4918.131 38.318 7.374
4919.263 38.627 7.037
4920.394 42.099 6.191
4921.529 39.929 6.202
4922.661 39.596 6.506
4923.796 38.643 6.262
4924.929 36.046 6.917
4926.065 37.488 7.419
4927.198 39.206 6.788
4928.331 38.337 6.75
4929.468 39.901 6.768
4930.602 41.433 6.713
4931.739 40.675 6.807
4932.873 39.867 6.463
4934.011 35.645 6.399
4935.146 33.031 6.505
4936.281 35.809 6.116
4937.42 36.533 6.321
4938.556 37.174 7.079
4939.694 38.151 6.97
4940.831 36.034 6.519
4941.97 38.161 6.395
4943.107 39.452 6.475
4944.244 39.552 6.458
4945.384 41.567 6.663
4946.522 39.232 6.844
4947.663 39.621 6.553
4948.801 37.31 6.234
4949.942 37.32 6.801
4951.081 38.908 7.345
4952.22 35.464 7.305
4953.362 37.087 7.913
4954.501 35.625 8.336
4955.644 38.38 7.635
4956.784 37.991 6.818
4957.927 40.78 5.683
4959.067 42.089 5.834
4960.208 44.007 6.337
4961.352 37.897 7.126
4962.493 39.64 7.223
4963.638 39.675 7.026
4964.779 40.433 7.311
4965.924 42.441 6.868
4967.067 42.408 6.769
4968.209 39.84 7.434
4969.355 40.807 7.903
4970.498 39.839 7.666
4971.644 36.162 8.217
4972.788 35.83 8.87
4973.935 38.561 8.709
4975.079 42.548 8.601
4976.224 39.814 8.654
4977.371 40.419 8.951
4978.516 41.881 9.871
4979.664 38.099 9.851
4980.81 37.818 10.703
4981.958 35.749 10.854
4983.104 36.542 10.573
4984.251 38.438 10.738
4985.4 39.436 10.652
4986.547 40.407 10.617
4987.697 36.758 10.914
4988.844 39.603 10.133
4989.995 42.895 9.174
4991.143 39.955 9.217
4992.291 39.381 9.036
4993.442 36.567 9.193
4994.591 37.771 9.263
4995.743 36.669 8.357
4996.892 35.87 7.77
4998.044 33.516 7.666
4999.194 36.271 6.971
5000.344 37.422 6.905
5001.497 37.134 7.305
5002.648 37.518 7.634
5003.801 40.618 7.184
5004.952 37.181 6.627
5006.106 37.242 6.951
5007.258 36.151 7.058
5008.413 36.752 6.982
5009.565 38.862 6.674
5010.717 38.828 6.316
5011.873 38.34 6.41
5013.026 37.654 6.107
5014.182 37.095 6.488
5015.335 34.307 6.995
5016.492 34.912 6.501
5017.646 33.723 6.472
5018.8 35.17 6.711
5019.958 37.691 6.517
5021.112 39.435 6.264
5022.27 40.421 6.572
5023.426 41.017 6.634
5024.584 38.128 6.13
5025.74 38.717 5.875
5026.896 37.049 6.323
5028.055 33.863 6.561
5029.212 33.201 5.966
5030.372 33.028 5.985
5031.529 33.511 6.668
5032.689 35.232 6.919
5033.847 33.854 6.584
5035.005 33.966 6.088
5036.166 36.637 5.881
5037.325 36.035 6.057
5038.486 35.834 6.175
5039.645 38.273 5.779
5040.807 37.046 5.792
5041.967 35.139 5.712
5043.127 37.332 5.32
5044.29 38.236 5.697
5045.45 36.027 6.298
5046.614 38.446 6.431
5047.775 40.554 6.141
5048.939 38.974 5.784
5050.1 38.41 5.769
5051.262 36.828 6.139
5052.427 36.209 6.442
5053.589 36.635 6.086
5054.754 35.352 5.79
5055.917 33.528 5.991
5057.083 32.407 6.214
5058.247 35.943 5.907
5059.41 39.377 5.946
5060.577 39.539 6.171
5061.741 41.393 5.848
5062.908 40.372 6.132
5064.073 37.08 6.149
5065.241 38.066 5.892
5066.406 35.84 5.938
5067.572 36.842 6.081
5068.74 39.206 6.625
5069.906 39.446 7.148
5071.075 38.398 7.638
5072.242 39.042 7.424
5073.412 37.48 6.486
5074.579 39.028 5.663
5075.746 41.587 5.939
5076.917 42.984 6.083
5078.084 40.639 6.146
5079.255 39.47 6.694
5080.424 38.356 5.973
5081.595 37.738 6.614
5082.764 37.87 7.716
5083.934 37.866 7.911
5085.106 38.814 8.198
5086.276 39.802 8.467
5087.449 39.558 8.947
5088.619 36.946 8.997
5089.793 35.307 8.008
5090.964 38.688 6.574
5092.135 37.592 6.261
5093.309 38.898 6.208
5094.481 37.269 6.214
5095.655 34.938 6.321
5096.828 35.574 6.618
5098.003 36.844 6.771
5099.176 38.553 6.57
5100.352 37.819 6.416
5101.525 37.974 6.25
5102.699 38.041 6.364
5103.875 39.039 6.457
5105.049 36.398 5.924
5106.227 38.309 5.395
5107.401 40.228 5.71
5108.579 41.109 5.75
5109.754 41.473 5.676
5110.93 40.248 5.758
5112.108 38.51 6.116
5113.284 36.602 5.969
5114.463 35.73 5.894
5115.64 34.832 6.26
5116.82 36.457 6.271
5117.997 38.067 6.103
5119.174 40.138 5.916
5120.355 39.189 5.732
5121.533 38.856 6.071
5122.714 37.088 6.106
5123.892 36.933 5.867
5125.074 37.215 5.793
5126.253 36.126 5.539
5127.432 35.02 5.605
5128.614 36.722 5.694
5129.794 38.986 5.937
5130.977 39.379 6.363
5132.157 37.357 6.104
5133.341 38.854 6.437
5134.522 41.135 6.835
5135.703 40.383 6.651
5136.887 36.532 6.17
5138.069 36.804 6.059
5139.254 35.903 6.478
5140.436 35.719 6.639
5141.621 36.842 6.58
5142.804 37.636 6.615
5143.987 35.733 6.15
5145.174 36.781 5.854
5146.357 37.225 6.095
5147.544 38.238 6.387
5148.728 39.139 6.172
5149.915 39.256 6.591
5151.1 39.476 7.214
5152.285 35.301 6.946
5153.473 34.816 7.38
5154.659 37.364 8.477
5155.847 34.64 8.5
5157.034 35.269 7.834
5158.223 37.449 7.16
5159.409 36.536 6.761
5160.596 38.683 6.686
5161.786 38.132 6.566
5162.974 36.637 6.751
5164.164 34.517 6.182
5165.352 37.311 5.909
5166.544 36.555 6.296
5167.732 36.737 5.775
5168.921 37.155 5.143
5170.113 36.14 5.141
5171.302 38.485 5.461
5172.495 37.63 5.357
5173.685 38.456 5.166
5174.878 40.754 5.121
5176.068 40.243 5.345
5177.259 38.517 5.811
5178.453 37.977 6.289
5179.644 37.784 6.193
5180.838 36.721 5.849
5182.03 31.134 5.888
5183.225 29.591 5.946
5184.418 29.126 5.196
5185.61 31.996 4.977
5186.806 31.061 5.901
5187.999 28.941 7.111
5189.196 30.169 7.462
5190.389 33.296 7.655
5191.586 36.982 7.166
5192.781 38.596 6.012
5193.978 38.544 5.79
5195.173 35.456 5.907
5196.368 38.215 5.937
5197.566 33.28 7.038
5198.762 28.976 8.624
5199.961 28.143 9.531
5201.157 32.617 9.265
5202.357 35.539 8.845
5203.553 36.846 8.781
5204.75 37.293 8.265
5205.951 37.541 7.055
5207.148 33.591 6.109
5208.349 32.859 6.341
5209.547 32.499 6.992
5210.748 34.994 6.832
5211.947 35.942 6.31
5213.146 37.261 6.36
5214.348 35.827 6.482
5215.548 40.005 6.079
5216.751 40.105 5.878
5217.951 38.477 6.4
5219.154 38.573 7.17
5220.355 35.828 7.027
5221.556 36.866 6.616
5222.76 33.651 7.11
5223.961 33.623 7.282
5225.166 34.436 7.974
5226.368 36.453 8.031
5227.573 36.815 6.381
5228.776 39.29 5.318
5229.978 37.329 5.622
5231.184 37.305 6.163
5232.388 37.09 6.826
5233.594 36.768 6.837
5234.798 39.488 6.019
5236.006 39.832 5.515
5237.21 38.417 5.909
5238.415 35.833 7.359
5239.623 38.781 9.303
5240.828 36.208 9.223
5242.037 31.583 7.0
5243.243 33.68 6.157
5244.452 35.108 6.612
5245.658 37.044 6.378
5246.865 37.166 6.392
5248.075 38.193 6.258
5249.282 35.941 6.215
5250.493 36.258 6.93
5251.701 37.302 6.847
5252.912 37.424 6.052
5254.12 37.424 6.645
5255.329 39.356 7.075
5256.541 40.829 7.935
5257.75 38.837 9.24
5258.962 38.86 8.321
5260.172 39.407 6.53
5261.385 38.028 6.585
5262.595 38.606 6.479
5263.806 39.11 5.662
5265.02 38.735 5.152
5266.231 37.352 5.4
5267.446 37.558 5.321
5268.657 37.599 5.544
5269.872 37.895 5.554
5271.085 38.401 5.361
5272.297 38.225 6.301
5273.513 40.458 6.818
5274.726 40.499 6.282
5275.942 39.764 6.904
5277.156 36.648 8.502
5278.373 34.991 8.152
5279.587 34.67 6.558
5280.805 33.841 6.324
5282.02 33.269 6.12
5283.235 34.892 5.785
5284.453 32.141 5.982
5285.669 31.32 5.683
5286.888 31.837 6.381
5288.104 34.802 6.648
5289.323 37.697 6.037
5290.54 38.514 6.259
5291.757 38.549 6.617
5292.977 37.859 7.108
5294.195 38.754 7.019
5295.416 39.747 6.413
5296.634 39.968 6.147
5297.856 38.929 6.23
5299.074 38.118 7.209
5300.293 39.326 7.741
5301.516 39.739 7.255
5302.735 39.862 6.529
5303.958 42.076 6.275
5305.178 40.692 6.717
5306.402 41.555 6.908
5307.622 42.225 6.893
5308.843 39.485 7.106
5310.067 40.982 7.254
5311.289 40.818 6.956
5312.514 39.242 6.982
5313.736 36.095 7.424
5314.961 36.812 7.684
5316.184 38.811 7.366
5317.407 36.755 6.818
5318.633 37.438 6.192
5319.857 38.878 6.493
5321.083 38.502 7.266
5322.308 39.917 7.043
5323.535 39.579 6.505
5324.76 40.734 6.438
5325.985 44.739 7.254
5327.213 41.289 7.513
5328.438 42.029 6.733
5329.667 40.937 5.81
5330.893 42.559 6.54
5332.122 39.754 7.018
5333.349 39.041 6.874
5334.576 38.313 7.036
5335.806 38.015 6.964
5337.033 37.434 7.269
5338.264 38.777 7.029
5339.492 38.919 6.379
5340.724 38.194 6.467
5341.952 37.5 6.546
5343.181 37.641 6.91
5344.413 33.036 6.77
5345.643 31.605 7.053
5346.875 33.908 7.016
5348.105 37.333 6.62
5349.339 40.045 7.296
5350.569 41.772 7.678
5351.8 41.291 7.691
5353.034 40.91 6.8
5354.266 39.33 6.041
5355.5 39.249 6.683
5356.732 36.709 7.616
5357.968 37.38 7.113
5359.2 38.643 6.736
5360.433 38.719 6.588
5361.669 37.631 6.387
5362.903 39.054 6.496
5364.139 39.515 6.258
5365.373 36.997 6.12
5366.611 38.123 6.293
5367.845 39.827 6.468
5369.08 39.926 6.424
5370.318 40.854 6.429
5371.554 39.807 6.57
5372.792 40.199 6.86
5374.028 41.659 6.686
5375.268 41.689 6.979
5376.504 41.495 7.669
5377.744 40.469 7.045
5378.981 40.134 6.673
5380.218 39.028 6.385
5381.459 39.707 6.296
5382.697 38.133 6.502
5383.938 38.447 6.275
5385.177 37.914 6.563
5386.419 36.896 6.786
5387.658 37.862 6.107
5388.897 36.391 6.542
5390.14 36.607 6.41
5391.38 41.167 6.111
5392.623 40.098 7.052
5393.864 39.932 7.511
5395.108 42.902 6.745
5396.349 39.186 6.151
5397.59 39.526 6.459
5398.835 38.348 6.325
5400.077 38.831 6.171
5401.322 40.918 6.314
5402.565 41.988 6.075
5403.81 41.498 6.338
5405.054 39.537 6.259
5406.297 38.957 5.315
5407.544 36.257 6.153
5408.788 38.65 6.771
5410.035 38.984 6.33
5411.28 39.953 5.749
5412.527 34.369 6.607
5413.773 35.979 6.787
5415.018 38.866 6.386
5416.267 39.117 6.78
5417.513 38.427 7.424
5418.762 39.695 7.006
5420.008 36.545 6.765
5421.258 36.436 6.896
5422.505 37.41 6.685
5423.753 37.111 6.91
5425.004 37.051 6.718
5426.252 37.065 6.294
5427.503 38.261 6.717
5428.752 39.029 6.95
5430.003 39.69 6.672
5431.253 38.05 6.603
5432.502 39.126 6.658
5433.755 39.173 6.863
5435.005 40.549 6.779
5436.258 39.397 6.825
5437.509 39.766 6.451
5438.763 40.105 6.495
5440.014 37.747 7.555
5441.265 37.976 7.42
5442.52 41.109 7.002
5443.772 39.316 7.263
5445.027 40.76 7.279
5446.28 38.97 6.656
5447.536 39.087 7.538
5448.789 38.238 7.202
5450.043 37.582 6.719
5451.299 37.153 6.991
5452.553 38.095 6.71
5453.811 39.642 6.908
5455.065 40.571 7.359
5456.323 41.462 7.367
5457.578 41.266 7.368
5458.834 42.457 8.602
5460.093 43.498 15.335
5461.349 40.111 32.248
5462.608 36.647 41.486
5463.865 35.977 29.971
5465.125 37.403 15.525
5466.382 40.03 9.752
5467.64 42.391 8.591
5468.9 40.211 8.419
5470.159 39.791 8.281
5471.42 37.635 7.936
5472.679 36.711 8.044
5473.941 40.163 8.244
5475.2 41.643 7.513
5476.463 40.23 7.708
5477.722 41.13 6.834
5478.982 40.381 7.093
5480.246 37.139 8.24
5481.507 39.362 8.323
5482.771 40.962 8.465
5484.032 41.827 8.987
5485.297 41.007 9.096
5486.558 41.205 8.604
5487.821 39.008 7.709
5489.086 39.301 7.016
5490.349 41.313 6.756
5491.615 38.26 7.227
5492.878 36.924 7.858
5494.145 36.228 7.832
5495.409 38.32 7.524
5496.673 39.994 7.061
5497.941 37.598 7.546
5499.205 35.982 7.701
5500.473 38.823 7.86
5501.739 39.62 7.67
5503.008 40.473 7.615
5504.274 40.219 7.839
5505.54 37.574 7.563
5506.809 39.79 7.441
5508.076 39.576 7.819
5509.346 40.922 7.593
5510.614 40.11 7.476
5511.884 41.32 7.388
5513.152 37.849 7.648
5514.421 38.021 8.873
5515.692 38.929 8.456
5516.961 41.603 8.596
5518.233 40.595 7.777
5519.503 37.754 7.437
5520.776 38.409 7.736
5522.046 39.702 8.43
5523.316 37.65 8.366
5524.59 38.205 7.938
5525.861 38.693 7.522
5527.135 39.899 7.663
5528.406 37.832 8.051
5529.681 37.712 7.999
5530.953 37.555 7.645
5532.226 39.208 7.348
5533.501 38.074 7.258
5534.774 40.468 7.476
5536.051 38.912 7.56
5537.324 40.05 7.609
5538.601 40.103 7.522
5539.875 40.288 7.91
5541.15 41.196 8.269
5542.428 39.301 9.135
5543.703 39.537 10.627
5544.981 36.756 11.076
5546.257 38.48 10.658
5547.536 40.734 9.036
5548.812 39.881 8.73
5550.088 39.365 8.859
5551.368 38.563 8.556
5552.645 40.216 8.052
5553.926 40.355 7.471
5555.203 42.298 7.471
5556.484 38.987 7.824
5557.763 42.098 7.505
5559.041 42.983 7.235
5560.323 38.877 7.972
5561.602 40.588 7.876
5562.885 38.797 7.769
5564.164 40.083 10.186
5565.447 39.888 12.792
5566.728 41.208 11.162
5568.008 40.207 8.398
5569.292 39.862 8.262
5570.574 41.383 8.793
5571.858 39.821 8.993
5573.14 41.189 8.01
5574.425 37.801 9.32
5575.707 44.399 16.932
5576.993 45.256 98.312
5578.276 51.716 287.549
5579.559 50.362 320.959
5580.846 42.694 132.941
5582.13 39.856 16.267
5583.417 39.374 8.718
5584.702 39.535 8.357
5585.989 37.249 7.563
5587.275 37.73 7.526
5588.56 39.467 8.417
5589.849 38.616 10.243
5591.135 40.231 10.691
5592.424 42.093 9.536
5593.71 38.468 8.264
5595.0 41.852 7.562
5596.287 40.29 7.219
5597.575 40.173 8.047
5598.866 40.692 9.02
5600.154 41.576 8.85
5601.445 39.598 7.849
5602.734 40.033 7.866
5604.026 38.225 8.055
5605.315 34.998 9.861
5606.604 36.496 11.719
5607.897 38.376 10.666
5609.187 38.864 8.542
5610.481 37.657 7.814
5611.771 38.876 7.558
5613.065 39.718 8.13
5614.357 36.997 8.411
5615.648 39.123 7.561
5616.943 39.238 7.843
5618.235 35.358 9.461
5619.531 37.666 9.895
5620.824 35.741 8.349
5622.12 40.989 7.726
5623.413 42.437 8.776
5624.707 43.818 10.852
5626.004 39.899 11.45
5627.298 38.934 9.423
5628.596 39.837 8.13
5629.891 38.166 7.828
5631.189 38.615 8.192
5632.484 38.006 8.297
5633.78 38.198 8.347
5635.079 39.514 8.156
5636.376 39.828 7.318
5637.675 37.833 7.947
5638.972 40.59 7.729
5640.273 40.682 8.509
5641.57 41.756 8.896
5642.868 37.811 8.667
5644.169 41.664 8.179
5645.468 40.621 9.082
5646.769 39.956 10.67
5648.069 40.249 10.336
5649.371 38.563 9.22
5650.671 41.315 8.493
5651.971 39.691 8.586
5653.274 39.324 8.771
5654.574 39.527 8.649
5655.878 38.202 8.377
5657.179 40.704 8.557
5658.484 38.757 8.999
5659.786 41.729 9.116
5661.088 40.045 8.781
5662.393 42.546 8.821
5663.696 39.783 9.441
5665.002 39.334 9.642
5666.305 39.609 9.572
5667.612 41.403 9.875
5668.916 39.865 10.844
5670.22 40.892 11.658
5671.527 41.739 12.536
5672.832 37.966 13.048
5674.14 40.293 12.606
5675.445 39.013 11.978
5676.754 36.345 12.34
5678.06 40.478 11.863
5679.369 39.682 11.423
5680.676 39.354 11.786
5681.983 39.063 13.763
5683.293 39.009 15.294
5684.6 41.097 18.351
5685.911 39.678 18.172
5687.219 38.412 19.061
5688.531 39.526 20.515
5689.839 40.91 21.579
5691.148 41.12 22.239
5692.461 40.317 20.701
5693.77 42.464 18.121
5695.083 40.63 16.734
5696.393 41.586 14.583
5697.707 41.2 13.898
5699.018 40.16 12.826
5700.329 40.397 12.704
5701.643 39.639 13.084
5702.955 42.264 11.972
5704.27 39.103 11.696
5705.582 40.382 10.139
5706.898 38.035 10.79
5708.211 37.322 10.813
5709.524 38.317 10.575
5710.841 41.882 10.193
5712.154 39.428 10.527
5713.472 40.748 10.941
5714.786 38.942 10.768
5716.104 39.02 9.978
5717.419 38.567 10.148
5718.734 40.588 10.204
5720.053 39.672 10.262
5721.369 40.17 9.728
5722.688 37.035 10.211
5724.004 39.764 9.608
5725.324 36.486 10.348
5726.642 37.718 10.471
5727.959 35.114 10.566
5729.28 38.197 9.939
5730.598 38.237 11.11
5731.919 39.1 10.135
5733.238 39.627 9.34
5734.56 39.249 10.003
5735.879 41.012 9.449
5737.199 41.362 9.246
5738.522 42.155 9.492
5739.842 42.532 9.734
5741.165 41.242 9.129
5742.486 41.734 9.057
5743.81 42.837 9.64
5745.132 41.78 9.07
5746.453 43.302 9.369
5747.779 40.585 9.319
5749.101 39.73 9.5
5750.427 40.344 9.726
5751.749 41.706 9.412
5753.076 41.675 9.515
5754.399 41.931 8.886
5755.723 40.475 8.999
5757.05 40.988 9.436
5758.375 41.677 10.389
5759.703 40.469 10.11
5761.028 41.236 10.178
5762.356 42.143 9.768
5763.682 40.742 10.421
5765.008 40.538 10.575
5766.337 41.612 11.427
5767.664 40.564 12.321
5768.994 40.262 15.411
5770.321 39.969 19.246
5771.651 37.07 20.025
5772.979 41.015 16.916
5774.307 41.954 12.811
5775.639 42.514 10.791
5776.967 41.576 10.125
5778.3 38.568 10.353
5779.629 40.475 9.88
5780.962 39.52 10.238
5782.291 38.668 10.267
5783.625 40.822 10.786
5784.955 43.83 10.305
5786.286 43.952 10.649
5787.621 41.879 11.317
5788.952 41.182 12.779
5790.287 39.659 16.232
5791.619 40.441 18.636
5792.954 40.171 19.576
5794.287 41.357 15.627
5795.62 41.705 13.051
5796.957 41.245 11.213
5798.29 39.327 10.962
5799.627 37.442 10.848
5800.961 37.407 11.194
5802.299 38.177 10.568
5803.634 37.631 11.102
5804.969 40.476 11.408
5806.308 40.314 10.893
5807.643 39.445 10.858
5808.983 40.05 10.831
5810.319 42.379 11.011
5811.659 42.481 10.665
5812.996 41.942 10.88
5814.333 40.554 11.126
5815.674 39.272 11.196
5817.012 40.105 10.624
5818.353 41.941 10.566
5819.692 40.649 10.837
5821.034 39.716 11.663
5822.373 40.659 11.817
5823.712 41.751 11.632
5825.055 41.168 11.917
5826.395 41.391 11.399
5827.739 42.42 11.514
5829.079 40.746 11.898
5830.424 42.0 11.194
5831.765 42.677 11.764
5833.106 41.147 12.584
5834.451 37.336 12.288
5835.794 38.047 12.589
5837.139 42.155 12.476
5838.482 41.2 12.081
5839.829 42.418 12.103
5841.172 40.498 11.869
5842.516 40.256 12.059
5843.863 40.682 12.037
5845.207 39.004 12.445
5846.555 42.085 12.642
5847.9 40.639 12.651
5849.249 42.812 12.127
5850.594 40.086 12.531
5851.94 39.01 12.589
5853.29 40.943 12.552
5854.636 39.568 12.692
5855.986 40.334 13.12
5857.334 41.289 12.776
5858.684 43.506 12.22
5860.032 43.743 12.435
5861.38 42.022 13.288
5862.732 42.199 12.465
5864.08 41.123 14.13
5865.433 39.552 15.948
5866.782 42.891 20.613
5868.135 40.511 24.841
5869.485 42.089 24.846
5870.835 40.221 20.278
5872.189 40.222 15.823
5873.54 39.308 14.182
5874.894 39.062 14.774
5876.246 39.149 13.925
5877.601 39.031 13.457
5878.953 39.851 12.005
5880.305 40.892 11.358
5881.661 41.101 10.757
5883.014 41.837 10.347
5884.371 40.284 10.757
5885.725 42.317 11.993
5887.082 41.916 14.67
5888.436 37.757 26.663
5889.794 40.618 67.706
5891.149 40.203 141.45
5892.504 44.021 128.816
5893.863 44.152 52.679
5895.219 42.036 37.419
5896.578 40.904 77.652
5897.935 38.186 97.562
5899.295 39.526 57.795
5900.652 38.12 20.413
5902.01 41.587 12.826
5903.371 40.033 12.693
5904.729 38.862 13.305
5906.09 35.705 13.818
5907.449 31.077 15.143
5908.811 30.901 15.205
5910.17 33.862 13.571
5911.53 37.079 12.992
5912.893 34.103 13.002
5914.254 31.312 14.217
5915.617 33.696 19.476
5916.978 37.181 24.365
5918.343 41.73 21.017
5919.704 40.614 15.735
5921.066 40.117 13.354
5922.431 38.624 13.52
5923.794 40.927 14.93
5925.16 40.479 17.062
5926.523 40.656 19.124
5927.89 39.346 17.035
5929.253 40.799 14.49
5930.617 41.547 14.534
5931.985 40.746 16.387
5933.35 40.311 22.61
5934.718 39.855 28.148
5936.083 40.735 22.868
5937.452 39.988 16.419
5938.818 41.437 14.509
5940.184 41.013 14.304
5941.554 40.595 14.084
5942.921 37.86 13.97
5944.291 39.774 14.554
5945.659 40.613 16.673
5947.03 39.761 18.166
5948.398 38.28 18.464
5949.766 40.097 16.066
5951.138 42.105 14.318
5952.507 40.077 15.888
5953.88 40.664 21.765
5955.249 41.521 25.574
5956.623 40.39 21.434
5957.993 42.727 15.56
5959.364 40.97 13.409
5960.738 39.702 13.737
5962.109 41.439 14.308
5963.484 41.93 14.049
5964.856 42.185 13.775
5966.231 40.793 14.017
5967.604 39.531 13.624
5968.977 39.631 13.868
5970.353 38.028 15.405
5971.727 37.909 16.877
5973.104 40.852 16.17
5974.478 39.121 15.08
5975.856 40.315 13.869
5977.23 39.195 17.618
5978.605 39.981 19.637
5979.984 38.946 18.379
5981.36 39.7 15.352
5982.739 41.558 13.796
5984.115 40.318 13.153
5985.495 40.589 12.441
5986.872 42.258 12.343
5988.249 42.083 12.615
5989.63 40.418 12.895
5991.008 40.596 12.476
5992.39 41.86 12.401
5993.768 40.825 12.477
5995.15 41.861 12.256
5996.53 39.057 12.372
5997.912 39.827 13.556
5999.292 39.809 14.515
6000.672 39.207 13.522
6002.056 38.287 12.638
6003.437 39.206 13.145
6004.821 39.431 14.941
6006.203 40.743 15.197
6007.588 40.486 13.663
6008.97 38.754 12.216
6010.352 39.741 11.495
6011.738 39.907 11.738
6013.121 39.156 11.633
6014.508 42.869 11.339
6015.891 40.111 10.956
6017.278 41.002 10.809
6018.663 39.553 11.066
6020.047 40.338 11.024
6021.436 39.036 10.846
6022.821 40.153 11.048
6024.21 38.969 10.927
6025.595 38.572 11.083
6026.985 37.697 11.032
6028.371 38.084 11.207
6029.758 41.061 11.628
6031.149 40.052 11.853
6032.536 39.251 11.387
6033.927 40.253 11.549
6035.315 39.746 12.527
6036.707 40.106 11.869
6038.096 39.459 10.844
6039.485 40.557 10.307
6040.878 39.679 10.288
6042.267 39.856 10.537
6043.661 41.295 10.7
6045.051 39.682 10.65
6046.445 38.882 10.689
6047.836 39.763 10.161
6049.227 40.812 9.613
6050.622 41.677 9.862
6052.014 39.9 9.822
6053.41 41.174 9.54
6054.802 41.168 9.782
6056.198 40.318 9.581
6057.592 42.1 9.509
6058.985 39.028 9.453
6060.382 39.854 9.542
6061.777 40.992 9.679
6063.174 41.98 9.764
6064.569 42.727 10.094
6065.968 42.149 10.083
6067.363 41.689 9.909
6068.759 40.707 10.05
6070.158 39.979 9.989
6071.555 41.385 9.396
6072.955 40.047 8.998
6074.352 39.978 8.882
6075.753 39.887 9.171
6077.15 40.172 9.02
6078.549 42.813 8.342
6079.95 41.236 9.019
6081.349 40.444 9.216
6082.751 40.818 8.709
6084.151 39.533 8.728
6085.554 40.438 8.81
6086.954 40.714 8.987
6088.354 40.227 9.07
6089.758 41.351 8.738
6091.159 41.487 8.757
6092.563 40.451 9.128
6093.965 40.115 9.015
6095.37 41.741 9.229
6096.772 39.859 9.246
6098.178 41.857 8.89
6099.581 40.411 9.22
6100.984 40.199 9.419
6102.391 40.969 9.355
6103.795 39.29 9.493
6105.203 39.765 9.813
6106.607 41.164 9.486
6108.015 41.221 9.153
6109.42 40.542 9.327
6110.826 39.857 9.286
6112.235 39.782 8.959
6113.641 40.639 8.944
6115.051 41.075 9.119
6116.458 41.557 8.938
6117.868 41.003 8.514
6119.276 40.436 7.976
6120.683 38.289 8.337
6122.095 37.064 8.201
6123.503 38.804 8.231
6124.915 41.752 8.071
6126.324 40.748 8.031
6127.737 39.253 8.456
6129.147 39.222 8.344
6130.557 39.35 8.046
6131.97 39.654 8.075
6133.381 40.291 8.251
6134.795 40.811 8.168
6136.207 41.543 8.405
6137.622 40.899 9.188
6139.034 38.503 10.308
6140.446 39.907 11.015
6141.862 38.522 10.574
6143.275 39.549 9.909
6144.691 40.949 10.461
6146.105 41.339 10.894
6147.522 41.292 10.431
6148.936 40.029 9.08
6150.351 40.678 8.24
6151.769 40.197 8.723
6153.184 38.21 9.495
6154.603 37.749 10.258
6156.019 37.469 10.689
6157.439 36.8 10.511
6158.855 38.595 9.66
6160.272 39.31 9.779
6161.693 38.23 11.602
6163.11 39.098 11.766
6164.531 39.942 10.927
6165.949 40.354 8.857
6167.371 40.136 8.323
6168.79 39.448 8.452
6170.209 39.504 10.625
6171.632 41.379 13.143
6173.052 41.344 12.947
6174.475 39.045 11.105
6175.896 39.016 9.927
6177.32 40.004 9.687
6178.741 38.778 9.402
6180.162 36.289 8.379
6181.588 34.206 8.093
6183.01 36.843 7.882
6184.435 37.071 8.506
6185.858 38.271 8.489
6187.285 38.476 8.313
6188.708 36.043 8.293
6190.132 37.322 8.429
6191.559 36.68 8.53
6192.983 38.268 8.602
6194.412 38.081 9.26
6195.837 38.475 9.237
6197.265 39.167 8.481
6198.691 37.81 8.144
6200.117 38.153 8.16
6201.547 40.713 8.735
6202.973 40.82 10.486
6204.404 39.954 12.383
6205.831 38.82 11.31
6207.262 37.761 8.852
6208.69 37.878 8.206
6210.122 38.151 8.279
6211.55 37.976 8.199
6212.979 37.383 9.099
6214.412 38.478 9.573
6215.842 39.873 8.85
6217.275 38.834 8.058
6218.705 38.903 7.594
6220.139 39.525 8.061
6221.57 39.39 10.279
6223.002 39.606 12.485
6224.437 39.78 12.186
6225.869 39.281 9.967
6227.304 39.355 7.798
6228.737 40.0 7.27
6230.173 39.951 7.219
6231.606 38.839 7.44
6233.04 37.213 8.431
6234.477 36.625 13.185
6235.911 38.498 23.431
6237.349 38.44 29.64
6238.784 38.087 25.94
6240.223 38.362 18.682
6241.659 39.047 14.977
6243.094 38.609 14.933
6244.534 38.467 14.478
6245.971 38.569 12.432
6247.411 37.39 10.226
6248.848 35.981 8.992
6250.289 36.482 8.663
6251.727 38.23 7.965
6253.165 38.498 7.49
6254.607 38.222 7.169
6256.046 38.692 8.618
6257.489 38.187 15.251
6258.928 39.867 25.945
6260.371 38.756 26.774
6261.812 38.878 18.266
6263.252 37.993 11.358
6264.696 37.614 11.629
6266.138 36.761 14.037
6267.583 38.339 14.452
6269.024 38.991 12.78
6270.47 37.28 10.593
6271.913 36.096 9.008
6273.355 36.026 8.253
6274.802 35.918 8.693
6276.246 35.998 9.777
6277.693 36.861 10.744
6279.137 36.568 11.735
6280.585 38.141 10.832
6282.03 39.662 9.018
6283.475 39.105 7.854
6284.924 40.569 7.714
6286.37 39.355 10.692
6287.819 39.875 18.888
6289.266 38.619 22.968
6290.716 38.723 19.3
6292.163 37.427 12.52
6293.611 39.029 8.592
6295.062 39.996 8.147
6296.51 37.763 9.694
6297.962 38.144 15.401
6299.411 39.482 38.162
6300.864 37.841 78.868
6302.313 39.639 96.895
6303.763 39.4 71.486
6305.217 35.687 24.389
6306.667 39.283 17.028
6308.122 38.158 27.129
6309.573 39.641 26.855
6311.028 38.259 15.889
6312.48 37.377 9.088
6313.932 38.154 7.65
6315.388 38.244 7.422
6316.841 39.662 7.025
6318.297 41.278 7.014
6319.751 41.892 7.749
6321.208 40.683 10.401
6322.662 38.383 13.258
6324.12 37.764 13.232
6325.575 37.973 10.309
6327.03 38.256 8.056
6328.489 39.804 10.304
6329.945 38.802 17.203
6331.405 39.455 23.961
6332.861 40.664 20.986
6334.322 38.588 12.25
6335.779 37.443 7.535
6337.236 36.942 7.725
6338.698 36.877 7.139
6340.156 38.89 7.058
6341.618 39.097 7.537
6343.077 38.528 7.773
6344.54 40.166 7.736
6345.999 40.607 7.744
6347.459 39.29 8.502
6348.923 40.534 10.481
6350.383 40.927 11.7
6351.848 40.104 10.555
6353.309 40.204 8.561
6354.774 38.007 8.861
6356.236 36.616 12.98
6357.698 37.829 17.421
6359.164 39.868 16.499
6360.627 38.06 11.633
6362.094 38.977 9.385
6363.557 38.436 21.431
6365.025 36.611 36.355
6366.489 41.664 34.416
6367.954 38.341 19.766
6369.422 40.422 9.088
6370.887 39.415 6.957
6372.357 39.442 6.953
6373.823 39.194 6.804
6375.292 39.441 6.809
6376.759 38.387 7.14
6378.226 37.213 7.866
6379.697 37.76 8.927
6381.164 37.736 9.982
6382.636 37.544 9.385
6384.104 38.19 7.92
6385.576 38.372 8.415
6387.045 39.266 11.436
6388.515 40.072 12.672
6389.988 39.172 10.473
6391.458 41.379 7.45
6392.932 38.628 6.544
6394.402 39.726 6.576
6395.877 39.537 6.734
6397.348 39.291 6.67
6398.82 39.816 6.511
6400.296 40.788 6.434
6401.768 41.221 6.639
6403.244 40.922 6.69
6404.717 40.633 6.692
6406.194 39.864 6.72
6407.668 40.748 6.559
6409.142 40.87 6.358
6410.62 39.201 6.18
6412.095 39.476 6.38
6413.573 38.559 7.162
6415.049 38.029 8.194
6416.528 39.07 8.081
6418.004 40.058 6.643
6419.481 38.293 6.762
6420.961 38.544 8.478
6422.438 40.194 9.209
6423.919 40.389 8.138
6425.397 39.446 6.804
6426.878 39.732 6.219
6428.357 39.511 6.445
6429.836 39.306 6.257
6431.319 38.646 6.109
6432.798 39.009 6.093
6434.281 38.687 6.029
6435.762 42.288 6.061
6437.246 41.228 6.193
6438.727 37.924 6.203
6440.211 39.673 6.071
6441.693 39.0 6.028
6443.175 39.61 6.174
6444.661 39.607 6.285
6446.143 39.987 6.494
6447.63 39.896 6.412
6449.113 39.681 6.421
6450.6 40.374 6.514
6452.084 39.083 6.53
6453.568 39.242 7.18
6455.056 39.911 7.225
6456.541 38.851 6.909
6458.03 37.69 7.052
6459.516 39.189 7.557
6461.006 39.456 7.567
6462.492 39.283 7.997
6463.979 40.47 10.451
6465.469 41.182 15.159
6466.957 41.402 18.377
6468.448 40.286 16.852
6469.936 37.719 14.14
6471.428 37.265 14.887
6472.917 38.976 16.381
6474.406 39.031 13.363
6475.899 38.616 8.461
6477.388 38.756 7.062
6478.882 39.458 8.571
6480.372 39.011 8.949
6481.867 39.057 7.781
6483.358 38.608 6.58
6484.849 37.749 5.969
6486.345 39.94 5.348
6487.837 40.019 5.616
6489.333 39.898 5.721
6490.826 40.31 5.383
6492.323 39.566 5.605
6493.816 40.861 5.781
6495.31 39.532 6.431
6496.808 40.304 7.661
6498.303 40.676 15.251
6499.801 39.748 25.053
6501.296 39.494 25.464
6502.796 39.454 16.652
6504.292 39.007 10.155
6505.788 39.556 11.769
6507.288 41.05 12.266
6508.785 39.703 10.056
6510.286 38.865 6.737
6511.784 37.782 6.148
6513.285 36.678 6.3
6514.784 35.263 7.124
6516.282 33.782 7.462
6517.785 36.499 6.456
6519.284 36.504 5.603
6520.788 36.963 5.632
6522.288 38.353 7.739
6523.792 39.427 10.153
6525.293 40.281 10.131
6526.794 39.429 8.126
6528.299 39.957 6.589
6529.801 40.54 6.069
6531.306 40.91 7.113
6532.809 40.652 13.227
6534.315 40.191 20.469
6535.819 40.369 20.305
6537.322 38.832 12.769
6538.83 37.961 6.611
6540.334 39.283 5.927
6541.842 39.141 6.735
6543.347 40.498 8.186
6544.856 38.57 12.009
6546.362 39.086 12.982
6547.867 39.896 10.479
6549.377 39.358 6.633
6550.884 40.038 6.408
6552.395 37.525 7.583
6553.902 40.164 19.443
6555.413 39.452 26.181
6556.921 39.685 20.274
6558.433 38.653 10.356
6559.942 40.858 6.449
6561.451 41.719 7.56
6562.964 38.846 13.669
6564.474 39.617 17.587
6565.988 42.809 14.772
6567.498 46.142 9.671
6569.013 47.937 9.504
6570.524 44.97 11.379
6572.036 40.895 10.332
6573.551 37.919 7.793
6575.063 36.249 6.705
6576.58 37.057 10.07
6578.092 36.094 18.106
6579.609 41.479 20.916
6581.123 62.975 15.142
6582.637 94.369 8.003
6584.155 98.602 6.215
6585.67 65.086 6.234
6587.188 39.652 5.745
6588.704 38.72 5.537
6590.223 36.784 5.422
6591.739 36.33 5.965
6593.255 38.897 5.752
6594.776 36.56 5.668
6596.293 38.164 7.335
6597.814 37.746 9.322
6599.332 38.778 9.081
6600.854 43.852 7.4
6602.372 57.269 6.807
6603.891 67.912 9.665
6605.414 62.175 13.26
6606.933 48.116 13.088
6608.457 40.695 9.24
6609.977 39.067 6.152
6611.502 38.35 5.658
6613.022 38.584 5.595
6614.544 37.78 5.298
6616.069 37.271 5.48
6617.591 38.205 5.652
6619.117 38.328 5.49
6620.64 39.992 5.753
6622.167 40.493 5.651
6623.69 39.729 5.526
6625.214 37.851 5.382
6626.742 37.886 5.791
6628.266 38.406 7.075
6629.794 36.966 7.476
6631.32 38.31 6.849
6632.849 38.846 6.376
6634.375 39.927 7.781
6635.901 39.408 9.446
6637.431 39.685 8.257
6638.958 40.523 6.321
6640.489 41.336 5.82
6642.017 40.647 5.664
6643.548 39.045 5.573
6645.077 39.005 5.289
6646.605 38.344 5.105
6648.138 38.371 5.37
6649.667 39.084 5.57
6651.201 39.15 5.531
6652.731 39.45 5.528
6654.265 38.938 5.577
6655.796 38.776 5.629
6657.327 39.867 5.606
6658.862 39.369 5.736
6660.394 39.33 5.951
6661.93 38.649 6.19
6663.462 38.475 6.239
6664.999 38.248 6.438
6666.532 39.967 6.045
6668.066 38.219 6.864
6669.604 39.109 7.416
6671.138 40.681 6.506
6672.676 40.482 5.594
6674.211 39.701 5.49
6675.75 38.656 5.492
6677.286 38.266 5.855
6678.826 39.094 5.354
6680.362 38.652 5.36
6681.899 37.299 5.348
6683.44 37.206 5.317
6684.977 38.315 5.367
6686.519 38.026 5.386
6688.057 38.293 5.643
6689.599 39.203 5.702
6691.138 39.954 5.463
6692.678 38.802 5.239
6694.221 38.471 5.191
6695.761 39.29 5.264
6697.305 38.322 5.49
6698.846 37.93 5.933
6700.39 38.839 6.247
6701.932 39.457 6.583
6703.474 40.467 6.272
6705.019 39.924 5.971
6706.562 39.501 6.473
6708.108 38.123 6.628
6709.652 39.564 6.26
6711.199 39.164 6.282
6712.743 39.886 5.895
6714.287 38.488 5.779
6715.835 39.468 5.969
6717.38 39.602 5.838
6718.929 38.714 5.914
6720.475 39.75 5.629
6722.025 38.97 5.322
6723.571 39.352 5.383
6725.118 38.975 5.329
6726.669 38.696 5.418
6728.216 37.727 5.458
6729.768 39.119 5.633
6731.316 38.556 5.922
6732.868 38.47 5.827
6734.417 40.603 5.458
6735.966 51.22 5.337
6737.519 56.286 5.302
6739.069 50.677 5.282
6740.623 42.524 5.592
6742.174 38.737 5.776
6743.729 38.292 5.886
6745.28 39.092 6.041
6746.832 39.311 6.048
6748.388 40.417 5.899
6749.94 45.661 5.648
6751.497 51.714 5.302
6753.05 51.208 4.936
6754.607 43.025 5.163
6756.161 38.149 5.299
6757.715 38.599 5.142
6759.274 38.303 4.914
6760.829 38.573 5.068
6762.388 38.711 5.338
6763.943 38.429 5.06
6765.503 38.963 5.149
6767.059 38.517 5.034
6768.616 37.967 5.008
6770.177 37.474 5.388
6771.734 37.661 5.221
6773.296 38.488 5.018
6774.854 37.437 5.141
6776.416 39.583 5.173
6777.975 38.526 5.249
6779.535 38.684 5.035
6781.098 39.92 4.958
6782.658 39.459 4.934
6784.222 39.041 5.247
6785.783 38.12 5.452
6787.348 38.32 5.566
6788.909 38.714 5.544
6790.471 37.896 5.464
6792.037 38.637 5.126
6793.599 38.558 4.969
6795.166 38.106 5.031
6796.729 38.796 5.009
6798.296 39.192 4.994
6799.86 38.767 4.906
6801.428 39.612 4.757
6802.993 40.103 4.966
6804.558 38.203 5.279
6806.127 37.57 5.074
6807.693 38.375 4.758
6809.263 37.663 4.911
6810.829 37.944 4.866
6812.4 38.722 4.864
6813.967 37.905 5.019
6815.534 37.348 5.039
6817.106 37.151 4.885
6818.674 37.285 5.087
6820.247 38.767 5.009
6821.816 38.745 5.22
6823.389 37.925 5.046
6824.958 39.74 4.895
6826.528 39.679 6.885
6828.103 39.649 15.697
6829.673 38.355 31.336
6831.248 40.238 39.672
6832.82 39.619 30.829
6834.396 38.657 28.931
6835.968 39.147 33.987
6837.54 39.385 28.523
6839.117 38.463 13.184
6840.69 40.033 7.644
6842.268 38.832 11.038
6843.842 38.999 12.465
6845.42 39.289 10.241
6846.995 39.024 6.545
6848.57 39.259 5.009
6850.149 38.245 5.156
6851.725 38.132 5.867
6853.305 39.377 5.97
6854.882 38.026 5.336
6856.462 38.025 4.794
6858.04 38.722 4.812
6859.617 37.706 5.013
6861.199 37.47 6.036
6862.778 36.663 15.217
6864.36 35.773 38.843
6865.939 38.728 54.377
6867.523 40.298 41.604
6869.102 39.537 17.727
6870.683 39.926 9.594
6872.267 38.87 13.429
6873.848 37.8 12.968
6875.433 37.693 8.737
6877.015 38.524 5.34
6878.601 37.732 5.412
6880.183 37.448 6.465
6881.766 37.113 9.578
6883.353 36.85 11.424
6884.936 39.149 9.506
6886.524 38.16 6.667
6888.108 38.846 6.983
6889.697 38.665 13.237
6891.281 40.7 17.997
6892.867 39.11 14.278
6894.456 36.318 8.087
6896.042 39.829 6.553
6897.633 37.689 6.11
6899.219 39.57 5.659
6900.81 37.87 10.845
6902.398 39.453 17.63
6903.986 39.659 16.183
6905.578 38.101 8.649
6907.166 40.082 5.177
6908.759 39.389 5.134
6910.349 40.621 5.254
6911.942 39.135 9.298
6913.532 39.564 19.669
6915.123 40.887 21.144
6916.717 39.769 13.796
6918.308 38.88 6.579
6919.904 37.905 5.285
6921.496 39.369 6.844
6923.092 39.293 19.639
6924.684 39.263 34.616
6926.281 41.129 31.996
6927.875 38.423 15.862
6929.468 38.064 6.782
6931.066 39.144 5.359
6932.661 39.271 5.178
6934.259 39.02 4.629
6935.855 38.297 4.644
6937.454 37.465 5.26
6939.05 37.976 10.214
6940.646 39.901 17.92
6942.247 40.571 19.085
6943.844 39.705 12.447
6945.445 38.53 6.492
6947.043 37.963 6.612
6948.645 38.541 17.963
6950.243 39.097 34.83
6951.842 40.345 36.658
6953.445 39.528 21.517
6955.045 37.863 7.697
6956.649 38.549 5.766
6958.249 38.784 5.963
6959.854 39.179 5.817
6961.455 37.67 5.533
6963.056 38.993 5.439
6964.662 39.311 5.327
6966.264 38.386 5.571
6967.871 37.421 6.383
6969.473 39.611 8.609
6971.081 40.522 14.035
6972.684 38.402 14.824
6974.288 38.99 9.719
6975.897 37.866 5.974
6977.501 39.86 9.087
6979.11 40.057 21.293
6980.716 38.768 27.461
6982.326 39.785 18.829
6983.932 40.279 7.532
6985.539 39.723 5.704
6987.149 38.554 5.728
6988.757 39.414 6.03
6990.368 39.941 5.683
6991.977 39.757 5.217
6993.589 40.27 5.262
6995.198 38.426 5.072
6996.807 38.662 5.287
6998.42 37.532 5.435
7000.03 36.817 5.777
7001.645 37.043 5.697
7003.255 38.804 6.795
7004.87 38.147 10.286
7006.482 39.7 10.646
7008.094 39.329 7.507
7009.71 40.2 5.464
7011.322 39.647 9.51
7012.939 38.074 15.657
7014.552 41.208 13.885
7016.17 38.956 8.08
7017.784 38.696 4.978
7019.398 38.288 4.828
7021.017 40.34 4.581
7022.632 38.72 4.823
7024.252 39.599 4.597
7025.867 39.038 4.542
7027.488 38.375 4.78
7029.104 37.982 4.779
7030.721 39.272 5.065
7032.343 39.903 5.392
7033.96 39.985 5.239
7035.582 38.196 5.04
7037.201 38.067 4.884
7038.824 37.838 4.657
7040.443 38.14 5.241
7042.066 38.371 6.816
7043.686 38.78 7.92
7045.307 39.468 7.027
7046.931 38.856 7.199
7048.553 38.902 10.688
7050.178 39.418 12.64
7051.8 39.545 11.253
7053.426 39.923 8.715
7055.049 39.994 6.937
7056.672 38.072 6.404
7058.299 38.671 5.862
7059.923 38.967 5.338
7061.551 40.575 5.366
7063.175 41.151 6.014
7064.804 39.758 6.746
7066.429 40.417 6.878
7068.055 40.739 7.088
7069.685 40.067 7.093
7071.311 39.959 6.718
7072.942 39.183 6.526
7074.569 39.119 6.507
7076.2 37.906 6.305
7077.828 37.081 5.926
7079.456 37.544 6.088
7081.089 37.78 6.467
7082.718 38.152 6.762
7084.351 37.186 7.38
7085.981 37.293 6.99
7087.615 38.121 6.485
7089.245 37.048 7.5
7090.876 36.395 8.393
7092.511 36.476 7.687
7094.143 37.468 6.402
7095.779 39.167 5.337
7097.411 38.863 5.004
7099.048 38.105 5.004
7100.681 39.233 5.082
7102.314 38.579 5.066
7103.952 38.23 5.042
7105.587 37.451 5.04
7107.225 36.465 4.918
7108.86 37.009 5.107
7110.499 36.028 5.397
7112.135 35.381 5.404
7113.771 36.235 5.177
7115.412 38.041 4.985
7117.049 37.52 4.959
7118.69 37.813 4.982
7120.327 37.796 4.938
7121.969 36.629 4.772
7123.608 37.742 4.651
7125.246 37.313 4.874
7126.89 37.665 5.276
7128.529 37.561 6.09
7130.173 37.147 6.395
7131.813 36.444 6.118
7133.458 37.006 6.138
7135.099 36.748 6.555
7136.74 36.579 5.956
7138.386 37.791 5.046
7140.028 37.829 4.743
7141.675 36.752 5.144
7143.318 36.18 6.523
7144.965 37.094 7.824
7146.608 36.245 8.541
7148.253 36.408 8.154
7149.901 35.827 7.147
7151.546 36.599 6.554
7153.195 35.535 5.702
7154.84 35.742 5.138
7156.49 37.047 5.089
7158.137 37.572 5.386
7159.783 36.74 5.766
7161.434 36.115 5.991
7163.082 35.625 6.202
7164.734 35.841 6.412
7166.382 36.495 6.384
7168.034 36.326 6.377
7169.683 35.873 6.103
7171.337 35.674 6.246
7172.987 35.114 6.255
7174.637 35.762 6.004
7176.291 35.068 6.384
7177.942 35.41 6.94
7179.597 36.101 6.514
7181.249 35.477 6.298
7182.905 36.81 6.524
7184.557 36.393 6.109
7186.21 35.554 5.492
7187.867 35.559 4.813
7189.521 36.575 4.667
7191.179 38.052 4.813
7192.833 37.514 4.758
7194.492 37.191 4.563
7196.147 37.438 4.557
7197.802 37.158 4.6
7199.462 37.677 4.467
7201.118 38.058 4.899
7202.779 36.217 5.051
7204.436 37.05 4.841
7206.097 36.905 4.633
7207.755 35.984 4.541
7209.413 35.457 4.756
7211.075 34.114 4.708
7212.734 34.605 4.571
7214.398 34.764 4.196
7216.057 36.222 4.279
7217.721 35.909 4.29
7219.382 37.218 4.16
7221.043 37.334 4.419
7222.708 37.035 5.187
7224.369 36.275 5.917
7226.035 36.514 6.056
7227.697 37.151 5.694
7229.364 36.195 5.463
7231.027 35.947 5.633
7232.691 36.082 5.746
7234.359 36.653 6.294
7236.023 38.139 6.632
7237.691 37.958 10.499
7239.357 37.544 30.39
7241.026 38.003 66.48
7242.692 38.236 84.172
7244.358 37.663 72.33
7246.028 34.102 72.926
7247.695 39.99 71.064
7249.367 38.632 45.237
7251.034 35.591 14.162
7252.706 37.015 11.88
7254.375 37.804 19.488
7256.044 38.688 21.53
7257.717 37.596 16.294
7259.387 37.266 8.872
7261.061 37.422 6.361
7262.731 36.537 5.578
7264.406 36.715 6.046
7266.077 36.677 6.104
7267.748 35.651 6.655
7269.424 36.929 8.089
7271.097 38.355 8.747
7272.773 38.667 8.24
7274.447 38.768 13.589
7276.124 35.721 52.483
7277.798 36.864 105.296
7279.472 42.008 96.786
7281.151 37.637 44.085
7282.826 36.544 13.71
7284.505 36.944 26.687
7286.181 38.241 43.845
7287.861 39.304 36.498
7289.538 37.346 17.796
7291.215 39.178 7.5
7292.896 38.298 7.492
7294.574 38.441 8.309
7296.256 38.685 12.983
7297.934 38.407 17.273
7299.617 37.931 13.969
7301.296 38.099 7.632
7302.98 38.421 10.738
7304.66 36.867 24.363
7306.341 40.23 29.375
7308.025 38.692 18.718
7309.707 37.138 8.625
7311.392 37.744 7.582
7313.074 36.585 8.887
7314.761 36.764 13.179
7316.443 37.236 48.558
7318.126 41.089 80.538
7319.814 41.027 65.579
7321.498 37.535 24.377
7323.186 37.868 6.797
7324.871 38.379 5.028
7326.56 37.723 5.032
7328.245 39.196 11.262
7329.931 37.36 32.319
7331.622 39.343 40.903
7333.308 39.511 26.317
7334.999 38.32 9.757
7336.687 36.99 5.778
7338.379 39.224 6.004
7340.067 38.283 22.545
7341.755 34.371 79.161
7343.448 45.232 95.715
7345.138 39.936 53.596
7346.831 37.687 14.084
7348.522 37.775 7.508
7350.216 38.598 6.432
7351.907 38.645 6.99
7353.598 39.365 7.327
7355.294 38.405 7.258
7356.986 39.796 7.303
7358.683 38.219 21.361
7360.375 37.982 38.819
7362.073 40.813 32.314
7363.766 39.616 13.213
7365.46 39.347 6.575
7367.159 36.571 7.94
7368.854 40.222 23.444
7370.553 34.459 73.864
7372.248 46.991 76.77
7373.948 37.917 34.962
7375.645 38.579 8.621
7377.342 37.909 7.122
7379.043 37.279 5.952
7380.74 37.304 5.507
7382.442 38.427 5.182
7384.141 37.677 5.278
7385.843 36.514 5.459
7387.543 39.112 5.368
7389.242 39.225 5.66
7390.946 39.311 8.601
7392.646 39.476 20.362
7394.351 40.044 30.204
7396.052 39.104 21.731
7397.758 38.016 8.211
7399.459 39.407 6.2
7401.162 39.95 15.832
7402.868 37.793 44.272
7404.571 42.098 52.287
7406.279 41.21 28.724
7407.983 37.677 7.727
7409.691 38.502 4.854
7411.395 37.057 5.009
7413.1 37.486 6.056
7414.81 37.711 6.54
7416.516 38.513 6.391
7418.226 38.964 6.03
7419.932 39.139 5.574
7421.643 39.571 5.063
7423.351 37.632 5.063
7425.059 37.345 5.472
7426.771 39.71 5.379
7428.479 40.6 6.252
7430.192 38.771 12.722
7431.902 38.666 18.155
7433.615 38.644 13.795
7435.325 38.036 7.575
7437.04 38.226 7.476
7438.751 38.176 19.602
7440.462 37.431 31.141
7442.178 37.372 24.065
7443.89 37.026 10.028
7445.607 37.8 5.607
7447.319 38.546 5.05
7449.037 37.806 4.693
7450.75 38.656 4.603
7452.464 37.368 4.994
7454.183 38.671 4.972
7455.898 41.467 5.022
7457.617 39.844 5.088
7459.333 40.167 5.624
7461.053 38.614 6.513
7462.769 38.591 8.765
7464.486 38.454 11.015
7466.207 37.166 12.649
7467.925 38.453 15.755
7469.647 37.665 14.786
7471.365 37.722 14.566
7473.088 39.343 20.943
7474.807 38.258 28.543
7476.527 40.612 23.104
7478.251 39.454 13.919
7479.971 40.279 16.977
7481.696 39.068 26.342
7483.417 40.261 27.096
7485.143 38.646 27.77
7486.865 38.614 22.572
7488.587 39.202 11.509
7490.314 39.918 6.562
7492.037 38.695 6.127
7493.765 39.686 8.6
7495.489 38.452 12.311
7497.217 38.335 10.897
7498.942 38.576 6.732
7500.667 38.109 5.557
7502.397 37.586 5.661
7504.123 38.443 5.526
7505.853 38.405 5.273
7507.58 38.315 4.917
7509.311 39.846 4.689
7511.039 40.189 4.81
7512.767 39.385 4.767
7514.499 37.215 4.731
7516.228 37.933 5.511
7517.961 38.465 7.86
7519.69 37.523 9.807
7521.424 38.742 9.497
7523.155 40.074 19.211
7524.885 37.935 53.35
7526.621 44.57 64.569
7528.352 37.288 35.468
7530.088 39.288 15.016
7531.82 36.987 21.234
7533.557 39.315 21.57
7535.29 37.523 12.321
7537.024 39.097 6.095
7538.762 39.086 5.876
7540.496 40.804 7.947
7542.235 38.13 10.814
7543.97 41.087 9.244
7545.71 37.748 6.26
7547.446 39.684 5.377
7549.182 38.186 5.349
7550.923 39.211 5.174
7552.66 38.726 5.636
7554.401 38.246 6.295
7556.139 39.352 7.238
7557.882 39.51 12.449
7559.62 39.474 18.131
7561.359 40.442 14.396
7563.103 39.248 7.59
7564.843 38.4 5.505
7566.587 40.016 5.79
7568.328 39.352 7.549
7570.073 39.161 11.056
7571.815 38.7 26.468
7573.561 40.647 45.477
7575.303 39.161 40.842
7577.046 37.884 18.731
7578.793 37.679 7.333
7580.537 39.019 5.523
7582.285 38.96 5.426
7584.029 38.51 5.28
7585.778 40.071 10.791
7587.523 39.068 20.674
7589.268 40.633 19.961
7591.018 39.394 10.418
7592.765 40.156 6.04
7594.516 39.951 5.44
7596.263 39.867 5.915
7598.014 38.301 14.913
7599.762 41.723 42.006
7601.511 45.034 50.262
7603.264 35.171 25.893
7605.013 36.835 8.083
7606.766 36.991 7.758
7608.516 36.598 8.619
7610.271 37.863 9.068
7612.021 38.377 8.999
7613.773 37.797 7.953
7615.528 40.217 7.151
7617.28 39.013 9.422
7619.037 37.882 17.748
7620.79 39.318 20.424
7622.547 38.39 15.68
7624.3 38.821 11.107
7626.054 38.62 9.87
7627.813 39.541 14.672
7629.568 37.137 33.134
7631.327 42.434 39.946
7633.083 39.617 24.304
7634.843 36.651 9.899
7636.599 38.162 6.585
7638.356 37.329 6.038
7640.117 36.443 6.125
7641.875 35.779 6.328
7643.637 36.15 6.206
7645.396 39.371 6.343
7647.159 37.85 5.651
7648.918 36.459 5.565
7650.677 39.298 5.503
7652.442 37.4 6.561
7654.202 39.058 11.828
7655.967 37.496 15.023
7657.728 38.361 9.42
7659.494 37.483 5.272
7661.256 37.929 7.044
7663.019 34.95 17.035
7664.786 37.623 23.928
7666.549 39.865 16.06
7668.317 35.174 6.787
7670.081 38.179 4.382
7671.85 37.702 4.704
7673.615 36.788 5.024
7675.38 36.62 4.731
7677.15 37.414 4.486
7678.916 36.59 4.302
7680.687 35.853 4.626
7682.454 36.301 5.984
7684.225 36.105 6.867
7685.993 37.078 6.177
7687.761 34.784 6.813
7689.534 34.161 7.809
7691.303 36.255 7.737
7693.077 36.74 9.703
7694.846 36.378 9.984
7696.621 36.273 7.216
7698.391 38.878 6.338
7700.162 37.269 12.253
7701.938 36.014 16.002
7703.71 37.404 11.169
7705.486 35.605 6.01
7707.259 36.237 5.307
7709.036 36.74 5.338
7710.81 36.768 9.947
7712.588 36.704 41.189
7714.362 34.313 90.271
7716.137 42.778 97.667
7717.916 37.777 107.72
7719.691 40.43 103.171
7721.472 38.671 54.636
7723.248 35.026 18.428
7725.029 35.869 19.537
7726.806 35.752 30.426
7728.584 37.315 29.073
7730.366 36.225 17.293
7732.144 36.516 8.111
7733.927 36.776 7.072
7735.706 35.097 9.578
7737.49 33.734 11.878
7739.27 34.465 9.727
7741.051 36.518 7.809
7742.836 35.996 7.755
7744.617 37.255 6.513
7746.403 35.533 6.556
7748.185 36.534 9.28
7749.972 37.019 35.607
7751.754 34.219 117.176
7753.538 44.477 131.627
7755.326 40.274 59.073
7757.11 35.698 11.913
7758.899 38.821 15.242
7760.683 37.545 37.835
7762.473 39.13 50.768
7764.259 39.448 30.494
7766.045 36.389 9.144
7767.836 36.055 5.032
7769.623 36.492 5.447
7771.414 35.538 6.538
7773.202 35.309 14.028
7774.995 35.83 24.399
7776.783 37.965 22.165
7778.572 35.145 11.543
7780.366 38.187 15.867
7782.156 36.294 34.562
7783.951 39.074 30.254
7785.741 35.764 12.264
7787.537 37.745 6.466
7789.328 37.741 7.592
7791.12 36.673 9.601
7792.917 37.39 22.151
7794.709 38.471 66.694
7796.507 34.156 101.703
7798.3 40.014 62.183
7800.099 34.809 14.527
7801.893 37.819 5.529
7803.688 36.164 4.996
7805.487 35.11 5.99
7807.283 37.411 9.7
7809.083 35.211 32.757
7810.88 37.486 46.99
7812.681 36.622 30.079
7814.478 36.708 10.986
7816.276 36.039 8.733
7818.078 36.826 8.619
7819.877 38.565 10.212
7821.68 42.029 62.723
7823.48 32.97 121.431
7825.284 46.691 86.939
7827.084 34.967 23.042
7828.884 37.825 7.283
7830.69 37.586 6.954
7832.491 36.24 7.226
7834.297 36.571 6.469
7836.1 37.629 6.871
7837.907 36.832 6.449
7839.71 37.451 7.485
7841.513 38.71 24.93
7843.321 38.588 43.755
7845.126 40.709 32.489
7846.935 37.324 11.276
7848.74 39.854 7.774
7850.55 35.645 20.035
7852.356 39.439 38.04
7854.167 39.304 105.474
7855.974 32.856 134.516
7857.781 44.197 75.536
7859.593 36.742 30.847
7861.401 37.884 53.29
7863.214 35.284 63.123
7865.023 40.081 33.144
7866.836 35.371 12.108
7868.646 36.416 22.932
7870.456 38.208 45.694
7872.271 37.328 68.952
7874.082 39.393 55.923
7875.898 38.929 21.86
7877.71 37.414 9.754
7879.526 36.569 26.939
7881.339 38.595 44.21
7883.152 40.308 43.251
7884.97 39.074 30.521
7886.784 38.08 14.774
7888.603 37.589 14.075
7890.417 37.803 48.894
7892.237 36.163 77.028
7894.052 43.563 47.345
7895.868 35.151 14.448
7897.689 37.607 8.825
7899.506 37.653 7.731
7901.328 36.952 6.507
7903.145 36.264 6.159
7904.968 36.623 6.902
7906.786 36.23 7.271
7908.605 36.885 7.387
7910.429 35.977 8.698
7912.249 39.671 22.283
7914.073 40.415 105.187
7915.894 36.511 166.712
7917.719 44.653 104.868
7919.541 33.788 28.981
7921.363 37.096 48.295
7923.189 37.081 81.569
7925.012 42.289 55.216
7926.84 35.862 15.588
7928.663 36.335 8.372
7930.491 37.335 17.088
7932.316 35.405 44.701
7934.141 37.782 54.174
7935.97 38.662 29.897
7937.796 35.038 9.441
7939.626 37.376 5.632
7941.453 35.84 6.122
7943.284 36.029 6.583
7945.111 36.432 7.667
7946.939 37.394 10.484
7948.772 35.217 17.77
7950.6 36.516 38.606
7952.434 38.606 39.311
7954.263 36.567 17.129
7956.097 35.584 5.962
7957.928 35.33 5.236
7959.758 35.229 4.875
7961.594 35.058 5.871
7963.425 37.721 18.121
7965.262 35.288 76.045
7967.094 37.518 120.849
7968.931 37.042 77.476
7970.765 34.032 24.407
7972.598 36.24 10.762
7974.437 35.52 7.44
7976.271 37.727 8.671
7978.111 37.829 18.854
7979.946 38.926 42.983
7981.786 36.896 61.996
7983.622 40.709 41.08
7985.459 36.352 10.945
7987.3 35.885 6.702
7989.138 36.213 7.895
7990.98 37.108 10.665
7992.818 39.272 42.097
7994.662 37.106 114.11
7996.501 41.899 118.095
7998.345 39.382 51.65
8000.185 35.848 12.504
8002.025 38.075 8.551
8003.87 35.991 7.916
8005.712 37.579 7.232
8007.558 37.233 6.204
8009.4 37.039 5.531
8011.247 35.006 6.247
8013.09 38.235 10.721
8014.933 37.787 33.356
8016.781 39.672 44.761
8018.626 37.096 26.762
8020.475 36.818 11.129
8022.32 36.096 12.35
8024.17 35.733 15.19
8026.016 37.625 53.672
8027.862 43.837 100.253
8029.713 41.552 78.683
8031.561 35.982 29.023
8033.413 36.973 12.339
8035.261 37.882 8.17
8037.114 37.144 6.94
8038.963 37.987 5.76
8040.812 36.644 5.514
8042.666 38.023 5.876
8044.516 37.108 5.684
8046.371 37.772 5.099
8048.222 37.614 5.225
8050.078 35.481 6.867
8051.93 35.238 17.61
8053.783 36.104 29.939
8055.64 37.91 25.462
8057.493 37.357 9.956
8059.351 37.49 6.154
8061.205 38.247 10.834
8063.064 38.256 41.778
8064.919 38.906 59.649
8066.774 41.455 30.405
8068.634 36.754 7.53
8070.49 36.509 5.202
8072.352 35.591 4.669
8074.209 36.083 5.184
8076.07 37.304 5.764
8077.928 38.831 6.917
8079.787 37.538 7.297
8081.65 37.692 6.396
8083.509 37.804 5.439
8085.373 37.903 7.074
8087.233 38.154 9.061
8089.098 38.135 7.367
8090.959 36.928 4.957
8092.82 35.832 6.004
8094.686 35.845 13.563
8096.549 36.829 17.317
8098.416 38.133 10.608
8100.279 36.195 6.259
8102.147 37.658 11.997
8104.01 35.865 25.493
8105.875 39.188 25.163
8107.744 37.333 12.489
8109.609 37.398 6.178
8111.479 38.892 5.868
8113.345 36.742 5.315
8115.216 37.485 5.25
8117.083 38.309 4.735
8118.95 36.711 4.576
8120.823 36.622 4.388
8122.691 35.844 4.418
8124.564 37.392 4.771
8126.433 36.254 4.936
8128.307 36.808 5.212
8130.177 37.217 5.457
8132.051 37.623 5.635
8133.922 37.758 5.883
8135.793 37.414 5.752
8137.67 35.377 6.314
8139.542 36.382 9.177
8141.419 35.547 12.743
8143.291 35.805 10.212
8145.169 36.25 6.273
8147.043 36.398 8.948
8148.917 37.938 14.125
8150.796 37.575 11.805
8152.672 38.291 6.356
8154.551 37.348 4.541
8156.427 37.771 4.389
8158.308 38.771 4.26
8160.185 38.115 4.238
8162.062 38.362 4.386
8163.944 38.003 4.555
8165.823 38.011 4.298
8167.706 38.391 4.4
8169.585 37.075 4.481
8171.468 37.213 4.599
8173.348 35.905 4.714
8175.229 37.632 4.992
8177.114 36.895 5.263
8178.995 37.522 5.532
8180.881 38.511 6.267
8182.763 38.197 7.364
8184.65 36.612 8.647
8186.533 36.443 9.185
8188.416 38.561 9.69
8190.304 37.139 10.515
8192.188 35.577 10.406
8194.078 38.268 9.177
8195.963 38.073 11.624
8197.853 36.779 13.355
8199.738 37.919 10.483
8201.625 39.233 7.444
8203.516 36.593 7.109
8205.403 38.693 7.093
8207.295 37.658 6.82
8209.184 36.839 7.011
8211.077 38.496 6.181
8212.965 35.974 5.575
8214.855 39.681 5.296
8216.749 38.531 5.505
8218.639 38.313 5.412
8220.535 37.181 4.873
8222.426 35.981 4.378
8224.322 36.048 4.636
8226.214 35.321 4.891
8228.106 35.655 4.221
8230.004 35.622 3.819
8231.897 33.848 3.731
8233.795 36.922 3.48
8235.689 36.591 3.752
8237.589 36.323 3.689
8239.484 35.297 3.762
8241.379 35.149 4.505
8243.279 37.285 5.579
8245.176 37.278 5.705
8247.077 37.214 5.387
8248.974 35.922 5.983
8250.877 38.37 6.03
8252.775 38.842 4.913
8254.673 37.642 4.265
8256.577 37.702 4.969
8258.476 36.939 4.901
8260.381 36.914 4.023
8262.281 36.336 3.78
8264.186 37.752 3.646
8266.087 36.266 3.408
8267.989 38.948 3.671
8269.895 37.404 3.743
8271.798 36.873 4.265
8273.705 36.218 4.211
8275.609 36.631 4.409
8277.517 36.366 10.367
8279.421 35.613 32.76
8281.331 35.843 62.766
8283.236 38.51 85.201
8285.141 40.196 69.39
8287.052 38.752 46.853
8288.958 37.011 87.343
8290.87 40.359 126.72
8292.777 39.796 73.498
8294.689 38.931 16.592
8296.597 39.732 27.025
8298.506 37.619 74.082
8300.42 40.453 125.264
8302.329 40.422 105.461
8304.244 39.83 39.463
8306.154 36.146 10.509
8308.069 36.086 7.896
8309.981 39.383 11.752
8311.892 34.114 37.265
8313.809 38.993 42.544
8315.722 36.625 17.165
8317.639 35.292 5.369
8319.553 35.148 7.156
8321.471 36.651 7.482
8323.385 37.831 5.661
8325.3 35.756 4.419
8327.22 35.796 3.625
8329.136 36.287 3.401
8331.056 35.691 3.523
8332.973 33.325 3.618
8334.894 35.329 3.749
8336.812 34.799 3.578
8338.73 35.701 5.738
8340.653 36.741 8.478
8342.571 39.418 21.921
8344.495 40.164 107.655
8346.415 33.622 250.469
8348.34 47.272 207.683
8350.26 33.526 61.436
8352.181 38.035 31.227
8354.107 32.878 84.552
8356.029 36.787 94.229
8357.956 36.978 36.268
8359.878 32.688 7.482
8361.806 32.986 9.361
8363.73 35.905 16.024
8365.654 35.817 32.459
8367.583 37.255 38.941
8369.508 37.799 20.287
8371.438 35.531 5.991
8373.364 34.974 4.179
8375.295 33.613 4.405
8377.221 35.709 5.273
8379.149 35.504 6.738
8381.081 36.718 16.289
8383.009 35.068 50.314
8384.942 36.77 71.928
8386.871 38.688 39.147
8388.805 34.33 9.329
8390.735 35.828 5.427
8392.665 36.602 5.981
8394.6 37.921 6.394
8396.532 36.378 7.947
8398.468 38.893 43.471
8400.4 38.612 161.636
8402.337 45.99 195.365
8404.27 40.817 76.846
8406.203 34.78 9.901
8408.142 34.915 4.34
8410.076 35.164 4.258
8412.015 33.739 5.146
8413.95 34.396 10.124
8415.891 35.39 52.795
8417.827 32.597 86.611
8419.763 39.881 50.188
8421.705 34.936 10.352
8423.642 35.896 6.031
8425.585 35.898 7.981
8427.523 33.556 11.916
8429.466 42.867 43.011
8431.406 32.662 190.92
8433.35 43.53 227.351
8435.29 40.834 86.444
8437.23 35.553 12.308
8439.176 35.957 6.501
8441.118 34.476 4.45
8443.064 35.336 3.987
8445.006 35.899 4.408
8446.954 34.621 7.326
8448.897 37.031 11.373
8450.841 33.674 13.017
8452.789 36.641 43.714
8454.734 36.947 77.601
8456.684 40.503 47.579
8458.629 34.797 10.479
8460.58 32.717 5.127
8462.526 32.938 7.184
8464.473 38.269 27.435
8466.425 34.968 131.39
8468.372 42.19 183.938
8470.325 42.127 72.575
8472.274 32.585 9.131
8474.227 35.268 5.909
8476.177 35.079 8.489
8478.127 36.343 7.104
8480.082 34.369 4.671
8482.033 34.372 3.892
8483.989 34.247 3.911
8485.94 36.597 3.903
8487.897 34.631 4.748
8489.85 33.34 4.551
8491.803 35.011 6.828
8493.761 34.62 27.26
8495.715 35.363 52.848
8497.674 36.976 37.083
8499.629 34.09 11.049
8501.589 37.45 7.197
8503.545 35.52 14.217
8505.501 37.332 64.629
8507.462 32.361 103.284
8509.419 39.808 57.129
8511.382 34.209 10.438
8513.34 35.584 4.427
8515.303 35.44 3.89
8517.262 36.216 3.927
8519.221 32.33 3.874
8521.186 32.943 4.654
8523.146 27.859 5.955
8525.111 29.078 4.871
8527.073 30.89 3.829
8529.039 33.181 3.79
8531.001 35.391 3.302
8532.964 35.939 3.043
8534.931 34.583 3.358
8536.895 36.003 3.746
8538.863 35.06 12.934
8540.828 32.627 27.076
8542.797 34.168 20.587
8544.762 33.445 7.749
8546.728 36.014 6.007
8548.699 37.119 21.904
8550.666 32.77 48.036
8552.637 39.167 38.619
8554.605 32.809 11.284
8556.578 34.608 4.458
8558.546 33.571 3.723
8560.515 33.798 3.112
8562.489 33.045 3.425
8564.459 30.178 3.213
8566.434 25.695 3.204
8568.404 22.032 3.469
8570.38 22.77 3.503
8572.352 27.207 3.822
8574.324 31.039 4.658
8576.301 34.387 5.352
8578.274 33.613 5.445
8580.252 34.952 4.808
8582.226 36.539 3.736
8584.205 33.043 3.33
8586.18 35.995 2.918
8588.16 35.19 7.195
8590.136 34.608 14.619
8592.112 34.779 13.4
8594.093 35.502 6.169
8596.07 35.396 6.203
8598.052 34.82 16.412
8600.03 37.796 20.761
8602.013 36.6 10.01
8603.992 35.769 4.042
8605.972 35.273 3.821
8607.956 34.66 3.855
8609.936 35.057 4.414
8611.922 36.772 5.736
8613.903 35.614 8.186
8615.889 36.379 12.123
8617.871 35.267 16.664
8619.854 38.611 21.052
8621.842 32.037 27.085
8623.825 37.163 33.339
8625.814 37.648 39.123
8627.798 37.22 42.986
8629.788 35.536 46.277
8631.773 35.712 48.151
8633.759 35.658 48.178
8635.75 37.539 44.598
8637.736 35.339 39.474
8639.728 38.908 32.713
8641.716 34.428 25.677
8643.708 36.234 21.232
8645.697 36.575 13.47
8647.686 34.825 12.591
8649.68 36.426 20.655
8651.67 37.414 37.304
8653.665 38.251 43.276
8655.656 36.329 42.916
8657.652 36.325 47.317
8659.643 37.15 44.489
8661.635 34.972 48.733
8663.633 38.867 42.961
8665.626 35.51 39.325
8667.624 37.492 45.226
8669.618 37.552 34.411
8671.617 33.441 33.83
8673.612 34.893 33.045
8675.607 35.857 24.071
8677.608 35.931 26.834
8679.604 33.798 20.411
8681.606 36.303 15.611
8683.603 33.805 19.209
8685.605 30.468 12.605
8687.604 24.87 10.364
8689.602 25.595 11.175
8691.606 28.569 7.367
8693.605 32.005 6.952
8695.61 34.245 7.638
8697.611 34.643 5.746
8699.616 32.229 5.937
8701.618 33.428 8.621
8703.619 33.692 8.255
8705.626 34.647 5.694
8707.629 35.785 6.234
8709.637 34.65 8.185
8711.641 37.375 6.545
8713.65 34.288 3.601
8715.654 35.742 2.231
8717.659 35.681 2.251
8719.669 35.827 2.284
8721.675 34.398 1.854
8723.687 36.397 1.669
8725.693 36.75 2.263
8727.706 34.793 3.407
8729.713 34.562 3.798
8731.722 37.296 2.584
8733.735 37.443 1.292
8735.744 34.743 1.665
8737.759 34.268 2.67
8739.769 35.153 3.335
8741.784 36.513 3.846
8743.795 37.349 3.686
8745.812 36.235 2.974
8747.824 37.084 2.589
8749.836 37.741 2.721
8751.854 37.604 3.515
8753.867 34.166 3.839
8755.886 36.644 3.122
8757.9 34.387 9.294
8759.919 38.496 48.109
8761.935 38.736 120.975
8763.95 41.381 153.167
8765.971 45.863 97.626
8767.988 38.923 130.472
8770.01 35.901 211.169
8772.027 50.654 122.379
8774.05 34.657 26.859
8776.069 37.154 36.861
8778.088 37.011 131.945
8780.112 32.903 208.801
8782.132 47.56 143.853
8784.157 34.361 30.716
8786.177 37.921 5.131
8788.204 36.187 4.81
8790.225 35.954 14.61
8792.247 33.999 53.744
8794.275 39.458 67.984
8796.298 35.431 28.337
8798.326 35.058 4.549
8800.35 34.603 3.81
8802.38 36.03 2.981
8804.405 39.261 3.085
8806.43 35.853 2.654
8808.461 37.297 2.939
8810.487 37.925 6.824
8812.519 35.429 9.479
8814.546 37.824 6.1
8816.579 34.832 2.5
8818.607 36.03 2.117
8820.636 36.563 2.254
8822.67 35.088 4.226
8824.7 38.983 17.386
8826.735 42.113 123.095
8828.765 30.59 346.533
8830.801 50.198 349.088
8832.833 33.92 99.439
8834.865 35.091 42.3
8836.902 34.604 101.016
8838.935 30.74 162.29
8840.973 45.894 87.468
8843.007 33.281 12.732
8845.046 36.257 5.217
8847.081 35.382 8.484
8849.116 39.207 17.673
8851.157 34.03 44.956
8853.193 38.827 50.06
8855.234 37.229 16.452
8857.272 36.273 4.245
8859.314 38.564 4.327
8861.352 37.095 4.153
8863.391 37.411 7.575
8865.434 34.82 12.934
8867.474 42.664 42.182
8869.519 34.31 111.17
8871.559 40.328 84.761
8873.605 37.271 18.633
8875.646 36.631 3.495
8877.688 37.44 2.62
8879.735 36.873 2.287
8881.778 36.342 3.822
8883.826 38.305 12.802
8885.87 41.191 105.042
8887.919 31.953 267.496
8889.964 44.51 211.819
8892.009 37.667 47.537
8894.059 33.699 7.981
8896.105 34.719 5.377
8898.157 32.116 7.289
8900.204 37.349 8.134
8902.256 38.698 25.937
8904.304 31.629 103.826
8906.357 43.583 127.318
8908.406 37.3 46.055
8910.456 36.363 10.195
8912.51 37.283 7.859
8914.561 37.304 5.658
8916.616 34.652 8.049
8918.668 41.344 52.029
8920.724 30.415 261.984
8922.776 50.146 349.064
8924.829 44.08 127.954
8926.887 33.683 14.595
8928.941 36.79 10.066
8931.0 36.889 10.382
8933.054 35.135 6.804
8935.114 35.48 5.347
8937.17 35.38 5.281
8939.226 35.754 6.151
8941.287 35.583 8.959
8943.344 38.645 44.159
8945.406 34.815 105.651
8947.464 40.785 83.031
8949.528 34.533 17.264
8951.586 38.231 4.3
8953.646 35.872 4.099
8955.71 33.111 10.804
8957.771 45.961 76.835
8959.836 30.558 223.772
8961.897 46.451 198.3
8963.964 37.65 49.652
8966.026 35.376 5.884
8968.089 35.054 4.02
8970.157 35.126 4.592
8972.22 33.475 7.472
8974.289 33.774 8.235
8976.354 36.58 5.47
8978.424 36.763 3.927
8980.489 36.518 4.878
8982.555 39.316 6.932
8984.627 38.23 8.268
8986.693 34.108 10.051
8988.766 39.623 44.34
8990.834 38.621 86.735
8992.907 38.688 56.657
8994.976 33.987 17.395
8997.045 34.538 7.216
8999.12 36.768 6.679
9001.19 37.958 52.189
9003.266 31.801 155.777
9005.337 40.444 124.411
9007.413 35.131 32.628
9009.486 35.75 4.196
9011.558 37.307 2.364
9013.636 35.071 1.565
9015.71 34.201 1.83
9017.789 35.566 2.017
9019.863 35.391 2.235
9021.943 33.2 4.279
9024.019 35.959 5.647
9026.095 34.34 3.427
9028.176 35.116 2.686
9030.253 36.128 4.783
9032.335 36.459 4.803
9034.413 33.102 3.648
9036.497 34.923 4.681
9038.575 35.416 22.918
9040.655 33.454 43.574
9042.74 34.337 27.256
9044.82 32.346 8.29
9046.905 34.367 6.942
9048.987 36.437 19.355
9051.073 33.151 69.083
9053.156 36.353 69.803
9055.238 37.802 22.982
9057.326 35.376 6.056
9059.41 33.436 5.406
9061.499 35.342 3.695
9063.584 34.874 3.326
9065.674 35.552 4.664
9067.759 36.316 5.688
9069.85 35.978 6.292
9071.937 34.247 6.601
9074.024 33.975 5.492
9076.116 36.337 3.281
9078.204 35.299 1.819
9080.298 34.441 1.855
9082.386 36.936 2.137
9084.481 37.562 2.476
9086.571 35.658 3.65
9088.661 36.192 3.517
9090.757 33.617 3.518
9092.848 37.137 11.944
9094.945 37.856 23.396
9097.037 39.518 17.112
9099.135 35.858 4.896
9101.228 35.506 6.568
9103.322 37.167 23.501
9105.421 35.878 36.216
9107.516 33.686 21.702
9109.616 35.777 4.751
9111.712 36.422 1.6
9113.813 33.983 2.791
9115.909 35.973 1.894
9118.007 34.988 1.756
9120.109 33.856 2.6
9122.207 34.671 2.418
9124.311 34.91 1.963
9126.41 35.78 1.681
9128.514 35.496 1.56
9130.614 35.241 1.572
9132.715 38.249 1.827
9134.821 35.839 2.17
9136.922 33.961 2.538
9139.029 35.615 2.917
9141.132 35.188 2.578
9143.24 34.236 1.906
9145.343 34.206 1.741
9147.447 34.298 1.906
9149.556 36.344 2.767
9151.661 35.002 6.758
9153.771 35.079 15.101
9155.877 35.231 18.609
9157.989 40.897 8.364
9160.095 38.237 8.728
9162.203 35.513 18.602
9164.315 34.63 19.407
9166.424 35.779 10.356
9168.537 33.779 3.522
9170.647 35.896 2.894
9172.761 34.733 3.127
9174.872 31.829 2.82
9176.982 31.996 3.139
9179.098 36.778 3.07
9181.21 35.899 2.442
9183.327 33.967 2.583
9185.44 34.792 3.256
9187.558 32.907 3.539
9189.672 35.835 3.029
9191.786 34.149 2.433
9193.905 35.905 2.152
9196.02 35.171 2.07
9198.141 33.665 2.123
9200.257 35.186 2.313
9202.378 32.988 2.67
9204.495 35.012 3.158
9206.613 34.826 3.83
9208.736 34.576 4.705
9210.854 36.214 5.518
9212.978 34.634 6.261
9215.098 34.186 6.95
