3803.645 21.965 11.779
3804.522 24.217 11.807
3805.397 26.666 11.771
3806.273 23.109 11.783
3807.15 22.813 14.823
3808.026 32.009 15.225
3808.904 31.789 15.18
3809.78 36.852 15.279
3810.659 36.309 15.21
3811.536 35.208 14.975
3812.412 33.471 14.792
3813.292 30.933 14.621
3814.169 29.384 14.453
3815.048 29.053 14.439
3815.926 38.967 13.928
3816.806 36.342 13.068
3817.684 31.869 10.937
3818.562 35.137 10.451
3819.443 34.476 12.222
3820.322 35.093 11.762
3821.202 38.519 11.464
3822.082 34.665 11.489
3822.963 26.881 11.809
3823.842 32.17 12.659
3824.724 34.333 12.535
3825.604 32.722 11.737
3826.484 27.805 9.941
3827.366 35.223 8.718
3828.247 38.058 9.224
3829.13 35.269 11.372
3830.011 36.429 13.675
3830.894 38.497 14.919
3831.775 39.752 14.594
3832.657 37.477 13.35
3833.54 40.458 11.891
3834.422 37.92 11.028
3835.307 40.638 11.037
3836.189 46.067 11.822
3837.073 47.501 12.516
3837.956 49.048 12.243
3838.839 49.599 11.206
3839.724 40.035 10.366
3840.608 42.114 9.984
3841.493 37.009 10.927
3842.377 35.022 12.645
3843.263 38.997 14.443
3844.147 36.88 15.282
3845.032 33.755 15.498
3845.918 33.401 15.53
3846.803 33.106 15.499
3847.69 33.971 15.617
3848.575 35.851 14.639
3849.463 34.491 13.632
3850.348 32.946 13.054
3851.234 30.475 12.916
3852.122 28.161 13.49
3853.008 24.756 14.07
3853.897 22.971 14.286
3854.783 25.885 13.761
3855.672 31.311 12.908
3856.559 34.98 12.678
3857.446 35.438 12.615
3858.336 36.418 11.94
3859.223 37.493 11.017
3860.113 37.2 10.043
3861.001 38.698 9.663
3861.892 38.722 10.238
3862.78 36.729 11.823
3863.669 38.145 13.892
3864.56 41.208 15.26
3865.449 39.588 14.949
3866.34 43.162 14.203
3867.23 36.647 13.404
3868.121 35.901 13.273
3869.011 40.677 13.204
3869.901 39.197 12.322
3870.794 36.67 10.887
3871.684 38.509 9.618
3872.577 36.953 9.468
3873.468 34.498 10.31
3874.361 35.821 12.332
3875.252 28.608 14.679
3876.144 30.012 16.2
3877.038 32.496 15.875
3877.93 27.1 14.3
3878.824 26.689 12.827
3879.716 31.282 11.882
3880.611 28.931 11.867
3881.504 27.692 11.659
3882.396 26.7 11.149
3883.292 24.028 10.928
3884.185 27.295 11.203
3885.081 28.997 11.977
3885.975 26.928 12.1
3886.871 25.141 11.256
3887.765 24.344 9.989
3888.659 23.993 9.444
3889.556 23.592 10.244
3890.451 20.089 11.435
3891.348 27.192 12.607
3892.243 26.856 13.742
3893.141 24.894 14.779
3894.036 24.049 14.927
3894.934 25.529 14.191
3895.83 25.662 13.768
3896.726 24.899 15.154
3897.625 25.601 17.125
3898.522 24.684 16.601
3899.421 29.343 15.12
3900.318 34.438 15.49
3901.217 29.362 16.053
3902.115 32.084 16.368
3903.012 35.447 15.894
3903.912 35.765 15.467
3904.81 35.217 15.296
3905.711 33.607 14.877
3906.609 32.689 15.36
3907.51 36.354 17.156
3908.409 34.437 18.833
3909.308 37.661 19.022
3910.21 37.368 18.492
3911.109 39.236 18.27
3912.011 39.247 18.487
3912.911 37.323 19.092
3913.813 35.794 19.345
3914.714 33.835 18.359
3915.614 32.454 17.509
3916.517 30.496 17.26
3917.418 33.279 16.69
3918.322 35.171 16.85
3919.223 38.157 17.645
3920.127 35.263 16.808
3921.029 32.586 14.915
3921.931 35.303 13.399
3922.835 39.118 13.601
3923.737 41.227 14.478
3924.642 43.675 14.672
3925.545 39.753 14.076
3926.45 39.927 13.225
3927.354 38.667 12.162
3928.257 35.203 11.255
3929.163 34.328 10.395
3930.067 35.102 9.449
3930.973 35.311 8.514
3931.877 35.436 7.609
3932.784 34.117 6.772
3933.689 32.486 6.035
3934.594 32.523 5.536
3935.501 29.944 5.522
3936.406 31.818 6.193
3937.314 32.716 7.156
3938.22 32.758 8.423
3939.128 31.17 9.967
3940.034 30.186 11.541
3940.941 34.083 12.865
3941.849 31.819 13.787
3942.756 24.221 14.264
3943.665 30.625 13.877
3944.573 31.373 13.709
3945.482 30.191 13.639
3946.39 32.624 14.398
3947.298 33.755 15.735
3948.208 33.039 16.517
3949.116 36.82 15.756
3950.027 41.173 15.906
3950.936 35.216 16.78
3951.847 39.576 17.163
3952.756 37.064 16.742
3953.665 38.399 15.979
3954.577 38.823 15.595
3955.487 39.367 16.145
3956.399 40.793 16.531
3957.309 38.719 15.729
3958.221 36.148 15.632
3959.132 40.542 16.492
3960.045 36.563 16.543
3960.956 36.796 15.359
3961.867 37.179 13.873
3962.781 37.807 12.299
3963.692 37.34 10.901
3964.606 38.742 10.024
3965.518 42.574 9.66
3966.433 44.754 9.157
3967.345 44.779 8.124
3968.258 47.656 6.408
3969.173 47.876 4.718
3970.086 43.608 4.368
3971.002 40.954 5.656
3971.915 43.946 7.543
3972.831 46.533 8.96
3973.745 46.771 9.681
3974.659 44.272 10.565
3975.576 41.166 12.406
3976.49 40.863 14.18
3977.407 37.208 15.433
3978.322 36.885 16.051
3979.24 39.993 16.352
3980.155 36.038 17.269
3981.071 36.416 17.991
3981.989 37.249 17.705
3982.905 36.424 17.203
3983.823 35.918 16.739
3984.74 35.525 16.703
3985.659 34.792 16.945
3986.576 30.052 16.871
3987.493 23.976 17.523
3988.412 22.015 18.635
3989.33 17.856 19.346
3990.25 18.604 19.449
3991.168 20.932 18.557
3992.088 21.985 17.637
3993.006 22.916 17.731
3993.925 24.044 18.506
3994.846 27.392 18.829
3995.765 30.972 18.157
3996.686 30.543 18.002
3997.606 33.596 17.223
3998.528 37.354 16.807
3999.447 38.364 18.069
4000.368 37.615 19.208
4001.29 39.115 19.188
4002.211 41.587 19.246
4003.133 39.949 20.355
4004.054 40.483 20.677
4004.978 44.364 19.602
4005.899 43.002 17.444
4006.821 41.914 16.484
4007.745 45.573 17.488
4008.666 45.747 19.669
4009.591 41.133 21.237
4010.513 41.335 21.279
4011.438 47.619 20.74
4012.361 48.11 20.806
4013.284 43.151 21.113
4014.209 43.794 20.705
4015.133 45.361 21.106
4016.059 39.911 21.906
4016.983 38.328 20.979
4017.909 39.03 19.226
4018.833 37.496 19.057
4019.758 35.005 20.107
4020.685 31.908 21.383
4021.61 26.84 22.425
4022.537 26.27 21.483
4023.462 24.967 20.559
4024.39 22.174 20.848
4025.316 22.769 21.578
4026.242 19.694 21.354
4027.171 20.753 21.311
4028.097 23.514 21.512
4029.026 23.065 21.572
4029.953 22.388 20.55
4030.882 25.458 18.813
4031.809 31.697 17.112
4032.739 34.722 16.541
4033.667 35.069 16.922
4034.595 37.35 17.413
4035.525 40.865 17.973
4036.453 41.921 18.646
4037.384 44.743 19.745
4038.313 50.312 20.799
4039.244 51.652 21.333
4040.173 48.049 21.563
4041.103 50.567 20.549
4042.035 49.966 20.665
4042.965 49.106 21.42
4043.897 54.387 22.253
4044.827 52.207 20.765
4045.76 52.091 19.455
4046.691 53.235 21.963
4047.622 53.434 26.874
4048.555 54.873 28.713
4049.486 54.18 25.506
4050.42 56.36 22.488
4051.352 54.887 22.214
4052.286 54.281 21.976
4053.218 53.595 20.625
4054.151 50.367 20.367
4055.086 52.777 20.279
4056.019 54.036 19.501
4056.954 53.129 18.421
4057.887 53.572 18.386
4058.823 53.427 18.651
4059.757 62.407 19.67
4060.691 57.841 20.273
4061.627 54.807 20.594
4062.561 57.452 20.314
4063.498 55.778 18.601
4064.433 59.409 17.261
4065.37 58.136 17.875
4066.305 54.174 19.672
4067.241 56.044 20.414
4068.179 53.008 19.461
4069.115 57.631 19.793
4070.053 61.475 20.973
4070.989 57.454 20.697
4071.928 58.558 19.289
4072.865 60.154 18.371
4073.802 62.149 18.655
4074.741 63.048 19.57
4075.679 59.698 20.261
4076.618 58.402 20.562
4077.556 62.577 19.702
4078.497 58.276 18.913
4079.435 58.591 19.252
4080.373 57.233 20.523
4081.314 59.763 21.632
4082.253 60.832 21.944
4083.194 60.379 21.688
4084.134 58.947 20.582
4085.076 58.943 19.119
4086.015 60.503 18.723
4086.955 60.726 20.327
4087.898 59.891 22.096
4088.838 55.33 22.001
4089.781 57.07 21.45
4090.722 49.538 20.995
4091.665 51.48 20.752
4092.606 53.86 20.0
4093.548 54.847 19.662
4094.492 55.975 19.792
4095.434 56.76 19.909
4096.378 59.669 19.264
4097.321 63.249 18.131
4098.265 62.643 17.829
4099.208 63.961 18.122
4100.151 61.884 18.14
4101.097 60.463 17.073
4102.04 56.328 15.186
4102.986 54.249 14.436
4103.93 52.007 15.555
4104.876 49.161 17.496
4105.821 49.967 18.96
4106.768 52.89 19.196
4107.712 56.807 19.632
4108.657 56.915 19.971
4109.605 59.528 19.618
4110.55 62.168 19.381
4111.498 59.824 19.248
4112.444 59.802 18.974
4113.392 57.319 19.009
4114.338 54.441 19.744
4115.285 54.909 20.064
4116.234 50.718 20.833
4117.181 49.663 21.526
4118.13 57.192 20.759
4119.078 52.81 19.168
4120.027 54.953 18.752
4120.975 52.238 19.172
4121.923 52.921 19.667
4122.874 50.044 20.045
4123.822 50.249 20.568
4124.773 55.829 20.851
4125.722 53.988 20.775
4126.673 52.847 20.282
4127.623 59.484 19.822
4128.572 57.934 19.461
4129.524 59.889 19.416
4130.474 57.388 19.56
4131.427 53.355 19.373
4132.377 53.849 18.836
4133.33 55.323 18.394
4134.281 55.903 18.153
4135.232 55.445 18.479
4136.186 51.015 19.393
4137.137 48.694 20.357
4138.091 52.16 21.135
4139.043 54.209 21.482
4139.998 59.73 21.239
4140.95 59.735 21.101
4141.903 61.552 20.764
4142.858 61.064 19.54
4143.811 58.401 17.635
4144.766 59.408 16.294
4145.72 61.004 17.44
4146.676 60.299 19.613
4147.63 59.165 19.964
4148.584 62.337 19.854
4149.541 61.524 19.469
4150.495 65.563 18.835
4151.452 62.906 18.605
4152.407 57.815 19.121
4153.365 58.577 19.334
4154.32 59.429 18.642
4155.276 53.706 18.562
4156.234 50.14 18.606
4157.19 48.45 18.864
4158.149 46.315 19.697
4159.106 45.774 19.852
4160.065 44.665 19.642
4161.022 49.351 19.816
4161.979 51.118 20.711
4162.939 48.084 21.541
4163.896 47.112 21.969
4164.857 49.614 22.566
4165.815 50.061 22.81
4166.775 50.769 22.796
4167.734 56.698 21.897
4168.693 57.932 20.814
4169.654 56.079 20.931
4170.613 50.92 21.483
4171.575 55.97 20.682
4172.535 57.322 19.077
4173.497 58.25 18.363
4174.457 58.424 18.651
4175.417 58.095 18.911
4176.38 63.822 18.718
4177.341 59.07 19.348
4178.304 58.022 20.119
4179.265 58.421 19.664
4180.229 55.092 19.753
4181.191 54.909 20.061
4182.155 54.464 19.407
4183.117 54.845 18.541
4184.079 56.28 18.277
4185.044 58.19 18.502
4186.007 60.288 18.987
4186.972 59.936 19.529
4187.935 56.658 17.657
4188.901 55.455 16.304
4189.865 59.772 17.953
4190.829 53.491 19.005
4191.795 53.685 19.582
4192.759 52.703 19.73
4193.726 53.578 20.064
4194.691 55.04 19.943
4195.658 56.854 19.175
4196.624 59.774 17.974
4197.589 57.006 17.247
4198.557 58.766 16.731
4199.523 62.523 15.839
4200.491 60.6 16.047
4201.457 58.511 16.924
4202.426 54.727 17.004
4203.393 53.928 17.018
4204.36 53.877 17.726
4205.33 55.432 18.726
4206.297 54.171 18.827
4207.267 50.074 19.235
4208.235 56.595 19.993
4209.205 56.832 20.521
4210.174 54.83 19.97
4211.142 58.064 19.197
4212.113 59.767 19.149
4213.082 56.75 19.232
4214.054 57.102 19.186
4215.023 56.886 18.863
4215.995 53.153 17.901
4216.965 51.871 17.037
4217.935 53.512 17.989
4218.908 51.876 19.075
4219.878 57.314 19.016
4220.851 57.333 18.644
4221.822 58.853 19.155
4222.796 57.176 19.602
4223.767 61.197 19.038
4224.739 62.821 17.875
4225.713 62.749 16.627
4226.685 59.728 14.738
4227.66 55.648 13.13
4228.633 55.948 13.553
4229.608 54.996 16.274
4230.581 56.361 18.742
4231.554 55.202 19.298
4232.53 54.709 19.139
4233.504 56.011 18.929
4234.48 55.209 18.212
4235.454 52.208 17.494
4236.431 51.949 17.043
4237.405 52.71 16.615
4238.38 53.273 16.635
4239.357 55.115 16.678
4240.333 55.565 16.472
4241.31 57.878 17.127
4242.286 58.245 18.321
4243.264 53.376 18.967
4244.241 54.409 18.672
4245.217 56.542 18.692
4246.196 58.913 19.254
4247.173 55.881 19.733
4248.152 55.548 19.92
4249.129 58.457 19.188
4250.109 56.38 17.708
4251.087 58.631 16.58
4252.065 63.489 17.216
4253.045 62.469 18.694
4254.024 60.77 19.288
4255.005 58.801 18.355
4255.984 58.554 17.692
4256.965 56.174 18.374
4257.944 54.177 19.599
4258.926 52.55 19.597
4259.906 51.987 17.879
4260.886 52.837 15.893
4261.869 52.842 15.532
4262.849 54.592 16.831
4263.832 53.277 19.026
4264.813 56.4 19.889
4265.796 57.138 19.361
4266.778 56.717 19.014
4267.759 58.903 18.991
4268.743 63.124 18.623
4269.725 63.853 18.196
4270.71 61.189 17.41
4271.692 61.792 16.022
4272.677 65.922 14.761
4273.66 64.095 14.677
4274.644 61.247 15.644
4275.629 58.26 16.196
4276.613 60.679 16.236
4277.599 56.645 17.613
4278.583 63.621 19.333
4279.57 63.333 19.116
4280.554 63.073 17.762
4281.539 63.752 16.85
4282.526 64.576 17.144
4283.511 66.17 17.861
4284.499 58.876 18.457
4285.485 55.456 18.023
4286.473 52.816 17.178
4287.459 50.036 16.743
4288.446 46.689 16.431
4289.434 46.47 15.581
4290.421 54.733 15.05
4291.411 55.581 15.056
4292.398 56.81 16.058
4293.388 61.016 17.441
4294.375 59.628 18.075
4295.363 58.254 17.506
4296.354 60.68 16.74
4297.342 58.065 16.086
4298.333 60.856 15.47
4299.322 60.393 14.594
4300.313 57.131 13.422
4301.303 61.334 12.752
4302.292 62.781 12.484
4303.284 65.951 12.744
4304.274 65.783 13.071
4305.267 62.993 13.406
4306.257 66.004 13.686
4307.25 68.774 13.981
4308.241 68.826 13.328
4309.232 63.186 12.702
4310.226 66.02 12.618
4311.217 58.833 12.99
4312.212 56.721 13.833
4313.204 57.642 14.635
4314.198 57.616 16.063
4315.191 61.072 17.794
4316.183 61.375 19.108
4317.179 56.731 20.125
4318.172 59.558 21.56
4319.168 67.293 21.856
4320.161 64.347 20.966
4321.157 60.31 20.006
4322.152 61.376 20.595
4323.146 59.938 20.114
4324.143 64.173 17.654
4325.137 66.257 14.824
4326.135 66.882 13.703
4327.13 66.482 14.429
4328.128 69.117 16.274
4329.124 69.333 18.1
4330.119 63.46 19.164
4331.118 64.516 19.044
4332.114 59.247 18.594
4333.113 56.589 18.659
4334.11 52.174 19.367
4335.11 51.707 19.89
4336.107 57.394 19.457
4337.107 57.274 18.77
4338.105 57.884 18.09
4339.103 58.474 16.653
4340.103 59.493 14.966
4341.102 62.864 14.26
4342.103 65.058 14.832
4343.101 65.606 15.489
4344.103 64.373 16.662
4345.102 62.674 17.535
4346.102 61.159 18.366
4347.104 59.705 19.043
4348.104 63.282 19.433
4349.107 61.311 20.156
4350.107 59.153 20.494
4351.11 58.228 19.545
4352.111 57.914 18.022
4353.113 56.225 16.75
4354.116 53.361 16.382
4355.118 58.252 17.757
4356.122 64.119 18.816
4357.125 59.645 21.23
4358.129 57.322 29.2
4359.132 59.951 39.497
4360.135 59.782 41.647
4361.14 53.838 33.603
4362.143 49.793 25.565
4363.149 47.125 22.557
4364.153 45.809 21.689
4365.159 47.425 20.702
4366.164 50.17 21.35
4367.168 51.386 20.842
4368.175 48.054 19.659
4369.18 45.294 19.237
4370.187 46.132 19.445
4371.193 47.171 19.399
4372.201 43.475 19.148
4373.207 44.817 19.286
4374.213 51.269 19.041
4375.221 54.406 18.086
4376.228 56.82 17.668
4377.237 61.645 18.515
4378.244 64.955 19.862
4379.254 67.582 20.481
4380.261 73.541 19.756
4381.269 75.527 19.015
4382.279 74.624 18.919
4383.287 71.587 16.891
4384.298 67.012 14.125
4385.307 62.824 13.325
4386.318 60.554 15.038
4387.327 59.211 17.186
4388.336 58.685 17.898
4389.348 56.458 17.408
4390.358 58.477 17.241
4391.37 66.228 17.341
4392.381 65.244 17.892
4393.393 66.43 18.35
4394.404 68.598 18.269
4395.415 72.001 17.872
4396.429 67.947 17.777
4397.44 70.98 18.681
4398.454 68.741 19.262
4399.466 63.613 19.202
4400.48 60.335 18.555
4401.493 56.614 18.055
4402.505 54.757 18.496
4403.52 57.744 19.147
4404.534 63.125 18.444
4405.549 67.355 17.672
4406.563 63.428 17.754
4407.579 65.821 18.681
4408.593 62.177 19.887
4409.607 71.079 19.767
4410.624 71.677 19.246
4411.638 73.528 20.158
4412.656 71.018 21.703
4413.671 66.883 22.36
4414.689 63.805 21.248
4415.704 61.764 19.558
4416.723 62.882 19.108
4417.739 64.987 19.603
4418.755 65.512 19.815
4419.774 67.056 20.762
4420.791 71.832 21.838
4421.81 72.284 22.479
4422.827 73.38 21.486
4423.847 69.559 19.669
4424.865 71.421 19.232
4425.883 75.19 20.169
4426.903 76.227 20.878
4427.922 75.89 20.561
4428.943 74.897 20.241
4429.962 72.305 20.401
4430.983 71.236 20.105
4432.003 73.621 19.732
4433.022 68.741 20.091
4434.044 69.741 19.888
4435.064 69.986 18.384
4436.087 67.651 17.17
4437.108 67.289 17.551
4438.131 63.533 19.225
4439.152 62.846 20.738
4440.173 67.234 20.861
4441.197 69.474 20.113
4442.219 69.922 19.24
4443.243 71.498 18.402
4444.265 69.414 18.146
4445.29 64.549 18.636
4446.313 59.322 19.849
4447.336 56.17 20.764
4448.361 53.271 20.118
4449.384 57.305 19.753
4450.41 59.353 19.904
4451.434 62.536 19.626
4452.461 62.682 19.625
4453.485 63.7 19.711
4454.51 65.672 18.748
4455.537 65.392 17.332
4456.562 64.575 16.789
4457.589 65.492 17.031
4458.615 67.85 17.432
4459.643 68.967 17.557
4460.669 68.215 17.816
4461.695 69.574 17.705
4462.724 75.086 17.349
4463.751 69.874 17.757
4464.78 70.02 18.165
4465.807 67.725 18.686
4466.837 64.157 18.89
4467.864 64.211 18.869
4468.892 62.588 18.724
4469.923 61.058 18.715
4470.951 63.927 18.181
4471.982 63.851 18.662
4473.011 66.31 19.647
4474.042 68.465 19.863
4475.072 71.79 19.852
4476.101 75.373 20.346
4477.133 71.475 20.168
4478.163 73.281 20.225
4479.196 70.741 20.046
4480.226 68.845 19.708
4481.259 67.329 18.751
4482.29 69.482 17.382
4483.322 74.826 17.355
4484.355 75.329 18.778
4485.387 72.266 20.073
4486.421 72.438 20.694
4487.453 74.444 20.704
4488.488 74.209 19.657
4489.521 76.379 18.883
4490.554 71.083 18.413
4491.589 73.404 18.578
4492.622 77.119 19.378
4493.658 73.469 19.795
4494.692 69.386 19.451
4495.729 70.687 18.91
4496.763 72.098 18.814
4497.8 68.685 19.232
4498.834 66.144 19.863
4499.869 68.231 20.424
4500.907 69.063 20.492
4501.943 70.859 19.707
4502.981 71.538 19.356
4504.017 70.37 20.055
4505.055 77.273 20.756
4506.092 72.413 21.013
4507.128 69.57 20.711
4508.168 72.196 20.652
4509.205 73.326 20.767
4510.244 76.898 20.565
4511.282 80.417 20.377
4512.322 79.998 20.675
4513.36 78.677 20.442
4514.399 77.997 19.88
4515.44 80.457 19.409
4516.478 79.018 19.059
4517.52 71.777 19.454
4518.559 71.474 19.625
4519.601 71.702 19.212
4520.641 70.697 19.613
4521.681 68.09 20.189
4522.724 69.421 20.042
4523.764 69.085 19.848
4524.807 66.422 19.194
4525.848 65.639 18.568
4526.892 68.231 18.199
4527.933 71.137 17.859
4528.975 70.957 17.832
4530.019 71.176 17.81
4531.061 77.1 18.322
4532.106 76.183 19.159
4533.149 77.157 19.307
4534.194 73.193 18.822
4535.237 75.755 18.588
4536.28 74.002 18.242
4537.327 79.385 18.886
4538.37 78.47 19.829
4539.417 81.97 20.538
4540.461 84.987 20.292
4541.508 83.895 20.015
4542.553 81.467 19.841
4543.598 79.593 19.881
4544.646 81.618 20.031
4545.691 77.903 19.764
4546.739 74.53 19.108
4547.785 76.494 19.585
4548.834 75.448 19.395
4549.881 75.777 18.746
4550.927 84.69 18.693
4551.977 84.766 18.739
4553.024 80.982 18.864
4554.074 78.266 19.063
4555.121 78.688 18.697
4556.172 78.718 18.249
4557.22 78.644 18.979
4558.268 79.612 19.881
4559.319 77.683 19.875
4560.368 75.416 20.108
4561.42 75.92 20.045
4562.469 78.809 19.898
4563.521 80.255 20.19
4564.571 81.747 19.78
4565.621 81.638 18.402
4566.674 82.437 18.348
4567.725 84.748 19.15
4568.778 85.865 19.394
4569.829 89.272 19.546
4570.883 87.909 19.955
4571.934 86.097 19.892
4572.989 85.949 18.829
4574.041 85.511 18.517
4575.093 87.865 19.202
4576.148 87.834 19.804
4577.201 87.532 19.759
4578.256 88.544 20.181
4579.309 81.386 20.358
4580.365 83.764 19.49
4581.419 80.87 18.691
4582.473 79.673 18.636
4583.53 81.387 18.965
4584.584 81.868 18.56
4585.641 86.065 18.278
4586.696 88.558 18.463
4587.754 84.818 18.752
4588.809 82.315 18.95
4589.865 80.758 19.761
4590.923 77.896 20.161
4591.98 76.529 19.143
4593.038 71.485 18.147
4594.095 71.74 18.152
4595.154 73.226 18.585
4596.212 69.698 18.817
4597.269 71.612 17.994
4598.329 72.794 17.983
4599.387 72.95 18.627
4600.447 74.205 18.623
4601.506 71.347 17.943
4602.567 78.251 17.207
4603.626 80.298 17.981
4604.685 80.384 18.799
4605.747 84.788 18.366
4606.806 83.826 18.259
4607.868 79.497 18.692
4608.928 80.838 19.653
4609.991 79.215 20.379
4611.052 80.333 20.327
4612.113 79.576 19.835
4613.176 79.934 18.607
4614.237 78.926 18.77
4615.301 77.194 18.612
4616.363 76.674 19.077
4617.428 77.106 19.313
4618.49 77.838 19.037
4619.552 79.628 18.72
4620.618 79.782 18.485
4621.681 81.081 18.568
4622.746 81.975 18.977
4623.81 81.283 18.867
4624.876 85.509 19.044
4625.94 91.049 19.138
4627.004 88.164 18.557
4628.071 85.117 19.202
4629.136 85.848 19.086
4630.203 85.763 18.655
4631.268 84.441 19.067
4632.336 79.336 19.725
4633.402 80.326 19.65
4634.468 87.69 18.829
4635.537 86.419 18.366
4636.603 83.45 18.519
4637.672 84.839 18.391
4638.739 86.463 18.022
4639.809 86.806 17.904
4640.876 84.936 18.356
4641.944 84.647 19.073
4643.014 87.896 18.969
4644.082 85.615 18.783
4645.153 83.829 18.347
4646.222 83.564 18.012
4647.293 81.524 17.344
4648.362 77.882 16.967
4649.432 84.501 16.947
4650.504 80.256 17.703
4651.574 79.02 18.482
4652.646 81.821 19.081
4653.717 84.937 18.841
4654.79 83.665 18.504
4655.861 85.268 18.296
4656.934 86.365 18.145
4658.006 83.573 18.651
4659.077 81.713 19.817
4660.152 84.167 20.072
4661.224 85.892 20.089
4662.299 78.439 20.352
4663.371 75.085 19.244
4664.446 79.124 18.926
4665.52 82.537 18.865
4666.593 82.819 18.189
4667.669 80.856 17.546
4668.743 83.362 16.667
4669.819 82.275 17.453
4670.894 85.025 18.814
4671.971 81.483 19.452
4673.046 83.627 19.69
4674.121 85.583 19.325
4675.198 87.201 19.259
4676.274 88.324 19.628
4677.352 89.002 20.035
4678.428 93.598 21.35
4679.507 94.535 20.697
4680.584 87.424 18.501
4681.66 86.975 18.0
4682.74 89.801 18.28
4683.817 87.483 18.814
4684.897 89.057 19.029
4685.975 91.395 18.914
4687.056 90.068 18.935
4688.134 89.554 18.649
4689.212 89.036 19.069
4690.294 87.139 18.593
4691.373 87.209 18.467
4692.454 87.864 18.621
4693.534 89.683 18.13
4694.616 90.782 18.046
4695.696 87.789 18.714
4696.777 87.375 19.139
4697.86 89.696 18.72
4698.94 87.971 18.236
4700.024 88.546 17.589
4701.105 87.886 17.245
4702.189 83.948 17.142
4703.271 83.323 16.975
4704.353 84.467 16.722
4705.438 83.608 17.1
4706.52 80.554 17.699
4707.606 81.195 17.636
4708.689 80.917 17.564
4709.774 83.63 17.558
4710.858 80.943 17.737
4711.942 83.183 18.24
4713.028 81.033 18.525
4714.112 76.099 18.216
4715.199 77.248 17.694
4716.284 79.456 17.542
4717.372 80.389 18.458
4718.457 83.403 18.703
4719.542 82.83 18.579
4720.631 81.631 19.089
4721.717 83.77 19.128
4722.805 80.184 18.472
4723.892 80.722 18.923
4724.981 85.002 19.394
4726.068 88.919 19.655
4727.155 87.656 19.104
4728.246 90.01 17.894
4729.333 89.486 17.451
4730.424 85.894 17.809
4731.512 84.632 17.675
4732.603 80.068 17.617
4733.692 78.12 17.844
4734.781 75.66 17.94
4735.873 75.37 17.861
4736.962 77.168 17.743
4738.054 76.106 18.233
4739.144 79.072 18.186
4740.237 83.154 18.108
4741.328 81.055 18.463
4742.421 82.568 18.459
4743.512 84.77 18.716
4744.603 85.472 19.071
4745.697 81.134 19.315
4746.789 81.099 18.389
4747.884 83.513 18.331
4748.976 80.225 18.962
4750.071 86.306 18.817
4751.164 80.983 18.009
4752.257 84.089 17.677
4753.353 86.928 18.173
4754.446 86.274 18.178
4755.543 85.983 17.737
4756.637 85.37 17.561
4757.734 85.139 17.638
4758.828 83.134 17.529
4759.923 82.093 17.453
4761.02 85.449 17.776
4762.116 85.082 17.399
4763.214 83.369 16.987
4764.31 84.115 17.001
4765.408 85.357 16.643
4766.504 83.867 16.144
4767.601 80.841 16.525
4768.7 77.311 17.08
4769.797 79.846 17.985
4770.897 77.598 18.089
4771.995 79.014 17.464
4773.095 78.841 17.247
4774.193 76.27 17.512
4775.292 79.523 18.388
4776.393 80.295 18.364
4777.492 81.016 18.138
4778.593 82.631 18.29
4779.693 82.057 18.472
4780.795 82.184 18.116
4781.895 79.693 17.645
4782.995 78.728 17.824
4784.098 83.545 17.754
4785.198 80.756 17.605
4786.302 84.156 17.503
4787.403 87.726 17.17
4788.507 93.631 17.376
4789.608 91.914 17.545
4790.71 94.433 17.208
4791.815 87.336 17.058
4792.917 90.549 17.461
4794.022 90.807 17.482
4795.125 86.987 17.808
4796.231 85.005 17.835
4797.334 84.213 17.76
4798.438 80.366 17.943
4799.545 82.652 17.704
4800.649 83.137 17.255
4801.756 82.532 17.455
4802.86 82.744 17.7
4803.968 84.865 17.797
4805.073 85.668 17.567
4806.178 85.369 17.541
4807.287 87.885 17.537
4808.393 86.723 17.303
4809.501 88.035 17.038
4810.608 90.118 17.428
4811.717 87.698 17.444
4812.824 88.276 17.723
4813.931 90.409 17.961
4815.041 89.626 18.23
4816.149 86.679 18.561
4817.26 89.012 18.681
4818.368 89.151 19.131
4819.479 91.363 18.843
4820.588 89.907 18.637
4821.697 88.92 19.065
4822.809 87.846 19.225
4823.918 90.625 18.651
4825.03 83.87 17.668
4826.14 87.227 17.728
4827.253 90.677 18.037
4828.364 88.593 18.144
4829.477 88.798 18.105
4830.588 88.38 17.702
4831.699 86.341 17.464
4832.814 81.945 17.885
4833.925 79.094 18.214
4835.04 83.066 18.311
4836.152 83.758 18.431
4837.268 83.664 18.15
4838.38 83.224 17.969
4839.493 85.55 18.105
4840.609 86.1 18.295
4841.723 87.534 18.288
4842.84 90.303 17.905
4843.954 88.565 17.928
4845.071 86.032 17.739
4846.185 89.28 17.719
4847.3 92.579 18.138
4848.418 92.752 17.967
4849.533 92.837 16.937
4850.652 90.441 16.54
4851.767 89.416 16.92
4852.886 87.748 17.029
4854.003 87.826 17.034
4855.119 85.703 16.832
4856.239 84.637 15.749
4857.356 87.712 15.437
4858.476 86.438 15.424
4859.594 84.348 15.259
4860.714 87.284 14.32
4861.833 89.692 12.875
4862.951 89.735 12.919
4864.072 92.812 13.702
4865.191 95.327 14.243
4866.313 94.775 15.085
4867.433 90.47 15.724
4868.555 90.22 15.914
4869.675 89.207 16.499
4870.796 92.026 16.743
4871.919 87.948 15.476
4873.039 91.929 14.429
4874.163 89.454 15.066
4875.284 90.27 15.919
4876.409 89.072 16.351
4877.531 87.46 16.492
4878.653 90.496 16.321
4879.778 91.489 16.926
4880.9 90.756 17.366
4882.026 91.458 17.279
4883.149 89.45 17.294
4884.275 88.201 17.274
4885.398 90.609 17.117
4886.522 93.264 16.737
4887.649 93.822 16.117
4888.774 93.225 15.742
4889.901 94.794 16.017
4891.026 93.314 16.119
4892.154 89.33 15.375
4893.279 91.181 15.086
4894.405 90.424 16.261
4895.533 89.007 17.471
4896.66 89.439 17.635
4897.789 87.167 18.444
4898.916 91.721 18.187
4900.045 87.203 17.483
4901.172 88.176 17.135
4902.3 89.489 16.974
4903.43 91.31 17.011
4904.558 85.397 16.646
4905.689 88.912 16.844
4906.818 92.054 17.263
4907.95 91.029 17.326
4909.079 86.96 16.925
4910.208 85.885 16.456
4911.34 87.974 15.776
4912.47 85.234 15.531
4913.603 85.974 16.343
4914.733 86.255 17.011
4915.867 86.852 17.164
4916.997 88.801 17.247
4918.131 87.715 16.893
4919.263 87.355 15.697
4920.394 86.592 14.242
4921.529 85.607 13.689
4922.661 84.107 14.592
4923.796 79.098 15.821
4924.929 81.497 16.31
4926.065 84.158 16.015
4927.198 80.133 16.556
4928.331 77.255 16.535
4929.468 81.542 16.519
4930.602 84.869 17.654
4931.739 88.989 17.21
4932.873 95.115 17.079
4934.011 93.007 16.556
4935.146 93.294 15.463
4936.281 82.479 15.691
4937.42 78.735 16.749
4938.556 79.816 15.981
4939.694 82.537 14.865
4940.831 80.262 14.774
4941.97 78.727 15.79
4943.107 77.987 16.852
4944.244 78.743 17.111
4945.384 81.856 17.07
4946.522 83.185 17.115
4947.663 80.903 17.058
4948.801 85.787 16.918
4949.942 89.642 17.022
4951.081 86.833 17.269
4952.22 87.503 17.099
4953.362 88.099 16.613
4954.501 87.601 16.741
4955.644 85.803 17.216
4956.784 82.776 16.784
4957.927 85.757 15.144
4959.067 79.623 14.184
4960.208 78.222 15.08
4961.352 77.037 16.629
4962.493 78.262 17.025
4963.638 81.322 16.791
4964.779 84.217 17.551
4965.924 90.522 17.219
4967.067 91.396 16.778
4968.209 95.772 16.746
4969.355 97.721 16.862
4970.498 94.52 16.524
4971.644 94.871 16.648
4972.788 94.508 17.121
4973.935 88.157 17.697
4975.079 91.934 18.193
4976.224 91.881 17.894
4977.371 90.118 17.89
4978.516 89.085 17.994
4979.664 89.323 18.125
4980.81 89.696 18.156
4981.958 88.308 18.202
4983.104 87.159 17.687
4984.251 89.2 17.16
4985.4 91.423 16.885
4986.547 93.035 17.151
4987.697 93.552 17.581
4988.844 87.808 18.095
4989.995 81.693 18.309
4991.143 79.946 18.073
4992.291 79.971 17.78
4993.442 80.842 17.543
4994.591 82.848 17.071
4995.743 84.249 16.815
4996.892 84.419 17.153
4998.044 87.504 16.935
4999.194 92.487 16.747
5000.344 94.557 16.304
5001.497 94.168 15.777
5002.648 98.103 15.801
5003.801 94.367 15.541
5004.952 93.35 15.829
5006.106 90.205 15.391
5007.258 90.365 14.957
5008.413 88.936 15.016
5009.565 86.116 15.704
5010.717 84.845 16.06
5011.873 83.64 15.865
5013.026 86.458 15.456
5014.182 90.358 14.926
5015.335 94.344 14.317
5016.492 97.267 14.703
5017.646 95.026 15.012
5018.8 95.628 14.439
5019.958 94.3 14.417
5021.112 93.691 14.803
5022.27 96.777 15.155
5023.426 97.265 14.995
5024.584 95.041 14.975
5025.74 90.123 15.293
5026.896 93.117 14.835
5028.055 93.928 14.702
5029.212 87.746 15.082
5030.372 88.035 15.502
5031.529 90.714 15.604
5032.689 92.54 15.936
5033.847 94.276 16.291
5035.005 94.898 16.12
5036.166 94.254 15.392
5037.325 93.509 14.794
5038.486 90.532 14.868
5039.645 87.068 15.073
5040.807 87.38 14.25
5041.967 88.024 13.642
5043.127 88.984 13.525
5044.29 91.474 14.212
5045.45 93.257 15.556
5046.614 93.293 15.455
5047.775 92.164 15.471
5048.939 94.369 15.04
5050.1 91.13 14.359
5051.262 87.996 14.746
5052.427 84.8 14.149
5053.589 86.179 14.5
5054.754 82.918 15.182
5055.917 79.209 15.414
5057.083 82.339 15.573
5058.247 81.127 15.732
5059.41 84.335 15.834
5060.577 89.66 15.964
5061.741 88.941 15.848
5062.908 87.307 15.769
5064.073 89.387 15.801
5065.241 88.409 15.369
5066.406 89.944 15.17
5067.572 89.028 14.837
5068.74 91.302 15.018
5069.906 91.199 15.446
5071.075 88.806 15.836
5072.242 86.171 15.871
5073.412 86.13 15.197
5074.579 85.578 15.001
5075.746 84.69 14.875
5076.917 88.49 15.038
5078.084 93.673 15.335
5079.255 101.329 14.951
5080.424 101.611 14.514
5081.595 99.869 14.375
5082.764 94.23 14.883
5083.934 89.794 15.603
5085.106 86.449 15.881
5086.276 80.918 16.545
5087.449 79.42 17.062
5088.619 78.892 16.979
5089.793 82.378 16.287
5090.964 82.657 15.575
5092.135 82.518 15.577
5093.309 81.713 15.861
5094.481 79.937 15.751
5095.655 81.133 15.3
5096.828 84.187 15.153
5098.003 83.912 14.674
5099.176 87.822 14.124
5100.352 86.946 14.027
5101.525 85.122 14.632
5102.699 88.029 15.395
5103.875 94.059 15.656
5105.049 95.716 15.594
5106.227 92.431 15.097
5107.401 90.37 14.575
5108.579 90.013 14.763
5109.754 86.82 14.678
5110.93 84.006 14.323
5112.108 83.007 14.449
5113.284 80.237 15.087
5114.463 79.744 15.441
5115.64 79.523 15.291
5116.82 82.053 15.309
5117.997 84.771 15.262
5119.174 90.573 15.384
5120.355 91.193 15.364
5121.533 87.298 15.1
5122.714 88.145 14.905
5123.892 87.991 14.587
5125.074 83.308 14.113
5126.253 84.689 13.852
5127.432 89.858 14.017
5128.614 86.962 14.328
5129.794 90.526 14.126
5130.977 94.988 14.295
5132.157 93.101 14.511
5133.341 94.16 14.573
5134.522 92.055 14.523
5135.703 92.872 14.817
5136.887 92.666 15.068
5138.069 89.774 14.313
5139.254 89.138 14.44
5140.436 86.141 14.429
5141.621 86.381 14.205
5142.804 85.029 14.494
5143.987 87.12 14.104
5145.174 84.816 14.407
5146.357 90.484 14.565
5147.544 90.826 14.493
5148.728 85.875 14.48
5149.915 88.468 14.47
5151.1 87.006 14.829
5152.285 83.919 14.585
5153.473 83.331 14.993
5154.659 81.313 15.719
5155.847 81.617 15.48
5157.034 81.532 15.388
5158.223 84.533 15.684
5159.409 84.171 15.475
5160.596 85.925 14.957
5161.786 86.565 14.712
5162.974 86.919 14.628
5164.164 90.357 14.27
5165.352 90.143 14.309
5166.544 91.548 13.807
5167.732 91.96 11.918
5168.921 90.669 10.956
5170.113 87.898 11.708
5171.302 87.063 12.621
5172.495 83.956 11.859
5173.685 82.746 10.432
5174.878 81.364 10.904
5176.068 84.172 12.997
5177.259 86.268 14.134
5178.453 85.514 14.459
5179.644 87.106 14.45
5180.838 83.886 14.191
5182.03 84.152 13.666
5183.225 83.632 12.311
5184.418 84.167 10.833
5185.61 83.456 10.174
5186.806 84.545 11.415
5187.999 86.191 13.797
5189.196 93.548 14.549
5190.389 91.153 14.462
5191.586 91.313 14.402
5192.781 89.621 13.56
5193.978 93.843 12.819
5195.173 90.165 13.719
5196.368 85.148 13.803
5197.566 83.371 13.943
5198.762 82.706 15.43
5199.961 80.375 15.965
5201.157 81.333 15.888
5202.357 81.499 15.461
5203.553 82.109 14.805
5204.75 82.874 14.799
5205.951 84.24 14.037
5207.148 84.975 13.076
5208.349 85.781 13.125
5209.547 87.75 13.209
5210.748 85.759 13.347
5211.947 87.746 14.457
5213.146 84.156 14.635
5214.348 81.494 14.613
5215.548 83.184 14.529
5216.751 84.885 13.547
5217.951 88.05 13.489
5219.154 82.491 14.015
5220.355 84.992 14.906
5221.556 81.843 14.932
5222.76 82.953 15.121
5223.961 80.969 15.28
5225.166 79.181 14.745
5226.368 82.216 13.99
5227.573 82.583 12.889
5228.776 83.349 12.687
5229.978 84.665 13.343
5231.184 84.549 13.945
5232.388 88.674 14.246
5233.594 86.794 14.297
5234.798 87.84 13.234
5236.006 87.074 13.122
5237.21 86.928 13.934
5238.415 83.501 14.691
5239.623 78.972 15.746
5240.828 73.207 15.467
5242.037 68.467 14.659
5243.243 66.518 14.279
5244.452 64.965 14.155
5245.658 64.82 14.4
5246.865 63.956 14.475
5248.075 65.462 13.608
5249.282 68.438 13.49
5250.493 74.147 13.843
5251.701 76.013 13.517
5252.912 81.763 13.42
5254.12 79.001 14.175
5255.329 78.888 14.032
5256.541 74.627 14.768
5257.75 72.433 15.378
5258.962 69.491 15.128
5260.172 67.628 14.825
5261.385 72.926 14.554
5262.595 79.161 13.591
5263.806 82.983 13.191
5265.02 83.096 12.701
5266.231 85.825 12.043
5267.446 82.65 12.118
5268.657 82.479 12.219
5269.872 83.476 12.006
5271.085 84.228 11.774
5272.297 83.856 11.955
5273.513 90.78 12.921
5274.726 94.009 13.755
5275.942 92.034 13.015
5277.156 92.802 13.754
5278.373 92.569 14.459
5279.587 89.592 14.124
5280.805 84.563 13.68
5282.02 82.414 13.339
5283.235 80.467 13.26
5284.453 78.568 13.105
5285.669 82.04 13.1
5286.888 86.931 13.527
5288.104 83.02 13.869
5289.323 91.122 14.301
5290.54 88.968 14.547
5291.757 89.227 14.543
5292.977 90.213 14.275
5294.195 90.655 13.933
5295.416 93.431 14.005
5296.634 94.673 13.789
5297.856 94.019 13.471
5299.074 92.422 12.993
5300.293 88.843 13.904
5301.516 87.995 14.693
5302.735 86.261 14.144
5303.958 85.001 14.134
5305.178 87.63 14.298
5306.402 90.558 14.485
5307.622 88.843 14.935
5308.843 89.318 14.473
5310.067 91.9 14.108
5311.289 92.565 14.242
5312.514 95.953 14.648
5313.736 94.755 14.711
5314.961 95.944 14.375
5316.184 95.753 14.57
5317.407 97.587 14.019
5318.633 95.602 13.849
5319.857 99.289 14.126
5321.083 96.874 14.098
5322.308 94.797 14.017
5323.535 94.024 13.911
5324.76 93.186 13.535
5325.985 92.908 13.552
5327.213 89.713 13.601
5328.438 92.866 12.882
5329.667 89.187 12.144
5330.893 93.227 12.576
5332.122 94.527 14.037
5333.349 93.531 14.503
5334.576 98.357 14.015
5335.806 95.906 14.227
5337.033 93.849 14.276
5338.264 90.629 14.077
5339.492 90.858 14.059
5340.724 84.634 13.969
5341.952 80.137 13.371
5343.181 79.242 13.327
5344.413 78.032 13.832
5345.643 77.036 14.043
5346.875 78.657 13.803
5348.105 81.034 13.556
5349.339 84.455 13.625
5350.569 84.142 13.959
5351.8 87.111 14.235
5353.034 93.602 14.189
5354.266 95.582 14.022
5355.5 94.354 14.052
5356.732 94.409 14.506
5357.968 95.051 15.107
5359.2 94.372 14.789
5360.433 95.43 14.127
5361.669 95.42 13.798
5362.903 97.398 13.438
5364.139 103.419 13.053
5365.373 101.562 12.876
5366.611 103.969 12.909
5367.845 106.3 13.092
5369.08 104.351 13.306
5370.318 101.336 13.096
5371.554 100.757 12.517
5372.792 97.559 12.513
5374.028 94.542 12.838
5375.268 94.072 13.182
5376.504 93.233 14.178
5377.744 94.838 14.572
5378.981 93.728 14.063
5380.218 100.322 13.706
5381.459 104.545 13.266
5382.697 104.218 13.327
5383.938 105.079 13.418
5385.177 102.963 12.966
5386.419 101.325 13.831
5387.658 104.922 13.633
5388.897 104.964 13.453
5390.14 102.523 13.403
5391.38 103.684 13.125
5392.623 103.183 13.175
5393.864 103.411 13.288
5395.108 101.128 13.13
5396.349 102.83 12.973
5397.59 101.907 12.872
5398.835 102.714 12.323
5400.077 99.333 12.587
5401.322 97.964 12.944
5402.565 94.708 12.721
5403.81 92.296 12.998
5405.054 90.77 13.001
5406.297 88.85 12.481
5407.544 90.339 12.463
5408.788 89.635 12.663
5410.035 94.655 12.598
5411.28 98.322 12.318
5412.527 99.305 12.28
5413.773 102.697 12.83
5415.018 101.179 13.19
5416.267 98.557 13.29
5417.513 96.803 13.575
5418.762 93.811 13.759
5420.008 96.139 13.645
5421.258 98.055 13.106
5422.505 98.163 12.816
5423.753 96.884 12.953
5425.004 95.485 12.932
5426.252 98.989 13.006
5427.503 99.148 13.395
5428.752 98.456 13.595
5430.003 101.139 12.984
5431.253 104.31 12.63
5432.502 104.1 13.06
5433.755 107.187 13.215
5435.005 105.953 12.906
5436.258 107.862 12.749
5437.509 109.034 12.901
5438.763 105.101 13.101
5440.014 104.568 13.343
5441.265 102.51 13.542
5442.52 103.833 13.802
5443.772 103.204 13.936
5445.027 100.606 13.464
5446.28 99.481 12.966
5447.536 94.012 12.515
5448.789 94.517 12.488
5450.043 94.395 13.189
5451.299 97.837 13.647
5452.553 97.117 13.633
5453.811 99.904 13.553
5455.065 104.212 13.235
5456.323 100.842 13.113
5457.578 106.418 13.146
5458.834 105.241 13.997
5460.093 105.168 16.617
5461.349 104.756 24.546
5462.608 102.143 30.798
5463.865 102.953 26.334
5465.125 104.444 18.37
5466.382 101.678 15.245
5467.64 98.814 14.663
5468.9 99.806 14.27
5470.159 99.025 14.199
5471.42 97.746 13.879
5472.679 95.396 13.949
5473.941 91.671 13.721
5475.2 92.085 13.237
5476.463 93.942 13.338
5477.722 94.275 12.735
5478.982 92.377 12.357
5480.246 102.451 12.748
5481.507 96.862 12.909
5482.771 93.711 13.024
5484.032 93.124 13.228
5485.297 89.08 13.633
5486.558 92.006 14.284
5487.821 91.231 14.081
5489.086 94.084 13.275
5490.349 97.157 13.143
5491.615 99.59 13.531
5492.878 99.019 13.207
5494.145 99.089 13.18
5495.409 102.658 13.454
5496.673 104.055 13.628
5497.941 104.046 13.351
5499.205 101.213 13.293
5500.473 100.047 13.493
5501.739 100.238 13.218
5503.008 101.975 13.246
5504.274 101.915 13.657
5505.54 100.745 13.47
5506.809 100.479 12.929
5508.076 100.197 12.851
5509.346 97.392 13.177
5510.614 94.058 13.448
5511.884 97.932 13.425
5513.152 98.57 13.004
5514.421 94.406 13.098
5515.692 98.334 13.832
5516.961 100.388 13.747
5518.233 101.662 13.806
5519.503 108.115 13.991
5520.776 110.871 13.843
5522.046 105.259 14.257
5523.316 104.123 13.691
5524.59 103.917 13.563
5525.861 98.569 13.215
5527.135 95.316 13.081
5528.406 96.047 13.528
5529.681 99.6 12.853
5530.953 101.923 12.76
5532.226 101.486 13.07
5533.501 98.786 13.169
5534.774 95.713 13.296
5536.051 97.168 12.993
5537.324 98.617 12.823
5538.601 100.812 12.975
5539.875 99.103 13.064
5541.15 99.004 13.497
5542.428 101.64 13.935
5543.703 103.46 14.11
5544.981 99.552 14.197
5546.257 102.196 14.167
5547.536 98.531 13.663
5548.812 99.305 13.054
5550.088 103.859 13.407
5551.368 101.637 13.948
5552.645 100.292 14.148
5553.926 95.971 13.62
5555.203 97.748 12.922
5556.484 96.292 13.248
5557.763 96.61 12.977
5559.041 95.033 12.891
5560.323 96.909 13.001
5561.602 96.601 13.074
5562.885 97.491 13.181
5564.164 99.872 13.526
5565.447 99.568 13.833
5566.728 102.021 13.868
5568.008 102.994 13.259
5569.292 102.619 12.843
5570.574 100.337 13.26
5571.858 99.167 13.156
5573.14 101.538 13.014
5574.425 101.533 12.733
5575.707 100.043 16.511
5576.993 105.917 87.681
5578.276 105.193 316.128
5579.559 101.873 385.778
5580.846 104.296 165.317
5582.13 102.217 28.432
5583.417 102.248 13.282
5584.702 95.502 13.004
5585.989 96.622 12.499
5587.275 97.328 12.196
5588.56 98.329 11.781
5589.849 99.001 12.413
5591.135 98.456 13.565
5592.424 97.681 12.81
5593.71 97.739 12.519
5595.0 96.549 12.046
5596.287 99.887 11.972
5597.575 103.026 12.749
5598.866 106.896 13.165
5600.154 99.493 13.191
5601.445 100.706 12.966
5602.734 105.523 12.337
5604.026 104.715 11.881
5605.315 102.041 12.926
5606.604 101.075 14.36
5607.897 100.017 14.493
5609.187 96.913 13.534
5610.481 100.746 12.938
5611.771 99.001 13.147
5613.065 100.486 13.205
5614.357 102.224 13.114
5615.648 99.827 12.553
5616.943 101.271 11.875
5618.235 102.016 12.373
5619.531 104.042 12.685
5620.824 104.45 12.967
5622.12 101.87 12.826
5623.413 103.277 12.927
5624.707 104.727 13.464
5626.004 103.647 13.339
5627.298 104.399 12.893
5628.596 107.994 12.633
5629.891 105.886 12.775
5631.189 108.821 13.028
5632.484 109.384 12.803
5633.78 105.582 12.803
5635.079 105.907 12.667
5636.376 105.71 12.549
5637.675 103.718 12.736
5638.972 101.128 12.562
5640.273 104.301 12.418
5641.57 103.764 13.403
5642.868 101.297 13.56
5644.169 102.504 12.977
5645.468 101.07 13.404
5646.769 102.077 13.665
5648.069 100.216 13.364
5649.371 98.605 13.099
5650.671 101.446 12.995
5651.971 100.493 12.697
5653.274 102.047 12.706
5654.574 101.447 12.836
5655.878 101.76 12.858
5657.179 101.476 12.653
5658.484 105.622 12.36
5659.786 101.308 12.071
5661.088 104.887 12.278
5662.393 103.444 12.747
5663.696 103.675 13.115
5665.002 102.35 12.913
5666.305 99.592 13.505
5667.612 96.38 13.446
5668.916 93.419 13.639
5670.22 94.924 14.031
5671.527 95.912 14.266
5672.832 93.991 14.838
5674.14 96.144 14.925
5675.445 98.895 14.572
5676.754 98.25 14.105
5678.06 99.526 14.058
5679.369 104.814 14.227
5680.676 101.244 14.569
5681.983 95.52 15.48
5683.293 98.184 16.301
5684.6 99.81 17.547
5685.911 101.813 18.016
5687.219 102.912 18.503
5688.531 105.189 19.021
5689.839 107.744 19.115
5691.148 106.407 19.704
5692.461 110.381 19.428
5693.77 106.637 18.479
5695.083 103.96 17.082
5696.393 100.909 16.159
5697.707 101.947 15.524
5699.018 99.807 14.992
5700.329 100.521 14.98
5701.643 101.442 14.963
5702.955 99.823 14.631
5704.27 99.935 13.895
5705.582 102.368 13.284
5706.898 98.289 13.248
5708.211 100.795 13.272
5709.524 99.652 13.066
5710.841 104.519 12.957
5712.154 103.434 12.967
5713.472 106.8 13.185
5714.786 104.252 13.512
5716.104 103.485 13.247
5717.419 103.474 13.343
5718.734 100.602 13.306
5720.053 99.351 13.525
5721.369 101.87 13.87
5722.688 101.472 13.368
5724.004 99.167 13.619
5725.324 102.219 13.644
5726.642 102.251 13.514
5727.959 103.894 13.677
5729.28 102.907 13.299
5730.598 104.692 12.992
5731.919 108.092 13.152
5733.238 104.204 12.95
5734.56 105.728 12.707
5735.879 109.008 12.779
5737.199 105.777 13.09
5738.522 102.353 13.224
5739.842 100.336 12.971
5741.165 100.136 12.807
5742.486 98.936 12.614
5743.81 97.306 12.937
5745.132 99.964 12.922
5746.453 99.935 12.821
5747.779 102.025 13.088
5749.101 103.037 13.001
5750.427 104.1 12.66
5751.749 102.521 12.721
5753.076 106.014 12.672
5754.399 105.178 12.127
5755.723 106.863 12.056
5757.05 108.161 12.745
5758.375 107.686 12.802
5759.703 109.979 12.835
5761.028 107.026 13.214
5762.356 106.901 13.068
5763.682 105.919 12.45
5765.008 104.673 13.027
5766.337 101.094 13.327
5767.664 102.608 13.917
5768.994 99.737 15.525
5770.321 103.781 17.977
5771.651 102.655 18.634
5772.979 102.86 16.71
5774.307 105.284 14.46
5775.639 108.139 13.433
5776.967 110.953 13.394
5778.3 107.435 13.491
5779.629 105.744 13.21
5780.962 106.053 13.131
5782.291 105.863 12.935
5783.625 103.511 12.545
5784.955 101.278 12.844
5786.286 103.624 12.967
5787.621 102.642 13.064
5788.952 99.718 14.156
5790.287 101.177 15.658
5791.619 99.588 17.859
5792.954 97.859 18.406
5794.287 96.442 16.177
5795.62 104.129 14.227
5796.957 102.482 13.762
5798.29 102.303 13.352
5799.627 104.457 13.398
5800.961 106.939 13.409
5802.299 109.566 13.557
5803.634 108.519 13.353
5804.969 110.691 13.197
5806.308 111.97 13.553
5807.643 111.68 13.042
5808.983 109.142 12.963
5810.319 112.753 13.199
5811.659 117.799 14.129
5812.996 111.661 14.434
5814.333 110.205 13.732
5815.674 112.427 13.369
5817.012 109.396 13.03
5818.353 108.364 12.941
5819.692 109.978 13.477
5821.034 110.771 14.084
5822.373 109.53 14.182
5823.712 109.187 13.952
5825.055 107.703 13.859
5826.395 108.883 14.196
5827.739 110.212 14.268
5829.079 106.45 13.84
5830.424 110.477 13.927
5831.765 108.385 13.91
5833.106 105.78 13.504
5834.451 109.561 13.922
5835.794 106.269 13.969
5837.139 106.967 14.049
5838.482 107.13 14.211
5839.829 107.396 13.765
5841.172 108.071 13.937
5842.516 109.123 14.269
5843.863 108.05 13.925
5845.207 104.476 14.163
5846.555 107.729 14.168
5847.9 108.756 13.903
5849.249 108.311 14.024
5850.594 106.91 14.172
5851.94 110.764 14.398
5853.29 111.784 14.449
5854.636 113.223 14.25
5855.986 111.485 14.418
5857.334 110.268 14.147
5858.684 111.921 13.751
5860.032 111.258 13.978
5861.38 108.365 14.259
5862.732 110.816 14.309
5864.08 106.856 14.623
5865.433 102.704 15.253
5866.782 104.165 17.167
5868.135 100.592 18.694
5869.485 102.497 18.488
5870.835 102.605 16.966
5872.189 102.367 15.427
5873.54 105.196 15.304
5874.894 108.645 15.517
5876.246 108.474 15.143
5877.601 105.991 14.48
5878.953 108.353 13.793
5880.305 105.4 13.446
5881.661 108.653 13.456
5883.014 110.92 13.329
5884.371 112.077 13.201
5885.725 108.827 13.262
5887.082 111.107 14.248
5888.436 111.709 18.321
5889.794 109.994 37.534
5891.149 105.826 68.684
5892.504 103.853 71.785
5893.863 110.372 39.045
5895.219 107.799 22.835
5896.578 108.249 41.666
5897.935 102.565 54.235
5899.295 106.2 39.194
5900.652 108.152 19.196
5902.01 107.065 14.128
5903.371 111.691 13.797
5904.729 112.96 14.043
5906.09 111.567 13.792
5907.449 111.208 14.355
5908.811 111.297 14.834
5910.17 112.197 14.337
5911.53 111.428 13.756
5912.893 111.276 13.706
5914.254 111.179 14.098
5915.617 113.964 15.823
5916.978 113.551 18.047
5918.343 112.288 17.39
5919.704 112.295 15.233
5921.066 111.805 14.454
5922.431 111.819 14.61
5923.794 112.257 14.916
5925.16 111.753 15.85
5926.523 112.13 16.612
5927.89 112.797 16.182
5929.253 109.868 15.168
5930.617 109.571 14.761
5931.985 110.198 15.228
5933.35 112.531 17.715
5934.718 106.297 19.421
5936.083 106.696 17.865
5937.452 106.1 15.632
5938.818 105.858 15.003
5940.184 105.21 14.968
5941.554 103.518 14.99
5942.921 103.883 14.721
5944.291 102.981 14.514
5945.659 105.909 15.235
5947.03 103.756 16.039
5948.398 107.93 16.176
5949.766 105.336 15.087
5951.138 109.463 14.428
5952.507 111.509 14.706
5953.88 108.783 16.731
5955.249 106.792 18.192
5956.623 108.221 17.127
5957.993 109.876 14.922
5959.364 109.096 14.084
5960.738 108.383 14.367
5962.109 110.733 14.445
5963.484 107.028 14.146
5964.856 107.049 14.494
5966.231 105.246 14.802
5967.604 106.114 14.449
5968.977 105.028 14.021
5970.353 102.291 14.683
5971.727 97.568 15.347
5973.104 92.194 15.175
5974.478 86.488 14.42
5975.856 83.462 14.33
5977.23 82.918 15.143
5978.605 80.158 16.304
5979.984 82.737 16.037
5981.36 82.965 14.649
5982.739 85.592 13.849
5984.115 90.776 13.511
5985.495 92.171 13.574
5986.872 96.923 13.351
5988.249 100.957 13.074
5989.63 101.531 13.035
5991.008 104.661 13.308
5992.39 106.563 13.47
5993.768 105.141 13.657
5995.15 106.497 13.582
5996.53 107.908 13.253
5997.912 106.78 13.6
5999.292 103.309 13.723
6000.672 106.217 14.096
6002.056 103.546 13.685
6003.437 104.821 13.258
6004.821 108.619 13.687
6006.203 105.834 14.222
6007.588 107.314 13.824
6008.97 110.699 12.995
6010.352 108.713 12.531
6011.738 107.612 12.698
6013.121 108.352 12.94
6014.508 106.054 12.673
6015.891 109.669 12.198
6017.278 105.839 12.36
6018.663 106.667 12.115
6020.047 109.487 12.389
6021.436 107.665 12.309
6022.821 107.062 12.298
6024.21 106.049 12.307
6025.595 106.684 12.307
6026.985 107.61 12.372
6028.371 107.548 12.502
6029.758 108.103 12.694
6031.149 107.857 12.794
6032.536 107.605 12.607
6033.927 109.083 12.957
6035.315 107.872 13.192
6036.707 107.745 13.192
6038.096 106.213 12.717
6039.485 107.664 12.092
6040.878 107.216 11.938
6042.267 106.69 11.799
6043.661 106.577 11.877
6045.051 105.539 12.092
6046.445 104.276 12.032
6047.836 105.263 11.752
6049.227 109.359 11.924
6050.622 111.195 11.678
6052.014 107.714 11.934
6053.41 108.464 11.952
6054.802 109.547 11.936
6056.198 112.904 11.892
6057.592 111.201 11.631
6058.985 110.095 11.794
6060.382 110.291 11.864
6061.777 110.183 11.73
6063.174 108.99 11.945
6064.569 108.685 12.148
6065.968 109.16 11.704
6067.363 108.704 11.709
6068.759 108.603 12.112
6070.158 107.967 12.218
6071.555 107.091 11.811
6072.955 104.55 11.76
6074.352 107.217 11.775
6075.753 105.027 11.745
6077.15 107.348 11.305
6078.549 109.851 11.426
6079.95 109.16 11.404
6081.349 109.13 11.341
6082.751 111.205 11.356
6084.151 110.992 11.131
6085.554 108.494 11.199
6086.954 109.351 11.223
6088.354 107.456 11.247
6089.758 110.422 11.301
6091.159 107.354 11.29
6092.563 105.703 11.168
6093.965 108.027 10.946
6095.37 105.411 11.162
6096.772 105.892 11.634
6098.178 105.917 11.523
6099.581 105.089 11.533
6100.984 104.675 11.616
6102.391 104.283 11.458
6103.795 104.736 11.233
6105.203 105.21 11.03
6106.607 104.318 11.364
6108.015 104.517 11.564
6109.42 105.525 11.147
6110.826 105.466 11.202
6112.235 105.152 11.303
6113.641 107.307 11.391
6115.051 107.001 11.46
6116.458 108.376 11.396
6117.868 108.601 11.225
6119.276 109.751 11.219
6120.683 112.679 11.228
6122.095 111.818 10.977
6123.503 110.159 10.841
6124.915 112.748 10.708
6126.324 108.415 10.503
6127.737 109.543 10.931
6129.147 112.087 10.866
6130.557 109.302 10.945
6131.97 109.647 10.922
6133.381 110.953 10.778
6134.795 112.448 10.887
6136.207 110.305 10.998
6137.622 112.419 11.209
6139.034 114.968 11.212
6140.446 114.787 11.371
6141.862 112.924 11.533
6143.275 111.488 11.568
6144.691 113.323 11.806
6146.105 112.478 11.956
6147.522 109.906 11.747
6148.936 110.044 11.636
6150.351 112.842 11.07
6151.769 111.509 10.887
6153.184 110.261 11.431
6154.603 108.493 11.924
6156.019 111.69 12.118
6157.439 115.439 12.097
6158.855 117.785 11.667
6160.272 118.493 11.514
6161.693 115.745 12.037
6163.11 112.665 12.555
6164.531 112.9 11.872
6165.949 113.33 11.103
6167.371 111.685 10.769
6168.79 110.223 10.52
6170.209 109.907 11.087
6171.632 109.544 11.821
6173.052 108.297 12.35
6174.475 110.337 11.717
6175.896 109.387 11.022
6177.32 109.221 10.869
6178.741 110.002 11.111
6180.162 111.553 11.066
6181.588 111.907 10.758
6183.01 112.457 10.655
6184.435 113.418 10.874
6185.858 110.004 11.097
6187.285 111.371 10.934
6188.708 108.874 10.795
6190.132 108.79 10.391
6191.559 102.842 10.584
6192.983 108.854 10.644
6194.412 108.173 10.743
6195.837 109.678 10.92
6197.265 110.464 10.701
6198.691 110.504 10.784
6200.117 111.331 10.755
6201.547 112.466 10.557
6202.973 111.898 10.976
6204.404 111.243 11.761
6205.831 112.737 11.73
6207.262 111.057 11.029
6208.69 108.441 10.972
6210.122 107.352 10.915
6211.55 106.335 11.051
6212.979 110.828 11.145
6214.412 108.397 11.159
6215.842 108.406 10.955
6217.275 108.826 10.127
6218.705 108.644 10.157
6220.139 110.108 10.26
6221.57 111.878 10.663
6223.002 110.073 11.485
6224.437 107.15 11.74
6225.869 106.035 11.033
6227.304 104.207 10.2
6228.737 103.63 10.34
6230.173 103.932 9.839
6231.606 109.22 9.86
6233.04 111.077 10.154
6234.477 106.426 11.758
6235.911 111.466 15.914
6237.349 109.047 18.816
6238.784 107.879 17.877
6240.223 107.019 15.128
6241.659 107.443 13.208
6243.094 107.398 13.003
6244.534 107.356 12.797
6245.971 106.955 11.685
6247.411 104.232 10.697
6248.848 102.374 10.407
6250.289 100.579 10.429
6251.727 97.824 10.998
6253.165 97.556 10.336
6254.607 97.192 9.88
6256.046 100.111 10.358
6257.489 102.043 12.43
6258.928 100.413 16.851
6260.371 101.608 17.835
6261.812 100.654 14.999
6263.252 103.995 11.949
6264.696 104.292 11.729
6266.138 103.223 13.057
6267.583 107.157 13.261
6269.024 108.514 12.519
6270.47 107.058 11.505
6271.913 109.402 10.766
6273.355 108.838 10.534
6274.802 106.37 10.532
6276.246 106.921 10.754
6277.693 104.06 11.377
6279.137 104.313 11.598
6280.585 101.801 10.928
6282.03 102.042 10.571
6283.475 102.107 10.143
6284.924 104.315 10.163
6286.37 106.292 11.349
6287.819 105.834 14.01
6289.266 105.379 16.268
6290.716 105.682 15.446
6292.163 105.819 12.431
6293.611 106.501 10.378
6295.062 107.177 10.262
6296.51 106.957 10.501
6297.962 105.722 12.189
6299.411 107.478 18.571
6300.864 108.917 44.816
6302.313 101.965 58.025
6303.763 104.667 45.056
6305.217 104.974 20.796
6306.667 101.697 14.409
6308.122 100.75 17.378
6309.573 100.921 17.92
6311.028 100.402 14.619
6312.48 101.455 11.068
6313.932 102.814 10.107
6315.388 102.859 10.277
6316.841 104.657 9.843
6318.297 104.182 9.659
6319.751 102.694 9.843
6321.208 104.046 10.67
6322.662 102.869 12.407
6324.12 103.218 12.62
6325.575 105.299 11.233
6327.03 103.415 10.307
6328.489 100.759 10.799
6329.945 102.116 13.439
6331.405 100.905 16.407
6332.861 99.063 16.184
6334.322 100.265 12.997
6335.779 101.381 10.657
6337.236 101.945 10.093
6338.698 103.167 9.891
6340.156 103.376 9.995
6341.618 104.764 10.116
6343.077 103.832 10.088
6344.54 97.741 10.154
6345.999 100.641 10.195
6347.459 97.561 10.232
6348.923 99.467 11.328
6350.383 97.134 11.866
6351.848 101.769 11.585
6353.309 103.125 10.655
6354.774 103.514 10.3
6356.236 102.47 11.769
6357.698 103.857 13.494
6359.164 105.629 13.571
6360.627 105.873 11.851
6362.094 105.62 10.954
6363.557 105.516 15.005
6365.025 106.785 22.692
6366.489 104.747 24.365
6367.954 106.352 17.659
6369.422 105.687 10.406
6370.887 105.027 9.902
6372.357 104.41 9.719
6373.823 103.33 10.154
6375.292 104.684 10.038
6376.759 106.088 9.75
6378.226 105.991 9.929
6379.697 104.991 10.664
6381.164 106.896 10.985
6382.636 108.335 10.611
6384.104 107.13 10.364
6385.576 106.268 10.773
6387.045 107.671 11.485
6388.515 108.949 11.909
6389.988 108.191 11.481
6391.458 110.198 10.486
6392.932 109.512 9.877
6394.402 108.637 9.849
6395.877 107.523 10.201
6397.348 107.769 10.079
6398.82 107.189 10.083
6400.296 107.645 9.835
6401.768 108.607 9.312
6403.244 108.477 9.632
6404.717 107.489 9.962
6406.194 104.795 9.962
6407.668 103.676 9.76
6409.142 102.29 9.494
6410.62 102.315 9.341
6412.095 104.663 9.43
6413.573 105.726 9.717
6415.049 108.144 10.008
6416.528 108.941 10.086
6418.004 112.376 9.75
6419.481 113.564 9.432
6420.961 109.337 10.21
6422.438 110.241 10.573
6423.919 108.885 10.173
6425.397 111.918 9.645
6426.878 106.691 9.646
6428.357 104.047 9.647
6429.836 106.545 9.353
6431.319 105.675 9.253
6432.798 106.451 9.343
6434.281 106.781 9.269
6435.762 107.034 9.311
6437.246 105.565 9.528
6438.727 103.034 9.434
6440.211 106.303 9.14
6441.693 109.026 9.107
6443.175 107.271 9.378
6444.661 106.716 9.305
6446.143 105.84 9.509
6447.63 105.87 9.444
6449.113 105.421 9.376
6450.6 108.0 9.486
6452.084 102.578 9.515
6453.568 102.498 9.871
6455.056 102.533 9.947
6456.541 102.075 9.595
6458.03 104.958 9.617
6459.516 107.694 9.87
6461.006 107.116 10.102
6462.492 109.018 9.973
6463.979 111.618 10.281
6465.469 111.412 11.864
6466.957 111.397 13.366
6468.448 110.015 13.414
6469.936 109.88 12.277
6471.428 111.237 12.198
6472.917 110.109 12.894
6474.406 110.596 12.314
6475.899 108.414 10.287
6477.388 110.616 9.485
6478.882 113.169 10.074
6480.372 114.124 10.394
6481.867 112.832 9.934
6483.358 109.749 9.295
6484.849 111.133 9.03
6486.345 110.606 9.056
6487.837 110.443 9.08
6489.333 108.933 9.102
6490.826 108.659 8.996
6492.323 108.94 9.043
6493.816 106.943 9.108
6495.31 107.502 8.918
6496.808 109.67 9.185
6498.303 109.797 10.883
6499.801 107.511 14.965
6501.296 108.903 16.359
6502.796 109.562 13.415
6504.292 108.272 9.947
6505.788 108.687 10.953
6507.288 111.316 11.68
6508.785 108.819 10.471
6510.286 111.785 9.373
6511.784 109.409 9.171
6513.285 109.962 9.239
6514.784 109.516 9.464
6516.282 109.8 9.456
6517.785 109.166 9.017
6519.284 108.567 8.748
6520.788 110.922 8.867
6522.288 112.1 9.487
6523.792 110.015 10.524
6525.293 109.121 10.688
6526.794 109.66 10.131
6528.299 108.755 9.431
6529.801 109.621 9.199
6531.306 109.534 8.976
6532.809 110.051 10.461
6534.315 108.091 14.094
6535.819 111.815 14.442
6537.322 109.859 11.626
6538.83 113.222 9.342
6540.334 114.044 9.038
6541.842 108.971 9.166
6543.347 105.81 9.742
6544.856 105.856 11.171
6546.362 106.374 11.499
6547.867 105.422 10.611
6549.377 107.286 9.448
6550.884 109.547 8.985
6552.395 110.057 9.775
6553.902 111.55 12.129
6555.413 111.392 14.929
6556.921 110.448 14.114
6558.433 110.212 10.306
6559.942 109.216 8.568
6561.451 111.366 8.493
6562.964 110.651 9.508
6564.474 110.305 10.947
6565.988 111.359 10.219
6567.498 111.705 8.718
6569.013 115.168 9.067
6570.524 112.7 10.261
6572.036 112.085 10.236
6573.551 111.259 9.696
6575.063 110.311 9.067
6576.58 110.984 9.628
6578.092 110.405 12.04
6579.609 109.967 13.806
6581.123 108.917 12.458
6582.637 108.763 10.024
6584.155 110.628 9.605
6585.67 108.754 9.926
6587.188 105.031 9.38
6588.704 104.072 8.684
6590.223 100.351 8.632
6591.739 100.433 8.918
6593.255 100.825 9.059
6594.776 103.16 8.614
6596.293 106.762 8.708
6597.814 105.222 9.663
6599.332 108.144 10.312
6600.854 110.584 9.553
6602.372 112.501 8.669
6603.891 111.469 9.748
6605.414 109.63 11.349
6606.933 111.408 11.623
6608.457 110.957 9.852
6609.977 111.197 8.714
6611.502 111.391 8.629
6613.022 110.018 8.539
6614.544 109.807 8.553
6616.069 109.827 8.542
6617.591 109.712 8.57
6619.117 111.514 8.618
6620.64 112.477 8.583
6622.167 111.072 8.734
6623.69 111.42 9.023
6625.214 114.103 8.701
6626.742 112.053 8.607
6628.266 116.091 9.248
6629.794 110.161 9.574
6631.32 113.602 9.124
6632.849 113.909 8.797
6634.375 114.543 9.336
6635.901 115.459 9.747
6637.431 112.776 9.521
6638.958 113.891 9.373
6640.489 120.409 8.879
6642.017 124.2 8.747
6643.548 129.45 8.688
6645.077 132.146 8.565
6646.605 128.919 8.452
6648.138 119.808 8.652
6649.667 110.783 8.745
6651.201 108.171 8.668
6652.731 109.766 8.815
6654.265 117.724 8.917
6655.796 135.731 8.782
6657.327 156.256 8.862
6658.862 178.386 8.763
6660.394 191.267 8.762
6661.93 177.309 8.752
6663.462 143.476 9.048
6664.999 117.45 8.727
6666.532 107.929 8.753
6668.066 107.62 9.102
6669.604 106.451 9.454
6671.138 108.528 9.282
6672.676 112.356 8.738
6674.211 117.899 8.55
6675.75 127.464 8.497
6677.286 147.57 8.568
6678.826 168.456 8.655
6680.362 179.763 8.499
6681.899 175.797 8.581
6683.44 156.353 8.662
6684.977 130.35 8.686
6686.519 117.044 8.648
6688.057 113.57 8.607
6689.599 108.94 8.66
6691.138 109.126 8.842
6692.678 110.582 8.826
6694.221 109.862 8.715
6695.761 110.047 8.518
6697.305 111.948 8.445
6698.846 111.819 8.61
6700.39 112.228 9.077
6701.932 112.05 9.295
6703.474 109.125 8.834
6705.019 109.518 8.956
6706.562 107.977 8.956
6708.108 110.091 9.208
6709.652 112.072 9.133
6711.199 114.072 8.948
6712.743 112.755 8.851
6714.287 113.698 8.704
6715.835 113.316 8.985
6717.38 112.775 9.388
6718.929 114.452 9.453
6720.475 112.59 8.985
6722.025 111.663 8.515
6723.571 111.718 8.52
6725.118 110.43 8.567
6726.669 109.979 8.505
6728.216 111.284 8.413
6729.768 109.872 8.5
6731.316 106.571 9.021
6732.868 109.148 9.13
6734.417 109.709 8.949
6735.966 108.021 8.56
6737.519 108.326 8.678
6739.069 108.488 8.435
6740.623 108.494 8.563
6742.174 111.584 8.543
6743.729 112.348 8.723
6745.28 111.527 8.758
6746.832 109.112 8.667
6748.388 109.896 8.692
6749.94 109.764 8.52
6751.497 109.604 8.411
6753.05 110.506 8.172
6754.607 111.802 8.445
6756.161 110.077 8.277
6757.715 109.47 8.364
6759.274 109.427 8.341
6760.829 109.328 8.264
6762.388 108.899 8.22
6763.943 108.434 8.254
6765.503 108.543 8.242
6767.059 109.523 8.152
6768.616 111.69 8.133
6770.177 111.824 8.245
6771.734 110.02 8.288
6773.296 108.238 8.164
6774.854 106.893 8.144
6776.416 109.316 8.048
6777.975 107.7 8.186
6779.535 109.548 8.3
6781.098 111.307 8.386
6782.658 109.832 8.447
6784.222 110.423 8.182
6785.783 107.763 8.409
6787.348 110.99 8.383
6788.909 109.378 8.481
6790.471 110.0 8.512
6792.037 108.435 8.221
6793.599 109.783 8.163
6795.166 106.945 8.129
6796.729 107.877 7.95
6798.296 110.334 8.167
6799.86 110.965 8.096
6801.428 108.416 8.24
6802.993 111.884 7.879
6804.558 109.409 8.005
6806.127 108.395 8.092
6807.693 111.53 8.073
6809.263 111.621 8.094
6810.829 113.053 8.111
6812.4 119.204 8.081
6813.967 125.515 8.077
6815.534 126.855 8.144
6817.106 124.123 8.17
6818.674 119.296 8.061
6820.247 113.526 8.155
6821.816 110.477 8.083
6823.389 109.89 7.926
6824.958 112.924 8.003
6826.528 116.66 8.688
6828.103 120.378 11.098
6829.673 124.444 16.279
6831.248 124.573 20.704
6832.82 117.76 18.28
6834.396 115.27 15.986
6835.968 112.434 18.569
6837.54 109.835 17.854
6839.117 108.718 11.462
6840.69 108.979 8.592
6842.268 106.067 9.972
6843.842 108.265 10.748
6845.42 106.979 10.086
6846.995 106.335 8.812
6848.57 107.744 8.055
6850.149 105.804 8.158
6851.725 104.739 8.467
6853.305 107.295 8.45
6854.882 108.179 8.308
6856.462 108.072 8.288
6858.04 109.334 7.952
6859.617 107.959 7.717
6861.199 109.359 7.922
6862.778 110.389 10.5
6864.36 109.811 18.361
6865.939 109.279 25.586
6867.523 110.57 22.73
6869.102 112.31 13.46
6870.683 108.621 8.908
6872.267 106.968 10.169
6873.848 109.433 10.128
6875.433 110.442 8.885
6877.015 110.869 7.429
6878.601 110.914 7.432
6880.183 109.785 7.966
6881.766 107.992 9.041
6883.353 108.015 10.158
6884.936 107.458 9.929
6886.524 107.735 8.397
6888.108 109.188 8.281
6889.697 109.033 9.999
6891.281 108.64 12.178
6892.867 107.042 11.276
6894.456 106.009 8.798
6896.042 111.492 8.014
6897.633 106.047 8.081
6899.219 111.114 7.448
6900.81 109.668 9.581
6902.398 108.748 11.941
6903.986 108.89 11.761
6905.578 109.033 9.42
6907.166 109.314 8.02
6908.759 109.882 7.688
6910.349 109.572 7.602
6911.942 107.488 8.899
6913.532 107.8 12.293
6915.123 108.593 13.939
6916.717 109.404 11.386
6918.308 109.082 8.398
6919.904 109.923 7.593
6921.496 109.639 8.274
6923.092 109.834 11.815
6924.684 111.811 17.351
6926.281 112.246 18.231
6927.875 110.968 12.754
6929.468 110.069 8.457
6931.066 111.043 8.107
6932.661 110.048 7.989
6934.259 108.786 7.723
6935.855 107.604 7.627
6937.454 107.494 7.734
6939.05 107.858 9.256
6940.646 105.034 11.96
6942.247 106.174 13.442
6943.844 106.06 11.121
6945.445 106.592 8.128
6947.043 108.667 7.796
6948.645 110.42 10.583
6950.243 109.004 18.133
6951.842 108.789 21.461
6953.445 109.82 14.478
6955.045 109.606 8.336
6956.649 107.887 8.151
6958.249 106.936 8.49
6959.854 106.85 8.632
6961.455 107.676 8.427
6963.056 107.855 8.146
6964.662 105.906 8.028
6966.264 108.761 8.179
6967.871 110.238 8.122
6969.473 111.222 9.047
6971.081 113.256 11.018
6972.684 112.238 11.434
6974.288 113.629 9.78
6975.897 112.653 8.196
6977.501 111.405 8.941
6979.11 110.027 12.836
6980.716 109.043 15.281
6982.326 110.444 13.253
6983.932 111.766 9.606
6985.539 111.314 8.337
6987.149 113.094 8.401
6988.757 113.945 8.302
6990.368 112.42 8.144
6991.977 112.039 8.122
6993.589 113.195 8.2
6995.198 114.244 8.018
6996.807 114.495 7.954
6998.42 113.335 8.253
7000.03 114.414 8.161
7001.645 115.56 8.166
7003.255 112.712 8.364
7004.87 114.164 9.184
7006.482 113.298 9.659
7008.094 113.553 8.803
7009.71 112.881 7.844
7011.322 112.126 9.018
7012.939 114.383 11.063
7014.552 112.561 11.184
7016.17 111.712 9.206
7017.784 109.558 7.37
7019.398 111.907 7.41
7021.017 112.59 7.503
7022.632 111.979 7.612
7024.252 110.398 7.501
7025.867 111.752 7.331
7027.488 109.862 7.376
7029.104 109.437 7.616
7030.721 111.206 7.666
7032.343 110.588 8.021
7033.96 114.663 7.852
7035.582 113.956 7.736
7037.201 113.073 7.555
7038.824 113.897 7.373
7040.443 116.155 7.303
7042.066 114.077 8.404
7043.686 112.747 8.759
7045.307 111.586 8.574
7046.931 110.574 8.618
7048.553 110.542 10.346
7050.178 111.931 11.55
7051.8 112.853 11.121
7053.426 111.155 9.737
7055.049 109.074 9.127
7056.672 111.965 8.657
7058.299 114.333 8.271
7059.923 110.859 7.878
7061.551 113.264 7.853
7063.175 113.868 8.159
7064.804 113.585 8.543
7066.429 113.721 8.624
7068.055 113.158 8.824
7069.685 112.384 8.78
7071.311 112.166 8.609
7072.942 115.176 8.584
7074.569 115.069 8.538
7076.2 113.181 8.578
7077.828 112.136 8.576
7079.456 110.435 8.426
7081.089 109.875 8.36
7082.718 109.864 8.723
7084.351 111.474 9.085
7085.981 112.845 8.789
7087.615 113.947 8.287
7089.245 115.981 8.646
7090.876 117.14 9.264
7092.511 114.749 9.29
7094.143 112.559 8.591
7095.779 114.258 7.95
7097.411 114.257 7.713
7099.048 114.679 7.574
7100.681 112.782 7.677
7102.314 112.635 7.616
7103.952 111.051 7.61
7105.587 113.213 7.778
7107.225 112.57 7.823
7108.86 109.693 7.596
7110.499 111.503 7.776
7112.135 113.722 7.567
7113.771 110.712 7.652
7115.412 110.765 7.691
7117.049 112.798 7.644
7118.69 111.885 7.602
7120.327 110.217 7.655
7121.969 110.177 7.442
7123.608 112.466 7.35
7125.246 113.506 7.339
7126.89 111.821 7.51
7128.529 112.102 8.305
7130.173 112.954 8.27
7131.813 114.609 8.161
7133.458 112.469 7.686
7135.099 114.189 8.228
7136.74 113.454 8.099
7138.386 113.444 7.692
7140.028 115.509 7.724
7141.675 113.879 7.573
7143.318 114.37 8.581
7144.965 115.352 9.398
7146.608 116.106 9.969
7148.253 117.992 9.394
7149.901 116.552 8.767
7151.546 118.826 8.553
7153.195 113.764 8.102
7154.84 114.422 7.672
7156.49 112.348 7.388
7158.137 111.031 7.567
7159.783 109.319 8.041
7161.434 106.6 8.255
7163.082 107.133 8.212
7164.734 107.989 8.217
7166.382 106.852 7.929
7168.034 106.926 8.17
7169.683 107.151 8.311
7171.337 106.175 8.037
7172.987 108.434 8.179
7174.637 106.538 8.178
7176.291 108.704 8.217
7177.942 109.637 8.347
7179.597 111.005 8.214
7181.249 110.983 8.139
7182.905 111.657 8.126
7184.557 111.016 7.902
7186.21 107.797 7.743
7187.867 104.918 7.083
7189.521 105.474 7.167
7191.179 110.975 7.328
7192.833 103.036 7.163
7194.492 103.702 6.947
7196.147 102.759 7.006
7197.802 104.936 7.12
7199.462 103.818 7.127
7201.118 104.103 7.466
7202.779 103.544 7.453
7204.436 104.214 7.218
7206.097 105.681 7.126
7207.755 107.426 7.13
7209.413 106.348 7.044
7211.075 103.025 6.892
7212.734 105.021 7.031
7214.398 101.291 6.936
7216.057 102.9 7.107
7217.721 103.35 7.066
7219.382 105.603 7.008
7221.043 104.837 7.12
7222.708 104.421 7.594
7224.369 104.384 8.041
7226.035 103.994 7.949
7227.697 105.673 7.581
7229.364 101.607 7.675
7231.027 101.322 7.901
7232.691 100.381 7.971
7234.359 100.816 8.085
7236.023 101.275 8.181
7237.691 102.129 8.773
7239.357 101.717 15.414
7241.026 105.406 29.487
7242.692 105.255 38.261
7244.358 102.748 33.948
7246.028 103.961 33.317
7247.695 101.238 35.083
7249.367 100.764 25.205
7251.034 101.171 12.986
7252.706 103.438 10.315
7254.375 100.697 12.784
7256.044 102.23 14.241
7257.717 103.722 12.322
7259.387 104.902 9.781
7261.061 102.509 8.434
7262.731 103.622 7.994
7264.406 105.684 8.06
7266.077 102.699 8.044
7267.748 101.192 8.463
7269.424 102.759 8.951
7271.097 101.849 9.414
7272.773 103.672 9.099
7274.447 105.173 9.421
7276.124 106.551 21.751
7277.798 105.897 43.734
7279.472 107.062 45.723
7281.151 104.581 24.413
7282.826 102.952 11.534
7284.505 104.389 14.831
7286.181 101.385 21.389
7287.861 103.0 21.1
7289.538 103.668 13.071
7291.215 101.553 8.679
7292.896 101.628 8.382
7294.574 102.148 8.356
7296.256 102.981 10.154
7297.934 102.594 11.724
7299.617 102.503 11.106
7301.296 101.91 8.279
7302.98 102.349 8.837
7304.66 102.235 13.921
7306.341 101.923 16.771
7308.025 101.188 13.425
7309.707 101.956 9.067
7311.392 103.549 8.178
7313.074 102.409 8.422
7314.761 99.706 9.347
7316.443 101.983 20.692
7318.126 103.505 35.457
7319.814 105.977 33.225
7321.498 105.082 15.854
7323.186 102.858 7.738
7324.871 105.315 7.275
7326.56 106.054 7.043
7328.245 105.98 8.944
7329.931 106.086 16.053
7331.622 105.582 20.935
7333.308 105.137 16.73
7334.999 107.791 9.686
7336.687 109.761 7.545
7338.379 105.945 7.452
7340.067 105.615 12.767
7341.755 108.434 32.054
7343.448 107.514 43.869
7345.138 110.307 29.806
7346.831 110.939 12.223
7348.522 107.321 8.523
7350.216 110.006 8.115
7351.907 110.855 8.15
7353.598 107.961 8.5
7355.294 109.053 8.689
7356.986 110.071 8.069
7358.683 109.036 12.305
7360.375 109.642 19.504
7362.073 107.403 18.854
7363.766 108.464 11.69
7365.46 107.94 8.165
7367.159 109.198 8.131
7368.854 107.728 13.931
7370.553 109.456 31.035
7372.248 109.047 37.093
7373.948 109.412 22.317
7375.645 110.757 9.936
7377.342 109.539 7.998
7379.043 110.303 7.756
7380.74 108.412 7.76
7382.442 108.678 7.49
7384.141 110.047 7.172
7385.843 107.863 7.462
7387.543 107.756 7.239
7389.242 109.461 7.473
7390.946 108.171 7.585
7392.646 107.79 12.154
7394.351 105.244 16.913
7396.052 108.502 14.793
7397.758 102.494 8.968
7399.459 107.603 7.481
7401.162 107.526 9.015
7402.868 108.626 21.241
7404.571 110.351 26.823
7406.279 110.195 17.892
7407.983 110.834 7.858
7409.691 109.672 7.009
7411.395 110.877 6.755
7413.1 112.081 7.411
7414.81 111.31 7.717
7416.516 110.969 7.685
7418.226 112.322 7.324
7419.932 111.925 7.467
7421.643 112.519 7.203
7423.351 110.821 7.225
7425.059 111.237 7.117
7426.771 112.447 7.081
7428.479 111.441 7.276
7430.192 112.821 9.582
7431.902 112.067 12.484
7433.615 111.869 11.145
7435.325 111.849 7.735
7437.04 113.588 7.417
7438.751 113.088 11.457
7440.462 113.021 16.99
7442.178 111.346 15.965
7443.89 113.501 9.53
7445.607 115.481 6.942
7447.319 114.602 6.877
7449.037 114.277 6.84
7450.75 115.886 6.944
7452.464 112.805 6.888
7454.183 114.046 7.014
7455.898 114.1 6.98
7457.617 114.26 6.934
7459.333 112.192 7.039
7461.053 110.361 7.192
7462.769 112.757 7.806
7464.486 112.145 8.464
7466.207 113.02 8.948
7467.925 112.868 9.689
7469.647 110.837 9.83
7471.365 112.149 9.853
7473.088 113.883 11.777
7474.807 114.838 13.721
7476.527 115.206 12.54
7478.251 115.881 10.086
7479.971 116.941 11.014
7481.696 118.295 13.77
7483.417 117.661 14.307
7485.143 118.327 13.589
7486.865 118.231 12.027
7488.587 118.041 9.253
7490.314 115.836 7.712
7492.037 114.481 7.279
7493.765 113.233 7.617
7495.489 111.287 8.649
7497.217 112.014 8.358
7498.942 111.588 7.229
7500.667 114.08 6.96
7502.397 114.356 6.918
7504.123 116.447 6.979
7505.853 115.51 6.849
7507.58 114.932 6.623
7509.311 113.723 6.572
7511.039 115.845 6.667
7512.767 117.481 6.445
7514.499 114.822 6.498
7516.228 116.459 7.047
7517.961 116.053 7.92
7519.69 112.042 9.099
7521.424 115.928 8.411
7523.155 110.209 9.624
7524.885 111.151 19.689
7526.621 113.443 26.201
7528.352 113.971 19.11
7530.088 114.872 8.467
7531.82 114.798 10.875
7533.557 115.109 11.769
7535.29 117.064 9.318
7537.024 117.89 7.199
7538.762 117.458 6.976
7540.496 117.085 7.391
7542.235 115.086 8.414
7543.97 114.788 8.247
7545.71 115.344 7.225
7547.446 116.33 6.875
7549.182 116.564 6.89
7550.923 116.237 6.775
7552.66 115.98 6.75
7554.401 115.908 6.9
7556.139 117.025 7.289
7557.882 119.294 8.529
7559.62 119.246 10.234
7561.359 117.378 9.767
7563.103 117.81 7.82
7564.843 118.298 6.873
7566.587 117.03 7.082
7568.328 116.843 7.75
7570.073 115.429 8.774
7571.815 115.889 12.163
7573.561 117.622 17.8
7575.303 116.078 18.123
7577.046 117.218 12.373
7578.793 120.239 8.082
7580.537 119.486 6.918
7582.285 115.401 6.73
7584.029 118.615 6.617
7585.778 117.785 7.635
7587.523 118.013 10.086
7589.268 119.51 10.794
7591.018 118.505 8.41
7592.765 117.076 6.886
7594.516 116.13 6.839
7596.263 121.364 6.311
7598.014 121.005 8.507
7599.762 116.382 15.75
7601.511 118.246 19.002
7603.264 123.25 13.556
7605.013 126.705 7.983
7606.766 119.953 8.808
7608.516 115.607 8.948
7610.271 117.655 8.318
7612.021 119.012 8.258
7613.773 114.432 8.138
7615.528 121.449 7.296
7617.28 117.663 7.098
7619.037 118.1 9.012
7620.79 120.156 10.431
7622.547 122.338 9.843
7624.3 123.885 9.116
7626.054 120.41 9.249
7627.813 124.008 9.414
7629.568 122.136 13.947
7631.327 121.094 17.782
7633.083 118.947 13.288
7634.843 121.173 8.105
7636.599 118.974 6.607
7638.356 123.492 5.462
7640.117 123.228 5.324
7641.875 123.71 5.786
7643.637 121.573 5.683
7645.396 122.771 5.979
7647.159 120.431 5.602
7648.918 120.458 5.21
7650.677 123.647 5.531
7652.442 119.643 5.761
7654.202 118.118 6.843
7655.967 121.529 7.718
7657.728 121.051 7.016
7659.494 118.138 6.189
7661.256 117.421 6.285
7663.019 117.197 8.511
7664.786 118.972 10.887
7666.549 122.347 9.361
7668.317 120.277 6.657
7670.081 120.612 6.107
7671.85 120.258 6.053
7673.615 121.858 6.373
7675.38 117.588 6.266
7677.15 123.24 6.431
7678.916 120.343 6.256
7680.687 120.361 6.185
7682.454 120.738 6.848
7684.225 120.158 7.428
7685.993 120.387 7.495
7687.761 119.27 7.808
7689.534 120.325 8.61
7691.303 120.37 8.377
7693.077 118.628 8.495
7694.846 115.799 8.517
7696.621 115.906 7.809
7698.391 114.433 7.702
7700.162 113.735 9.154
7701.938 114.692 10.269
7703.71 114.025 9.042
7705.486 112.681 7.458
7707.259 113.72 6.803
7709.036 115.757 6.634
7710.81 115.092 7.122
7712.588 114.08 18.929
7714.362 113.37 38.797
7716.137 113.227 45.732
7717.916 114.193 47.259
7719.691 115.691 49.776
7721.472 117.075 29.739
7723.248 109.711 11.816
7725.029 112.278 11.751
7726.806 111.761 17.481
7728.584 113.499 17.657
7730.366 111.214 12.881
7732.144 109.87 8.395
7733.927 112.995 7.754
7735.706 114.931 8.309
7737.49 114.146 9.696
7739.27 114.602 9.376
7741.051 115.184 7.994
7742.836 114.572 7.606
7744.617 115.538 7.411
7746.403 114.826 7.301
7748.185 115.009 8.017
7749.972 116.531 18.055
7751.754 114.906 45.69
7753.538 113.931 60.091
7755.326 115.812 34.755
7757.11 115.407 11.801
7758.899 113.267 10.042
7760.683 115.254 18.45
7762.473 112.635 25.666
7764.259 114.045 18.912
7766.045 113.822 8.958
7767.836 108.855 6.963
7769.623 109.132 6.741
7771.414 104.841 7.021
7773.202 106.931 8.794
7774.995 104.51 13.178
7776.783 104.252 14.031
7778.572 105.236 8.975
7780.366 106.392 9.909
7782.156 108.621 17.602
7783.951 109.872 18.178
7785.741 112.223 11.319
7787.537 111.009 8.198
7789.328 110.64 8.501
7791.12 111.579 8.463
7792.917 111.964 12.75
7794.709 111.868 29.224
7796.507 112.263 45.402
7798.3 112.232 33.722
7800.099 113.402 13.109
7801.893 109.717 6.964
7803.688 109.915 6.79
7805.487 110.021 6.802
7807.283 109.086 7.999
7809.083 110.419 16.087
7810.88 106.923 24.634
7812.681 110.073 19.467
7814.478 109.607 9.85
7816.276 110.146 9.011
7818.078 108.657 8.53
7819.877 112.49 8.596
7821.68 109.305 24.038
7823.48 109.526 55.602
7825.284 106.526 49.462
7827.084 109.013 18.574
7828.884 107.671 7.851
7830.69 109.458 7.813
7832.491 111.193 8.048
7834.297 110.26 7.205
7836.1 111.088 7.329
7837.907 110.935 6.962
7839.71 108.233 7.225
7841.513 112.124 12.873
7843.321 112.428 21.341
7845.126 113.106 19.477
7846.935 111.323 10.342
7848.74 112.656 7.303
7850.55 113.746 9.948
7852.356 111.891 15.908
7854.167 116.233 41.125
7855.974 111.193 60.5
7857.781 112.373 39.88
7859.593 110.768 14.152
7861.401 109.611 21.156
7863.214 108.506 25.702
7865.023 109.047 18.012
7866.836 111.591 8.737
7868.646 112.052 11.266
7870.456 112.38 17.95
7872.271 115.38 25.936
7874.082 112.918 24.244
7875.898 112.367 13.66
7877.71 111.701 8.306
7879.526 113.916 13.941
7881.339 113.568 21.085
7883.152 113.856 21.664
7884.97 113.84 16.982
7886.784 114.373 12.119
7888.603 112.608 11.205
7890.417 111.771 22.981
7892.237 109.737 36.263
7894.052 111.758 28.307
7895.868 111.784 12.11
7897.689 110.372 8.845
7899.506 109.938 8.453
7901.328 110.909 7.727
7903.145 112.135 7.045
7904.968 112.368 6.966
7906.786 111.83 7.767
7908.605 110.831 8.053
7910.429 112.735 8.094
7912.249 110.367 12.139
7914.073 114.238 32.469
7915.894 116.415 56.54
7917.719 115.116 45.956
7919.541 114.222 20.131
7921.363 113.158 20.185
7923.189 111.44 31.551
7925.012 111.334 26.106
7926.84 113.581 11.857
7928.663 113.548 8.12
7930.491 115.715 9.851
7932.316 115.319 20.479
7934.141 113.232 27.412
7935.97 116.749 17.638
7937.796 115.238 8.088
7939.626 116.53 6.765
7941.453 114.347 6.937
7943.284 113.796 7.28
7945.111 111.858 7.54
7946.939 111.02 8.016
7948.772 111.609 9.828
7950.6 110.739 15.201
7952.434 111.089 17.173
7954.263 111.156 11.582
7956.097 112.813 7.287
7957.928 112.157 6.356
7959.758 115.638 6.131
7961.594 112.644 6.234
7963.425 113.769 7.107
7965.262 114.885 25.169
7967.094 111.755 46.337
7968.931 115.828 36.035
7970.765 114.821 13.663
7972.598 113.868 9.658
7974.437 113.694 7.404
7976.271 115.561 7.748
7978.111 115.832 11.037
7979.946 116.36 18.325
7981.786 114.195 24.376
7983.622 111.092 19.531
7985.459 109.809 10.076
7987.3 109.847 6.846
7989.138 111.497 7.411
7990.98 112.653 7.501
7992.818 110.095 14.15
7994.662 116.094 40.697
7996.501 110.483 51.746
7998.345 110.339 25.29
8000.185 112.795 8.702
8002.025 114.662 8.262
8003.87 115.548 8.145
8005.712 114.864 7.675
8007.558 111.645 7.205
8009.4 111.762 6.645
8011.247 108.564 6.56
8013.09 110.377 7.891
8014.933 110.489 14.129
8016.781 110.853 19.169
8018.626 111.229 14.717
8020.475 112.062 9.342
8022.32 110.193 9.86
8024.17 109.325 9.21
8026.016 107.74 18.516
8027.862 109.144 36.399
8029.713 107.073 35.213
8031.561 103.796 16.244
8033.413 110.102 9.638
8035.261 106.47 7.812
8037.114 107.257 7.028
8038.963 108.526 6.671
8040.812 110.665 6.35
8042.666 110.339 6.573
8044.516 108.807 6.557
8046.371 107.986 6.168
8048.222 108.818 6.005
8050.078 108.349 6.165
8051.93 106.559 8.88
8053.783 107.377 13.376
8055.64 107.069 12.77
8057.493 106.484 8.101
8059.351 104.366 6.274
8061.205 105.966 7.348
8063.064 105.869 15.231
8064.919 107.502 22.853
8066.774 107.596 16.038
8068.634 109.683 7.474
8070.49 112.222 6.126
8072.352 109.951 5.834
8074.209 110.802 5.962
8076.07 110.791 6.263
8077.928 113.192 6.707
8079.787 112.193 7.007
8081.65 111.153 6.516
8083.509 110.856 6.309
8085.373 114.23 6.919
8087.233 110.927 7.608
8089.098 113.089 7.357
8090.959 113.209 6.371
8092.82 113.401 5.865
8094.686 112.023 7.949
8096.549 111.724 9.518
8098.416 111.144 7.948
8100.279 112.489 6.227
8102.147 110.864 7.701
8104.01 111.513 11.95
8105.875 112.959 12.957
8107.744 114.236 9.327
8109.609 111.159 6.83
8111.479 110.309 6.265
8113.345 111.023 6.426
8115.216 110.441 6.134
8117.083 107.295 5.956
8118.95 110.964 5.852
8120.823 112.532 5.501
8122.691 111.034 5.791
8124.564 114.471 5.797
8126.433 115.33 5.832
8128.307 113.744 6.013
8130.177 113.599 6.093
8132.051 115.619 6.1
8133.922 116.571 6.252
8135.793 115.565 6.454
8137.67 114.621 6.5
8139.542 115.401 7.051
8141.419 113.572 8.4
8143.291 112.607 7.911
8145.169 112.736 5.986
8147.043 112.346 6.783
8148.917 115.536 9.087
8150.796 114.249 8.829
8152.672 118.14 6.46
8154.551 116.852 5.577
8156.427 117.388 5.617
8158.308 118.246 5.495
8160.185 115.351 5.577
8162.062 113.104 5.658
8163.944 110.554 5.454
8165.823 110.162 5.442
8167.706 111.304 5.739
8169.585 110.711 5.489
8171.468 114.758 5.734
8173.348 115.479 5.789
8175.229 115.272 5.987
8177.114 120.278 6.169
8178.995 118.283 6.077
8180.881 118.497 6.292
8182.763 120.198 6.968
8184.65 116.523 7.834
8186.533 116.58 8.081
8188.416 116.127 8.003
8190.304 113.801 8.5
8192.188 115.16 8.105
8194.078 115.039 7.688
8195.963 114.008 8.149
8197.853 116.766 9.417
8199.738 112.184 8.627
8201.625 113.987 7.098
8203.516 112.422 6.9
8205.403 112.907 7.0
8207.295 112.36 6.992
8209.184 111.876 7.111
8211.077 113.618 6.959
8212.965 110.625 6.395
8214.855 111.044 5.794
8216.749 112.847 6.105
8218.639 114.047 6.07
8220.535 113.632 5.657
8222.426 113.174 5.703
8224.322 113.003 5.654
8226.214 114.027 5.638
8228.106 113.353 5.744
8230.004 111.4 5.395
8231.897 112.201 5.085
8233.795 110.658 5.306
8235.689 112.027 5.244
8237.589 115.04 5.333
8239.484 114.245 5.49
8241.379 118.516 5.447
8243.279 118.358 5.975
8245.176 118.966 6.142
8247.077 120.099 5.966
8248.974 116.485 6.263
8250.877 120.071 6.631
8252.775 117.093 6.164
8254.673 117.752 5.583
8256.577 119.633 5.834
8258.476 117.422 5.845
8260.381 116.319 5.509
8262.281 119.571 5.398
8264.186 118.956 5.256
8266.087 116.175 5.167
8267.989 119.279 5.341
8269.895 118.02 5.265
8271.798 116.887 5.147
8273.705 117.531 5.259
8275.609 120.771 5.337
8277.517 119.418 6.849
8279.421 121.601 13.556
8281.331 114.083 24.22
8283.236 117.605 33.607
8285.141 115.11 31.996
8287.052 119.36 18.724
8288.958 116.974 28.264
8290.87 125.42 44.324
8292.777 114.172 34.608
8294.689 122.7 13.048
8296.597 121.307 11.931
8298.506 118.804 27.176
8300.42 117.683 45.527
8302.329 115.519 45.16
8304.244 114.575 21.315
8306.154 112.124 9.438
8308.069 119.175 7.141
8309.981 115.054 7.264
8311.892 114.11 15.092
8313.809 110.85 19.976
8315.722 110.149 12.456
8317.639 111.607 6.204
8319.553 111.9 6.808
8321.471 110.734 7.349
8323.385 110.346 6.504
8325.3 110.196 5.65
8327.22 110.941 5.426
8329.136 111.709 5.018
8331.056 113.79 5.094
8332.973 112.383 5.116
8334.894 113.082 5.089
8336.812 114.643 5.19
8338.73 114.738 6.051
8340.653 115.284 7.259
8342.571 114.802 9.718
8344.495 115.731 38.633
8346.415 120.031 91.608
8348.34 115.351 92.76
8350.26 116.621 29.043
8352.181 117.443 12.58
8354.107 118.167 31.681
8356.029 116.132 40.407
8357.956 116.787 21.24
8359.878 115.603 6.978
8361.806 115.342 7.108
8363.73 113.974 9.667
8365.654 114.142 15.413
8367.583 115.883 18.995
8369.508 116.678 13.213
8371.438 113.524 7.006
8373.364 118.738 5.501
8375.295 116.118 5.23
8377.221 115.897 5.301
8379.149 118.417 5.793
8381.081 114.003 8.418
8383.009 116.453 18.276
8384.942 119.064 28.374
8386.871 119.117 20.235
8388.805 116.332 8.123
8390.735 114.606 6.083
8392.665 115.381 6.665
8394.6 114.48 6.365
8396.532 116.119 5.968
8398.468 115.603 14.253
8400.4 117.529 54.948
8402.337 117.418 76.71
8404.27 116.006 39.695
8406.203 113.63 8.698
8408.142 112.996 5.605
8410.076 113.741 5.421
8412.015 110.041 5.243
8413.95 110.866 6.413
8415.891 113.23 18.846
8417.827 115.978 36.004
8419.763 112.621 25.872
8421.705 110.873 8.336
8423.642 109.227 5.838
8425.585 110.941 6.773
8427.523 109.734 7.282
8429.466 109.258 17.187
8431.406 112.177 67.109
8433.35 112.655 94.883
8435.29 111.88 42.914
8437.23 112.77 8.186
8439.176 113.335 6.254
8441.118 113.975 5.436
8443.064 111.874 5.076
8445.006 113.01 5.198
8446.954 111.298 5.094
8448.897 109.902 5.083
8450.841 107.742 6.213
8452.789 111.555 16.085
8454.734 110.688 32.319
8456.684 106.671 24.86
8458.629 106.983 8.19
8460.58 109.826 5.594
8462.526 110.078 5.827
8464.473 109.636 12.745
8466.425 110.61 45.14
8468.372 113.005 67.137
8470.325 107.485 34.841
8472.274 111.485 7.075
8474.227 110.302 5.731
8476.177 109.843 6.135
8478.127 112.514 6.472
8480.082 110.818 5.588
8482.033 111.858 4.964
8483.989 109.281 4.736
8485.94 112.542 4.66
8487.897 110.805 4.865
8489.85 108.95 4.815
8491.803 110.921 4.832
8493.761 116.894 10.713
8495.715 116.864 21.494
8497.674 114.765 18.897
8499.629 113.084 8.629
8501.589 113.373 5.805
8503.545 109.688 8.374
8505.501 112.573 23.716
8507.462 110.742 41.414
8509.419 106.77 27.581
8511.382 107.82 6.861
8513.34 112.183 5.524
8515.303 111.04 5.076
8517.262 113.724 4.737
8519.221 114.394 4.872
8521.186 113.773 5.127
8523.146 114.471 5.429
8525.111 112.596 5.143
8527.073 116.417 4.695
8529.039 111.981 4.63
8531.001 115.231 4.47
8532.964 115.206 4.479
8534.931 113.477 4.632
8536.895 112.681 4.812
8538.863 110.143 7.595
8540.828 112.774 12.134
8542.797 112.311 10.424
8544.762 108.429 5.741
8546.728 111.223 4.449
8548.699 112.111 8.77
8550.666 111.108 19.029
8552.637 111.469 18.85
8554.605 111.29 9.368
8556.578 108.642 5.032
8558.546 107.363 4.668
8560.515 105.952 4.393
8562.489 106.249 4.448
8564.459 106.78 4.385
8566.434 112.915 4.388
8568.404 110.449 4.563
8570.38 109.794 4.72
8572.352 107.826 4.824
8574.324 107.565 5.248
8576.301 109.105 5.91
8578.274 109.879 6.043
8580.252 107.666 5.49
8582.226 108.081 5.025
8584.205 109.838 4.629
8586.18 110.087 4.418
8588.16 109.014 5.739
8590.136 108.169 8.436
8592.112 108.166 8.713
8594.093 107.165 6.0
8596.07 105.879 5.552
8598.052 107.102 9.056
8600.03 109.649 11.329
8602.013 111.736 8.38
8603.992 109.427 5.412
8605.972 111.024 5.103
8607.956 110.801 5.331
8609.936 107.311 5.665
8611.922 111.662 6.517
8613.903 107.719 8.509
8615.889 107.227 10.822
8617.871 104.979 14.405
8619.854 99.775 18.506
8621.842 95.827 23.286
8623.825 96.2 28.221
8625.814 98.768 33.423
8627.798 101.196 37.357
8629.788 104.957 40.8
8631.773 110.211 42.293
8633.759 108.325 42.32
8635.75 103.562 39.297
8637.736 108.082 35.074
8639.728 103.698 29.463
8641.716 104.118 23.149
8643.708 108.195 17.838
8645.697 107.266 11.474
8647.686 102.93 10.542
8649.68 107.059 16.441
8651.67 105.308 26.887
8653.665 107.092 34.55
8655.656 107.821 35.581
8657.652 105.53 39.677
8659.643 100.282 38.795
8661.635 99.96 40.191
8663.633 89.853 39.516
8665.626 86.25 33.073
8667.624 81.249 39.119
8669.618 85.56 32.019
8671.617 89.794 29.528
8673.612 95.421 30.443
8675.607 98.494 22.787
8677.608 106.707 23.36
8679.604 106.783 20.867
8681.606 106.102 15.534
8683.603 105.847 17.476
8685.605 109.99 13.938
8687.604 113.326 10.449
8689.602 109.031 11.296
8691.606 112.278 9.134
8693.605 112.529 8.052
8695.61 114.614 8.308
8697.611 110.403 6.746
8699.616 109.776 6.161
8701.618 111.532 7.757
8703.619 113.526 7.793
8705.626 108.121 6.31
8707.629 108.383 6.46
8709.637 116.14 7.384
8711.641 110.04 6.763
8713.65 110.981 5.294
8715.654 113.006 4.512
8717.659 113.001 4.268
8719.669 112.217 4.03
8721.675 109.05 3.91
8723.687 109.37 3.913
8725.693 111.343 4.295
8727.706 113.744 4.794
8729.713 112.586 4.641
8731.722 110.868 4.107
8733.735 112.244 4.078
8735.744 111.657 4.214
8737.759 111.529 4.275
8739.769 109.81 4.597
8741.784 113.573 5.12
8743.795 113.934 5.222
8745.812 111.292 4.638
8747.824 113.005 4.239
8749.836 112.392 4.317
8751.854 112.291 4.596
8753.867 112.524 4.52
8755.886 113.354 3.988
8757.9 110.778 5.962
8759.919 112.865 16.766
8761.935 116.049 46.209
8763.95 114.694 66.161
8765.971 117.097 47.854
8767.988 115.665 48.484
8770.01 115.807 76.057
8772.027 112.796 58.812
8774.05 111.497 17.359
8776.069 113.369 11.74
8778.088 111.42 42.743
8780.112 112.506 81.659
8782.132 106.227 66.771
8784.157 102.848 22.513
8786.177 94.913 6.265
8788.204 91.573 5.145
8790.225 87.584 6.758
8792.247 92.568 22.6
8794.275 99.341 31.658
8796.298 101.815 17.815
8798.326 105.27 5.823
8800.35 108.554 4.753
8802.38 107.562 4.379
8804.405 108.847 4.142
8806.43 107.686 4.214
8808.461 111.1 3.956
8810.487 110.533 5.95
8812.519 109.351 7.983
8814.546 106.852 6.849
8816.579 104.158 4.556
8818.607 107.577 4.041
8820.636 111.25 3.946
8822.67 110.348 4.387
8824.7 110.697 8.051
8826.735 114.993 45.158
8828.765 124.908 134.091
8830.801 115.117 146.826
8832.833 114.499 52.15
8834.865 111.233 18.564
8836.902 113.658 38.791
8838.935 112.728 67.241
8840.973 122.705 45.899
8843.007 114.935 13.147
8845.046 116.067 5.527
8847.081 116.801 5.954
8849.116 114.36 7.991
8851.157 113.617 18.251
8853.193 116.97 23.412
8855.234 116.092 12.352
8857.272 114.525 5.528
8859.314 110.404 4.73
8861.352 113.476 4.646
8863.391 111.051 7.01
8865.434 114.439 8.162
8867.474 110.983 17.164
8869.519 115.747 39.299
8871.559 114.468 38.538
8873.605 113.473 14.482
8875.646 117.312 5.367
8877.688 114.309 4.476
8879.735 116.759 3.989
8881.778 117.69 3.941
8883.826 113.515 6.727
8885.87 118.226 37.746
8887.919 117.159 105.96
8889.964 116.572 96.423
8892.009 118.874 24.589
8894.059 113.732 6.227
8896.105 112.8 5.689
8898.157 114.171 6.528
8900.204 114.607 6.402
8902.256 115.634 9.862
8904.304 119.37 37.278
8906.357 116.225 58.145
8908.406 121.606 27.59
8910.456 118.427 8.219
8912.51 118.086 7.341
8914.561 117.907 5.851
8916.616 120.96 4.872
8918.668 116.491 13.991
8920.724 129.725 85.689
8922.776 120.406 143.999
8924.829 130.302 69.095
8926.887 119.533 13.657
8928.941 116.634 7.929
8931.0 112.351 8.1
8933.054 111.306 6.938
8935.114 112.143 5.68
8937.17 109.479 5.976
8939.226 117.56 6.134
8941.287 115.835 6.052
8943.344 117.971 17.023
8945.406 118.607 42.625
8947.464 118.875 41.823
8949.528 118.908 12.401
8951.586 118.516 4.873
8953.646 115.955 4.96
8955.71 113.812 4.922
8957.771 121.203 24.907
8959.836 124.975 91.374
8961.897 120.428 100.521
8963.964 123.754 31.861
8966.026 117.723 6.432
8968.089 116.796 5.593
8970.157 114.478 4.896
8972.22 122.795 6.357
8974.289 122.184 7.246
8976.354 124.358 5.732
8978.424 120.925 4.821
8980.489 124.272 5.441
8982.555 122.565 6.733
8984.627 118.641 7.461
8986.693 121.882 7.19
8988.766 114.961 17.605
8990.834 116.686 34.323
8992.907 106.779 26.446
8994.976 112.292 11.061
8997.045 110.119 5.955
8999.12 109.276 4.666
9001.19 112.387 15.673
9003.266 111.101 58.125
9005.337 112.857 56.412
9007.413 114.445 20.389
9009.486 113.011 5.094
9011.558 114.223 4.192
9013.636 113.633 3.575
9015.71 111.704 3.537
9017.789 113.826 3.301
9019.863 113.972 3.315
9021.943 112.039 4.098
9024.019 110.817 4.907
9026.095 115.349 4.551
9028.176 113.873 4.187
9030.253 115.791 4.907
9032.335 114.753 5.339
9034.413 115.974 4.706
9036.497 115.563 4.705
9038.575 119.493 10.505
9040.655 116.852 19.072
9042.74 111.935 15.082
9044.82 114.535 6.541
9046.905 115.941 5.384
9048.987 115.917 9.542
9051.073 117.901 26.905
9053.156 117.4 32.967
9055.238 115.993 14.437
9057.326 113.14 4.946
9059.41 113.536 5.129
9061.499 116.695 4.707
9063.584 117.464 3.939
9065.674 118.246 4.613
9067.759 117.909 5.634
9069.85 115.091 6.323
9071.937 113.017 6.62
9074.024 112.69 5.578
9076.116 113.784 4.433
9078.204 109.808 4.138
9080.298 112.468 3.671
9082.386 113.585 3.472
9084.481 112.561 4.023
9086.571 116.53 4.375
9088.661 115.766 3.97
9090.757 117.291 3.888
9092.848 113.646 7.291
9094.945 121.198 12.005
9097.037 117.719 11.287
9099.135 119.528 5.633
9101.228 111.612 4.439
9103.322 118.503 10.958
9105.421 117.099 16.627
9107.516 115.41 13.181
9109.616 116.372 5.467
9111.712 117.612 3.432
9113.813 115.913 3.859
9115.909 116.239 3.357
9118.007 115.397 3.314
9120.109 113.953 3.441
9122.207 117.725 3.359
9124.311 119.087 3.201
9126.41 118.517 3.239
9128.514 116.916 3.279
9130.614 117.276 3.254
9132.715 115.716 3.223
9134.821 115.555 3.255
9136.922 117.029 3.402
9139.029 117.606 3.845
9141.132 109.596 3.849
9143.24 111.219 3.239
9145.343 110.761 3.285
9147.447 110.943 3.568
9149.556 111.157 3.374
9151.661 109.475 5.103
9153.771 113.226 8.958
9155.877 116.747 10.306
9157.989 119.014 7.715
9160.095 112.558 6.965
9162.203 113.268 10.715
9164.315 119.898 12.289
9166.424 118.638 8.396
9168.537 117.645 4.264
9170.647 120.517 3.861
9172.761 116.024 3.786
9174.872 120.036 3.413
9176.982 117.702 3.643
9179.098 123.197 3.982
9181.21 120.175 4.016
9183.327 123.835 3.864
9185.44 123.609 3.732
9187.558 122.043 3.715
9189.672 124.176 3.682
9191.786 118.289 3.586
9193.905 119.624 3.579
9196.02 118.639 3.587
9198.141 120.924 3.581
9200.257 124.372 3.576
9202.378 118.76 3.586
9204.495 119.923 3.684
9206.613 123.961 3.863
9208.736 123.348 4.139
9210.854 118.437 4.458
9212.978 116.238 4.835
