3807.15 9.968 9.353
3808.026 10.512 9.324
3808.904 5.955 9.421
3809.78 6.989 9.434
3810.659 10.868 9.346
3811.536 8.112 9.233
3812.412 4.891 9.055
3813.292 7.641 8.786
3814.169 0.648 8.554
3815.048 -0.743 8.267
3815.926 3.82 7.985
3816.806 5.766 7.78
3817.684 2.394 7.507
3818.562 2.622 7.254
3819.443 5.663 7.043
3820.322 7.886 6.844
3821.202 7.716 6.705
3822.082 5.456 6.637
3822.963 6.568 6.646
3823.842 8.139 6.702
3824.724 10.762 6.736
3825.604 7.267 6.577
3826.484 2.861 6.285
3827.366 6.399 5.929
3828.247 10.804 5.963
3829.13 6.636 6.781
3830.011 2.974 8.014
3830.894 9.969 8.326
3831.775 8.164 7.447
3832.657 6.595 6.273
3833.54 9.929 5.689
3834.422 4.947 5.876
3835.307 3.062 6.265
3836.189 6.857 6.219
3837.073 5.375 5.895
3837.956 2.285 5.652
3838.839 7.312 5.488
3839.724 1.21 5.411
3840.608 3.761 5.481
3841.493 5.97 5.782
3842.377 0.073 6.333
3843.263 2.528 6.795
3844.147 6.359 7.31
3845.032 4.772 7.689
3845.918 6.617 7.952
3846.803 12.466 8.002
3847.69 8.097 7.709
3848.575 7.633 7.273
3849.463 6.207 7.156
3850.348 9.233 7.209
3851.234 4.056 7.412
3852.122 9.784 7.465
3853.008 11.548 7.361
3853.897 5.482 7.111
3854.783 6.82 6.826
3855.672 7.12 6.763
3856.559 5.345 7.045
3857.446 5.527 7.034
3858.336 7.233 6.76
3859.223 6.082 6.085
3860.113 5.278 5.301
3861.001 7.494 4.783
3861.892 9.328 4.871
3862.78 9.753 5.541
3863.669 10.875 6.571
3864.56 8.721 7.419
3865.449 4.842 7.565
3866.34 9.362 6.908
3867.23 8.251 6.349
3868.121 10.44 6.658
3869.011 7.193 7.473
3869.901 5.121 7.888
3870.794 8.103 7.268
3871.684 6.897 5.888
3872.577 3.375 4.62
3873.468 4.334 4.366
3874.361 5.352 5.553
3875.252 5.438 6.898
3876.144 7.801 7.579
3877.038 6.53 7.437
3877.93 6.282 6.819
3878.824 5.376 6.424
3879.716 2.382 6.46
3880.611 3.629 6.452
3881.504 6.638 6.111
3882.396 5.312 5.567
3883.292 9.643 5.152
3884.185 6.989 5.341
3885.081 6.935 6.084
3885.975 8.199 6.661
3886.871 6.116 6.481
3887.765 6.25 5.68
3888.659 8.913 5.313
3889.556 6.846 6.222
3890.451 8.293 7.548
3891.348 5.087 7.891
3892.243 7.545 7.306
3893.141 10.645 6.86
3894.036 6.841 6.958
3894.934 8.899 7.266
3895.83 8.063 7.271
3896.726 3.711 7.156
3897.625 7.016 7.318
3898.522 7.614 7.881
3899.421 4.121 8.291
3900.318 7.329 8.207
3901.217 7.124 8.268
3902.115 10.337 8.38
3903.012 8.734 8.336
3903.912 7.485 7.975
3904.81 9.518 7.531
3905.711 10.057 7.518
3906.609 8.292 8.011
3907.51 9.213 8.664
3908.409 12.165 9.106
3909.308 8.18 9.457
3910.21 7.012 9.335
3911.109 7.265 9.448
3912.011 9.701 10.278
3912.911 8.847 10.923
3913.813 7.227 10.639
3914.714 7.92 9.911
3915.614 6.044 9.318
3916.517 7.413 9.201
3917.418 9.404 9.325
3918.322 5.699 9.182
3919.223 8.575 8.629
3920.127 7.577 7.989
3921.029 8.452 7.457
3921.931 9.483 7.279
3922.835 7.903 7.545
3923.737 7.998 8.003
3924.642 7.597 8.069
3925.545 4.092 7.44
3926.45 4.813 6.628
3927.354 10.695 6.102
3928.257 5.612 5.764
3929.163 3.092 5.397
3930.067 4.584 4.933
3930.973 4.63 4.483
3931.877 4.834 4.222
3932.784 6.437 4.115
3933.689 3.753 3.917
3934.594 2.846 3.691
3935.501 7.063 3.456
3936.406 9.192 3.285
3937.314 6.095 3.6
3938.22 5.675 4.454
3939.128 6.534 5.602
3940.034 5.615 6.615
3940.941 5.12 7.073
3941.849 5.84 7.041
3942.756 5.107 6.659
3943.665 6.775 6.46
3944.573 10.926 6.343
3945.482 9.519 6.563
3946.39 5.823 7.13
3947.298 10.183 7.763
3948.208 10.666 8.056
3949.116 5.82 7.894
3950.027 7.906 7.762
3950.936 9.677 8.242
3951.847 7.112 9.218
3952.756 6.795 9.381
3953.665 9.225 8.641
3954.577 8.209 8.446
3955.487 6.407 8.799
3956.399 8.73 8.783
3957.309 9.953 8.232
3958.221 9.18 7.833
3959.132 11.771 8.183
3960.045 12.141 8.727
3960.956 6.237 8.619
3961.867 7.375 7.723
3962.781 6.875 6.906
3963.692 5.547 6.46
3964.606 6.813 6.229
3965.518 6.091 5.934
3966.433 5.31 5.273
3967.345 7.032 4.194
3968.258 7.925 3.132
3969.173 8.027 2.624
3970.086 8.404 2.798
3971.002 6.64 3.459
3971.915 5.009 4.208
3972.831 6.551 4.753
3973.745 6.29 5.216
3974.659 5.535 5.769
3975.576 5.652 6.488
3976.49 5.544 7.296
3977.407 3.918 7.875
3978.322 1.634 8.041
3979.24 4.43 7.839
3980.155 3.104 8.042
3981.071 6.245 8.635
3981.989 3.685 9.148
3982.905 4.597 9.066
3983.823 7.498 8.559
3984.74 9.157 8.126
3985.659 9.165 8.638
3986.576 6.555 9.58
3987.493 6.462 9.214
3988.412 9.923 8.639
3989.33 8.193 9.103
3990.25 3.183 9.815
3991.168 5.447 9.879
3992.088 8.262 9.624
3993.006 6.609 9.513
3993.925 6.894 9.595
3994.846 9.636 9.615
3995.765 8.149 9.429
3996.686 7.443 8.96
3997.606 8.062 8.803
3998.528 8.045 9.392
3999.447 7.543 10.33
4000.368 6.075 11.122
4001.29 7.272 11.198
4002.211 8.149 10.753
4003.133 6.282 10.708
4004.054 4.465 10.958
4004.978 5.532 10.481
4005.899 6.958 9.015
4006.821 5.592 8.332
4007.745 5.73 9.124
4008.666 8.276 10.062
4009.591 5.022 10.503
4010.513 5.218 10.735
4011.438 4.682 11.03
4012.361 2.373 11.209
4013.284 2.761 11.221
4014.209 3.18 11.249
4015.133 0.589 10.87
4016.059 4.451 10.503
4016.983 5.201 10.509
4017.909 3.38 10.286
4018.833 7.735 10.374
4019.758 6.482 11.145
4020.685 6.57 11.723
4021.61 7.811 11.14
4022.537 7.652 10.716
4023.462 10.048 11.371
4024.39 9.683 11.506
4025.316 9.966 11.254
4026.242 3.969 11.455
4027.171 7.672 10.96
4028.097 9.915 10.151
4029.026 9.12 10.54
4029.953 9.107 11.172
4030.882 7.221 10.733
4031.809 6.464 9.639
4032.739 9.101 8.934
4033.667 5.774 9.118
4034.595 7.121 9.212
4035.525 7.484 9.052
4036.453 9.976 9.53
4037.384 6.806 10.45
4038.313 5.134 11.262
4039.244 8.006 11.459
4040.173 6.881 11.199
4041.103 5.966 10.977
4042.035 11.56 10.895
4042.965 11.582 11.072
4043.897 10.215 11.38
4044.827 8.294 10.961
4045.76 7.025 10.664
4046.691 9.428 13.363
4047.622 13.049 16.355
4048.555 10.97 16.956
4049.486 7.958 15.478
4050.42 10.018 13.403
4051.352 13.055 11.797
4052.286 10.795 11.576
4053.218 8.31 11.273
4054.151 8.158 11.104
4055.086 7.4 10.809
4056.019 8.069 9.853
4056.954 11.557 9.282
4057.887 11.546 9.355
4058.823 9.684 9.369
4059.757 10.196 9.321
4060.691 9.689 9.999
4061.627 6.569 11.052
4062.561 8.284 11.092
4063.498 7.783 9.791
4064.433 13.781 8.745
4065.37 8.179 8.653
4066.305 9.355 9.263
4067.241 11.595 9.708
4068.179 7.881 10.066
4069.115 7.405 10.655
4070.053 9.815 10.966
4070.989 8.801 10.593
4071.928 12.459 9.668
4072.865 10.65 8.818
4073.802 10.722 9.464
4074.741 5.344 10.945
4075.679 4.843 11.161
4076.618 9.047 10.654
4077.556 7.866 10.507
4078.497 7.326 10.74
4079.435 8.534 10.975
4080.373 7.688 11.139
4081.314 10.476 11.051
4082.253 11.005 11.168
4083.194 10.093 11.652
4084.134 7.191 11.324
4085.076 8.662 9.926
4086.015 11.043 9.012
4086.955 8.111 10.021
4087.898 6.25 11.127
4088.838 8.66 11.261
4089.781 10.5 11.083
4090.722 8.705 11.026
4091.665 6.349 10.802
4092.606 7.698 10.238
4093.548 10.07 9.965
4094.492 12.29 10.128
4095.434 9.46 10.245
4096.378 7.561 9.954
4097.321 5.489 9.641
4098.265 7.988 9.42
4099.208 10.231 9.317
4100.151 8.063 9.436
4101.097 10.963 9.265
4102.04 7.456 8.431
4102.986 9.038 7.674
4103.93 8.512 7.55
4104.876 9.827 8.079
4105.821 11.742 8.533
4106.768 12.431 9.018
4107.712 8.844 9.787
4108.657 7.732 10.141
4109.605 10.139 9.962
4110.55 9.62 9.886
4111.498 10.725 10.052
4112.444 7.209 9.893
4113.392 10.582 9.519
4114.338 8.271 9.95
4115.285 9.15 10.366
4116.234 8.64 10.464
4117.181 10.301 10.926
4118.13 8.027 10.939
4119.078 6.934 10.162
4120.027 11.394 9.573
4120.975 8.504 9.905
4121.923 7.38 10.19
4122.874 9.249 9.881
4123.822 6.588 9.72
4124.773 5.493 10.267
4125.722 6.671 11.225
4126.673 7.989 10.944
4127.623 11.021 10.027
4128.572 9.199 9.975
4129.524 6.666 10.363
4130.474 9.754 10.088
4131.427 6.769 9.864
4132.377 7.79 10.242
4133.33 7.48 9.707
4134.281 6.417 9.028
4135.232 9.958 9.52
4136.186 10.367 10.282
4137.137 9.073 10.564
4138.091 9.065 10.878
4139.043 6.92 11.66
4139.998 4.487 11.413
4140.95 6.887 10.633
4141.903 6.969 10.688
4142.858 7.854 10.633
4143.811 6.984 9.765
4144.766 6.827 8.666
4145.72 4.838 8.806
4146.676 5.701 9.739
4147.63 5.232 10.522
4148.584 4.021 10.597
4149.541 6.261 9.505
4150.495 7.533 9.081
4151.452 4.459 10.09
4152.407 6.762 9.912
4153.365 7.091 9.472
4154.32 3.387 9.837
4155.276 4.353 9.636
4156.234 7.24 9.368
4157.19 7.457 9.988
4158.149 4.985 10.548
4159.106 6.476 10.234
4160.065 9.527 9.858
4161.022 8.192 10.014
4161.979 7.848 10.462
4162.939 8.366 10.525
4163.896 5.758 10.582
4164.857 8.605 10.973
4165.815 7.832 11.5
4166.775 9.036 11.544
4167.734 8.407 10.863
4168.693 8.881 10.525
4169.654 6.558 10.824
4170.613 4.475 11.336
4171.575 7.954 10.938
4172.535 7.606 10.013
4173.497 6.029 9.271
4174.457 7.949 9.155
4175.417 8.775 9.375
4176.38 7.837 9.713
4177.341 6.539 10.145
4178.304 5.494 10.228
4179.265 6.975 10.018
4180.229 8.414 9.965
4181.191 6.49 10.513
4182.155 5.286 10.572
4183.117 9.199 9.605
4184.079 10.339 9.187
4185.044 7.512 10.093
4186.007 9.757 10.207
4186.972 8.115 9.555
4187.935 6.829 8.933
4188.901 5.731 8.867
4189.865 5.414 9.312
4190.829 5.735 9.771
4191.795 7.091 9.842
4192.759 8.823 9.684
4193.726 9.017 9.669
4194.691 9.771 9.727
4195.658 7.536 9.893
4196.624 6.223 9.621
4197.589 9.751 8.953
4198.557 8.911 8.435
4199.523 8.267 8.292
4200.491 9.361 8.682
4201.457 7.351 9.27
4202.426 6.806 9.381
4203.393 9.021 9.189
4204.36 7.427 9.524
4205.33 10.752 9.57
4206.297 10.56 9.412
4207.267 8.786 9.906
4208.235 10.066 10.779
4209.205 8.605 10.927
4210.174 7.208 10.59
4211.142 8.614 10.31
4212.113 9.342 10.162
4213.082 7.864 10.095
4214.054 8.977 10.164
4215.023 11.924 9.872
4215.995 8.843 9.045
4216.965 10.625 8.706
4217.935 8.444 9.37
4218.908 6.564 10.113
4219.878 10.511 9.501
4220.851 7.549 9.158
4221.822 5.946 9.724
4222.796 6.881 9.925
4223.767 7.46 9.552
4224.739 7.889 9.153
4225.713 6.921 8.273
4226.685 6.011 7.188
4227.66 9.646 6.457
4228.633 8.619 6.871
4229.608 8.21 8.102
4230.581 8.913 9.43
4231.554 6.722 10.242
4232.53 8.297 10.529
4233.504 7.728 10.152
4234.48 7.104 9.656
4235.454 7.656 9.343
4236.431 7.362 8.939
4237.405 8.851 8.543
4238.38 8.075 8.588
4239.357 9.777 8.913
4240.333 7.218 9.286
4241.31 4.92 9.702
4242.286 7.22 10.063
4243.264 6.59 9.819
4244.241 8.233 9.312
4245.217 8.391 9.164
4246.196 7.144 9.611
4247.173 9.383 10.025
4248.152 10.066 10.131
4249.129 7.191 9.987
4250.109 8.491 9.22
4251.087 8.569 8.368
4252.065 10.057 8.598
4253.045 7.557 9.845
4254.024 7.532 9.735
4255.005 7.095 8.805
4255.984 7.166 8.518
4256.965 8.896 9.026
4257.944 9.031 9.505
4258.926 8.248 9.507
4259.906 9.61 8.751
4260.886 7.364 8.093
4261.869 7.666 8.194
4262.849 8.055 8.648
4263.832 6.46 8.805
4264.813 8.745 9.498
4265.796 5.514 10.009
4266.778 7.682 9.902
4267.759 9.003 9.808
4268.743 7.183 9.93
4269.725 7.095 9.772
4270.71 7.957 8.665
4271.692 8.288 8.045
4272.677 7.381 8.035
4273.66 8.075 7.676
4274.644 7.101 7.503
4275.629 9.122 7.901
4276.613 7.631 8.448
4277.599 10.115 8.997
4278.583 8.474 9.658
4279.57 7.943 9.704
4280.554 8.989 8.749
4281.539 7.748 8.2
4282.526 8.557 8.728
4283.511 9.695 9.526
4284.499 8.679 9.332
4285.485 10.171 8.715
4286.473 6.492 8.28
4287.459 8.286 8.314
4288.446 10.193 8.421
4289.434 8.209 8.144
4290.421 8.584 7.651
4291.411 8.949 7.609
4292.398 7.283 7.876
4293.388 7.486 8.329
4294.375 9.793 8.784
4295.363 11.021 8.569
4296.354 10.825 8.438
4297.342 6.233 8.419
4298.333 7.415 7.998
4299.322 9.291 7.513
4300.313 8.905 6.751
4301.303 6.392 6.424
4302.292 8.022 6.432
4303.284 8.633 6.439
4304.274 7.26 6.529
4305.267 7.788 6.763
4306.257 7.175 6.991
4307.25 7.115 6.861
4308.241 7.619 6.386
4309.232 9.624 5.913
4310.226 10.205 5.945
4311.217 9.261 6.296
4312.212 8.892 6.535
4313.204 7.567 6.925
4314.198 9.351 7.648
4315.191 8.342 8.554
4316.183 7.429 9.358
4317.179 9.806 10.043
4318.172 8.068 10.292
4319.168 7.647 10.299
4320.161 7.387 10.177
4321.157 8.286 10.007
4322.152 9.405 10.059
4323.146 7.111 9.633
4324.143 7.518 8.535
4325.137 8.968 7.397
4326.135 9.901 7.042
4327.13 9.275 7.252
4328.128 7.139 7.755
4329.124 7.026 9.022
4330.119 8.982 9.883
4331.118 7.748 9.621
4332.114 7.349 9.662
4333.113 7.924 10.084
4334.11 8.42 9.835
4335.11 8.773 9.686
4336.107 6.989 9.614
4337.107 6.761 9.133
4338.105 7.018 8.488
4339.103 5.336 7.899
4340.103 6.743 7.594
4341.102 8.88 7.286
4342.103 8.474 7.148
4343.101 9.802 7.318
4344.103 6.988 8.303
4345.102 8.164 9.242
4346.102 8.302 9.344
4347.104 7.835 9.637
4348.104 7.808 10.07
4349.107 6.478 10.749
4350.107 9.465 10.745
4351.11 8.407 10.041
4352.111 8.03 8.932
4353.113 8.725 8.199
4354.116 7.389 8.219
4355.118 8.396 8.64
4356.122 7.6 9.066
4357.125 8.03 11.047
4358.129 6.155 16.349
4359.132 10.978 24.018
4360.135 9.525 26.481
4361.14 7.638 21.354
4362.143 7.051 15.543
4363.149 7.019 12.949
4364.153 7.029 11.773
4365.159 9.051 11.147
4366.164 9.791 10.928
4367.168 7.903 10.61
4368.175 8.557 10.276
4369.18 7.659 9.769
4370.187 8.031 9.701
4371.193 7.607 9.759
4372.201 8.678 9.231
4373.207 8.41 9.211
4374.213 8.75 9.307
4375.221 7.494 9.044
4376.228 6.75 9.037
4377.237 7.655 9.427
4378.244 8.273 9.746
4379.254 7.931 9.84
4380.261 7.575 9.912
4381.269 7.578 9.599
4382.279 8.087 9.011
4383.287 7.86 8.381
4384.298 6.943 7.482
4385.307 6.411 6.667
4386.318 6.702 6.874
4387.327 4.654 8.006
4388.336 7.427 8.983
4389.348 7.294 9.175
4390.358 6.185 9.05
4391.37 6.45 8.962
4392.381 6.5 8.564
4393.393 6.739 8.694
4394.404 6.36 9.317
4395.415 7.926 9.448
4396.429 5.536 9.307
4397.44 9.197 9.462
4398.454 4.998 9.88
4399.466 5.163 9.959
4400.48 4.003 9.804
4401.493 7.342 9.291
4402.505 7.394 9.347
4403.52 7.638 9.703
4404.534 7.706 9.339
4405.549 5.908 8.859
4406.563 7.459 8.941
4407.579 9.067 9.247
4408.593 9.736 9.083
4409.607 9.509 9.449
4410.624 8.053 10.081
4411.638 8.83 10.061
4412.656 10.504 10.272
4413.671 8.954 10.787
4414.689 8.374 10.366
4415.704 7.805 9.412
4416.723 9.785 9.197
4417.739 9.538 9.857
4418.755 7.228 10.033
4419.774 8.015 9.918
4420.791 9.401 10.8
4421.81 10.151 10.485
4422.827 8.305 9.955
4423.847 8.81 9.917
4424.865 6.931 10.073
4425.883 7.609 10.06
4426.903 10.621 10.02
4427.922 8.743 9.802
4428.943 8.603 10.204
4429.962 8.814 10.517
4430.983 7.795 10.09
4432.003 6.07 9.642
4433.022 4.955 10.191
4434.044 6.051 10.321
4435.064 7.416 9.542
4436.087 7.237 9.113
4437.108 5.281 9.7
4438.131 6.991 9.988
4439.152 9.453 9.949
4440.173 6.586 10.222
4441.197 7.362 10.234
4442.219 7.257 9.681
4443.243 8.485 8.86
4444.265 9.124 8.562
4445.29 8.589 9.207
4446.313 7.772 10.219
4447.336 7.4 10.433
4448.361 8.675 10.066
4449.384 7.292 9.949
4450.41 5.88 9.958
4451.434 7.926 9.925
4452.461 9.949 9.837
4453.485 7.007 9.929
4454.51 5.329 9.608
4455.537 8.462 8.644
4456.562 9.282 8.49
4457.589 8.284 8.778
4458.615 8.725 8.776
4459.643 8.864 8.62
4460.669 7.384 8.827
4461.695 7.587 9.103
4462.724 8.852 9.197
4463.751 7.632 9.334
4464.78 10.226 9.432
4465.807 7.735 9.516
4466.837 7.989 9.544
4467.864 8.437 9.614
4468.892 7.662 9.644
4469.923 7.067 9.376
4470.951 8.545 9.176
4471.982 8.856 9.326
4473.011 7.05 9.559
4474.042 7.735 9.67
4475.072 9.689 9.891
4476.101 8.079 10.334
4477.133 6.967 10.547
4478.163 8.236 10.845
4479.196 7.39 10.885
4480.226 7.469 10.188
4481.259 7.362 9.6
4482.29 8.573 9.058
4483.322 7.237 8.696
4484.355 7.685 9.223
4485.387 5.506 10.171
4486.421 8.536 10.417
4487.453 9.51 10.349
4488.488 8.291 10.007
4489.521 9.137 9.646
4490.554 7.991 9.399
4491.589 5.942 8.967
4492.622 8.643 9.25
4493.658 8.779 9.778
4494.692 10.501 10.138
4495.729 7.246 9.884
4496.763 9.674 9.477
4497.8 9.696 9.459
4498.834 9.339 9.795
4499.869 8.067 10.111
4500.907 8.437 10.221
4501.943 7.665 10.168
4502.981 6.286 10.226
4504.017 6.724 10.299
4505.055 7.845 10.245
4506.092 8.207 10.322
4507.128 7.85 10.651
4508.168 6.33 10.322
4509.205 7.27 9.975
4510.244 10.219 10.107
4511.282 5.128 10.637
4512.322 6.632 10.851
4513.36 7.776 10.137
4514.399 9.03 9.81
4515.44 9.37 9.992
4516.478 7.265 10.153
4517.52 6.826 10.185
4518.559 8.95 9.683
4519.601 9.095 9.366
4520.641 8.393 9.71
4521.681 8.65 10.016
4522.724 6.551 10.818
4523.764 8.768 10.61
4524.807 7.605 9.636
4525.848 6.881 9.761
4526.892 9.501 9.584
4527.933 9.094 9.09
4528.975 11.489 8.888
4530.019 9.524 8.755
4531.061 9.137 9.128
4532.106 7.234 9.667
4533.149 7.054 9.474
4534.194 8.577 9.059
4535.237 9.162 9.0
4536.28 8.91 8.851
4537.327 7.887 9.338
4538.37 8.288 10.128
4539.417 7.894 10.262
4540.461 9.91 9.954
4541.508 9.99 9.875
4542.553 8.811 9.613
4543.598 8.588 9.947
4544.646 7.832 10.758
4545.691 7.087 10.416
4546.739 7.86 9.766
4547.785 8.592 10.046
4548.834 7.427 10.255
4549.881 8.364 9.848
4550.927 8.289 9.522
4551.977 7.363 9.271
4553.024 8.972 9.394
4554.074 8.338 9.652
4555.121 6.845 9.398
4556.172 7.779 9.357
4557.22 9.555 9.355
4558.268 7.701 9.617
4559.319 10.341 9.633
4560.368 9.226 10.011
4561.42 8.202 10.485
4562.469 8.369 10.571
4563.521 7.297 10.247
4564.571 7.704 9.89
4565.621 8.502 9.42
4566.674 9.92 9.117
4567.725 8.521 9.293
4568.778 6.441 9.49
4569.829 9.125 9.577
4570.883 8.991 9.946
4571.934 8.271 9.722
4572.989 7.297 9.376
4574.041 7.835 9.555
4575.093 7.449 9.847
4576.148 7.54 9.922
4577.201 6.62 9.819
4578.256 8.869 9.801
4579.309 6.756 9.998
4580.365 7.119 9.6
4581.419 7.963 9.127
4582.473 8.019 8.707
4583.53 8.963 8.79
4584.584 9.142 9.254
4585.641 8.13 9.467
4586.696 7.5 9.117
4587.754 7.271 8.937
4588.809 8.85 9.054
4589.865 9.223 9.616
4590.923 7.09 9.866
4591.98 8.278 9.555
4593.038 8.614 9.029
4594.095 9.223 8.967
4595.154 7.723 9.332
4596.212 8.743 9.392
4597.269 8.129 9.325
4598.329 5.87 9.419
4599.387 7.042 9.417
4600.447 9.123 9.259
4601.506 8.696 8.977
4602.567 7.331 8.914
4603.626 7.232 9.13
4604.685 7.674 9.304
4605.747 6.714 9.175
4606.806 8.332 9.113
4607.868 7.46 9.344
4608.928 7.878 9.791
4609.991 8.591 9.669
4611.052 8.802 9.456
4612.113 10.389 9.704
4613.176 6.496 9.38
4614.237 7.532 9.173
4615.301 8.564 9.512
4616.363 7.902 9.36
4617.428 8.409 9.33
4618.49 9.008 9.516
4619.552 7.3 9.132
4620.618 6.532 9.133
4621.681 8.954 9.25
4622.746 8.35 9.309
4623.81 7.227 9.426
4624.876 9.015 9.311
4625.94 9.804 9.497
4627.004 5.411 9.746
4628.071 7.824 9.243
4629.136 10.102 8.94
4630.203 6.962 9.197
4631.268 10.548 9.157
4632.336 7.509 9.448
4633.402 6.9 9.498
4634.468 11.955 8.385
4635.537 11.741 8.194
4636.603 6.663 8.767
4637.672 5.213 9.309
4638.739 7.52 9.088
4639.809 8.115 8.864
4640.876 7.206 9.057
4641.944 7.658 9.49
4643.014 7.411 9.417
4644.082 9.58 9.134
4645.153 7.807 8.906
4646.222 8.344 9.089
4647.293 7.156 9.017
4648.362 6.957 8.621
4649.432 7.605 8.556
4650.504 8.08 8.729
4651.574 8.899 8.792
4652.646 7.733 8.986
4653.717 5.58 9.301
4654.79 7.53 9.521
4655.861 9.603 9.386
4656.934 9.1 9.212
4658.006 8.238 9.398
4659.077 7.395 9.551
4660.152 8.302 9.692
4661.224 8.774 10.074
4662.299 9.23 10.031
4663.371 7.713 9.827
4664.446 4.913 9.429
4665.52 8.84 9.506
4666.593 7.278 9.623
4667.669 8.194 9.262
4668.743 7.834 8.848
4669.819 8.921 8.873
4670.894 7.746 8.962
4671.971 8.831 9.707
4673.046 7.358 9.909
4674.121 7.575 9.543
4675.198 8.975 9.597
4676.274 7.605 9.631
4677.352 7.411 9.802
4678.428 8.852 9.906
4679.507 9.055 9.485
4680.584 8.985 9.229
4681.66 6.873 9.176
4682.74 6.892 8.839
4683.817 7.558 9.217
4684.897 8.07 9.306
4685.975 6.852 9.085
4687.056 8.274 9.182
4688.134 5.406 9.302
4689.212 8.653 9.541
4690.294 8.642 9.245
4691.373 8.32 8.98
4692.454 8.392 9.093
4693.534 8.391 9.058
4694.616 6.817 9.14
4695.696 6.41 9.52
4696.777 8.034 9.596
4697.86 8.005 9.42
4698.94 7.454 9.32
4700.024 8.299 8.937
4701.105 8.418 8.527
4702.189 7.551 8.627
4703.271 9.362 8.41
4704.353 8.661 8.352
4705.438 8.588 8.697
4706.52 6.768 8.847
4707.606 10.229 9.194
4708.689 6.912 9.036
4709.774 7.831 9.023
4710.858 7.86 9.125
4711.942 8.241 9.332
4713.028 8.175 9.637
4714.112 8.097 9.555
4715.199 10.202 9.043
4716.284 8.337 8.9
4717.372 5.052 9.13
4718.457 6.067 9.646
4719.542 7.052 9.736
4720.631 6.909 9.598
4721.717 7.032 9.691
4722.805 7.965 9.429
4723.892 9.319 9.465
4724.981 7.558 9.625
4726.068 9.739 9.576
4727.155 7.987 8.926
4728.246 8.784 8.502
4729.333 11.652 8.743
4730.424 8.28 8.938
4731.512 7.923 9.135
4732.603 6.898 9.114
4733.692 7.034 9.184
4734.781 7.483 9.56
4735.873 7.664 9.525
4736.962 10.249 9.044
4738.054 8.343 9.19
4739.144 6.737 9.699
4740.237 9.019 9.756
4741.328 9.108 9.504
4742.421 8.699 9.45
4743.512 8.427 9.657
4744.603 8.506 9.873
4745.697 7.829 9.872
4746.789 6.581 9.636
4747.884 8.642 9.41
4748.976 8.876 9.34
4750.071 8.507 9.26
4751.164 9.724 9.16
4752.257 7.229 8.942
4753.353 9.38 9.352
4754.446 6.625 9.57
4755.543 7.514 9.287
4756.637 6.426 9.086
4757.734 10.29 8.573
4758.828 8.374 8.46
4759.923 7.803 8.973
4761.02 7.613 9.261
4762.116 5.719 9.338
4763.214 7.221 8.999
4764.31 8.165 8.922
4765.408 6.099 8.808
4766.504 6.985 8.55
4767.601 8.995 8.307
4768.7 6.826 8.478
4769.797 6.858 8.854
4770.897 7.46 8.868
4771.995 8.145 8.651
4773.095 9.118 8.589
4774.193 8.669 8.667
4775.292 9.23 8.548
4776.393 8.748 9.242
4777.492 8.499 9.54
4778.593 7.692 9.272
4779.693 8.613 9.261
4780.795 9.037 9.263
4781.895 6.289 9.329
4782.995 6.641 9.321
4784.098 8.174 8.837
4785.198 9.224 8.344
4786.302 8.418 8.377
4787.403 7.999 8.36
4788.507 8.138 8.322
4789.608 7.417 8.468
4790.71 8.589 8.401
4791.815 8.11 8.27
4792.917 7.008 8.964
4794.022 10.587 8.982
4795.125 7.968 9.267
4796.231 7.72 9.492
4797.334 7.241 9.346
4798.438 7.773 9.336
4799.545 8.201 9.135
4800.649 8.136 9.022
4801.756 7.748 8.683
4802.86 8.564 8.527
4803.968 7.905 8.889
4805.073 8.164 8.933
4806.178 8.482 8.886
4807.287 8.347 8.731
4808.393 7.905 8.686
4809.501 8.188 8.664
4810.608 8.614 8.422
4811.717 7.088 8.576
4812.824 5.677 8.863
4813.931 7.325 8.648
4815.041 9.088 8.693
4816.149 8.22 9.097
4817.26 8.221 9.202
4818.368 8.693 9.412
4819.479 7.472 9.248
4820.588 9.175 9.147
4821.697 6.444 9.57
4822.809 7.25 9.493
4823.918 8.087 8.734
4825.03 8.916 8.26
4826.14 8.146 8.483
4827.253 8.283 8.998
4828.364 7.351 9.4
4829.477 8.52 8.946
4830.588 9.91 8.888
4831.699 7.488 9.016
4832.814 8.004 8.859
4833.925 8.963 9.158
4835.04 6.853 9.218
4836.152 8.112 9.082
4837.268 8.316 9.065
4838.38 7.728 8.886
4839.493 8.086 8.773
4840.609 7.129 8.831
4841.723 6.819 8.821
4842.84 7.736 8.491
4843.954 7.964 8.383
4845.071 8.61 8.475
4846.185 8.444 8.526
4847.3 7.502 8.853
4848.418 9.268 9.178
4849.533 8.999 9.065
4850.652 7.694 8.89
4851.767 9.558 8.72
4852.886 8.212 8.655
4854.003 8.338 8.604
4855.119 7.717 8.288
4856.239 7.956 8.058
4857.356 8.206 7.552
4858.476 8.722 7.617
4859.594 7.778 7.741
4860.714 7.558 7.367
4861.833 9.895 7.425
4862.951 8.705 7.814
4864.072 6.265 7.772
4865.191 8.175 7.295
4866.313 7.595 7.334
4867.433 8.829 7.666
4868.555 9.59 7.889
4869.675 7.348 8.088
4870.796 6.243 7.918
4871.919 7.014 7.354
4873.039 8.188 7.081
4874.163 9.487 7.423
4875.284 8.743 7.884
4876.409 7.178 8.062
4877.531 7.738 8.202
4878.653 5.975 8.296
4879.778 8.96 8.535
4880.9 6.962 8.789
4882.026 6.814 8.892
4883.149 8.218 8.756
4884.275 8.867 8.536
4885.398 7.679 8.386
4886.522 7.347 8.272
4887.649 7.913 8.03
4888.774 6.185 8.321
4889.901 7.347 8.503
4891.026 6.901 8.088
4892.154 7.953 7.678
4893.279 7.838 7.789
4894.405 8.463 8.448
4895.533 7.005 8.976
4896.66 7.626 9.072
4897.789 6.772 9.095
4898.916 6.83 8.961
4900.045 7.496 8.575
4901.172 7.775 8.456
4902.3 6.404 8.742
4903.43 6.533 8.662
4904.558 7.967 8.49
4905.689 7.602 8.514
4906.818 6.704 8.546
4907.95 6.313 8.44
4909.079 6.663 8.505
4910.208 6.707 8.448
4911.34 6.575 8.152
4912.47 5.623 8.008
4913.603 5.694 7.762
4914.733 10.546 7.879
4915.867 10.463 8.665
4916.997 9.938 9.109
4918.131 6.994 8.48
4919.263 6.442 7.882
4920.394 4.973 7.721
4921.529 5.689 7.091
4922.661 5.605 6.923
4923.796 6.398 8.065
4924.929 7.138 8.0
4926.065 6.26 8.089
4927.198 7.064 8.474
4928.331 5.895 8.084
4929.468 6.18 7.8
4930.602 7.296 8.232
4931.739 6.588 8.61
4932.873 7.093 8.668
4934.011 5.749 8.699
4935.146 6.233 8.408
4936.281 6.402 8.351
4937.42 7.219 8.415
4938.556 7.162 8.439
4939.694 6.867 8.234
4940.831 6.702 7.743
4941.97 7.216 7.87
4943.107 6.816 8.454
4944.244 6.839 8.426
4945.384 8.352 8.515
4946.522 7.345 8.603
4947.663 7.934 8.221
4948.801 6.657 8.73
4949.942 8.508 8.668
4951.081 7.503 8.538
4952.22 8.13 8.716
4953.362 8.79 8.737
4954.501 8.858 8.949
4955.644 6.499 9.07
4956.784 6.341 8.719
4957.927 8.131 7.855
4959.067 8.069 7.51
4960.208 7.304 7.907
4961.352 7.733 8.27
4962.493 5.835 8.93
4963.638 7.518 9.294
4964.779 6.999 9.029
4965.924 7.299 8.871
4967.067 6.807 8.997
4968.209 7.434 8.467
4969.355 7.077 8.896
4970.498 7.831 9.062
4971.644 7.925 8.895
4972.788 8.029 9.276
4973.935 6.191 9.027
4975.079 6.504 9.534
4976.224 6.411 9.681
4977.371 6.817 9.576
4978.516 7.147 9.807
4979.664 6.379 9.814
4980.81 7.345 9.943
4981.958 7.62 10.379
4983.104 7.904 10.399
4984.251 7.575 10.245
4985.4 6.334 10.047
4986.547 6.7 10.204
4987.697 7.089 10.502
4988.844 7.842 10.191
4989.995 8.05 9.803
4991.143 6.923 9.585
4992.291 7.394 9.363
4993.442 6.24 9.803
4994.591 5.698 9.552
4995.743 6.61 9.165
4996.892 6.526 9.208
4998.044 7.998 8.99
4999.194 8.347 8.619
5000.344 7.354 8.307
5001.497 6.983 8.207
5002.648 7.44 7.825
5003.801 6.682 8.091
5004.952 6.12 8.586
5006.106 6.695 8.022
5007.258 8.395 7.797
5008.413 7.442 7.505
5009.565 8.665 7.753
5010.717 8.287 8.228
5011.873 5.3 8.424
5013.026 6.823 8.057
5014.182 8.437 7.708
5015.335 9.328 7.736
5016.492 9.81 7.619
5017.646 7.004 7.471
5018.8 7.965 7.31
5019.958 8.891 7.348
5021.112 7.158 7.853
5022.27 7.037 8.071
5023.426 8.077 7.796
5024.584 8.769 7.679
5025.74 8.944 7.838
5026.896 8.049 7.666
5028.055 7.907 7.415
5029.212 7.384 7.466
5030.372 7.535 7.734
5031.529 7.635 8.137
5032.689 8.367 8.022
5033.847 8.193 8.259
5035.005 6.354 8.284
5036.166 6.294 7.816
5037.325 7.128 7.686
5038.486 6.655 7.695
5039.645 6.613 7.72
5040.807 7.535 7.217
5041.967 7.574 6.515
5043.127 8.659 6.685
5044.29 8.151 7.466
5045.45 5.161 7.926
5046.614 7.186 8.126
5047.775 8.368 8.234
5048.939 6.984 7.979
5050.1 6.436 7.622
5051.262 8.062 7.281
5052.427 7.719 7.587
5053.589 6.841 8.043
5054.754 6.917 7.779
5055.917 6.205 8.013
5057.083 6.647 8.273
5058.247 7.872 8.416
5059.41 5.939 8.053
5060.577 7.232 7.966
5061.741 10.821 8.394
5062.908 14.112 8.237
5064.073 12.784 8.333
5065.241 10.075 8.045
5066.406 7.408 7.702
5067.572 7.544 7.868
5068.74 6.348 8.197
5069.906 6.924 7.84
5071.075 6.631 8.231
5072.242 6.74 8.495
5073.412 7.598 7.914
5074.579 5.123 7.752
5075.746 6.364 7.92
5076.917 5.936 7.574
5078.084 6.188 7.972
5079.255 7.201 8.278
5080.424 4.643 7.727
5081.595 7.757 7.278
5082.764 5.975 7.845
5083.934 6.399 8.628
5085.106 7.279 8.941
5086.276 7.863 8.811
5087.449 6.831 9.19
5088.619 6.487 9.294
5089.793 7.832 8.797
5090.964 7.818 8.261
5092.135 6.677 7.832
5093.309 6.112 8.108
5094.481 7.996 8.245
5095.655 7.838 8.171
5096.828 7.381 8.193
5098.003 6.429 8.075
5099.176 7.332 7.355
5100.352 6.605 7.725
5101.525 5.781 8.142
5102.699 5.231 8.29
5103.875 7.236 8.068
5105.049 8.474 7.556
5106.227 6.449 7.74
5107.401 6.834 7.771
5108.579 7.949 7.73
5109.754 6.823 7.678
5110.93 6.663 7.376
5112.108 6.521 7.621
5113.284 6.855 7.847
5114.463 7.884 8.0
5115.64 8.342 7.767
5116.82 8.614 7.63
5117.997 8.27 7.942
5119.174 8.372 7.99
5120.355 8.257 7.945
5121.533 7.301 7.8
5122.714 7.201 7.375
5123.892 7.41 7.357
5125.074 7.35 7.432
5126.253 7.597 7.076
5127.432 6.766 7.295
5128.614 6.313 7.438
5129.794 7.429 7.036
5130.977 7.282 6.975
5132.157 7.869 7.281
5133.341 8.13 7.576
5134.522 7.25 7.748
5135.703 7.609 7.584
5136.887 6.629 7.527
5138.069 6.192 7.58
5139.254 6.565 7.347
5140.436 6.692 7.309
5141.621 7.858 7.284
5142.804 7.464 7.254
5143.987 8.443 7.577
5145.174 7.643 7.448
5146.357 7.275 7.224
5147.544 7.146 7.395
5148.728 6.177 7.66
5149.915 6.693 8.062
5151.1 7.433 8.32
5152.285 6.271 8.114
5153.473 7.066 8.226
5154.659 5.754 8.746
5155.847 5.632 8.618
5157.034 6.413 8.374
5158.223 7.205 8.115
5159.409 7.009 7.902
5160.596 7.348 7.857
5161.786 7.162 7.92
5162.974 6.196 7.765
5164.164 7.109 7.648
5165.352 7.278 7.541
5166.544 7.211 7.035
5167.732 7.848 6.252
5168.921 6.899 5.792
5170.113 6.814 6.061
5171.302 6.716 6.644
5172.495 5.948 6.443
5173.685 7.181 5.688
5174.878 6.892 5.818
5176.068 6.865 6.533
5177.259 7.715 7.176
5178.453 6.133 7.431
5179.644 6.521 7.523
5180.838 6.625 7.761
5182.03 5.728 7.566
5183.225 6.79 6.749
5184.418 6.275 5.802
5185.61 6.931 5.295
5186.806 6.738 6.213
5187.999 7.32 7.413
5189.196 7.015 8.144
5190.389 5.859 8.304
5191.586 6.194 8.011
5192.781 6.938 7.48
5193.978 6.841 6.946
5195.173 6.49 6.999
5196.368 6.22 7.191
5197.566 5.84 7.337
5198.762 5.916 8.367
5199.961 6.928 9.128
5201.157 6.725 9.073
5202.357 7.937 9.001
5203.553 7.415 8.767
5204.75 7.943 8.21
5205.951 8.235 7.788
5207.148 6.295 7.41
5208.349 8.119 6.967
5209.547 6.946 7.328
5210.748 7.175 7.233
5211.947 6.08 7.642
5213.146 5.923 8.195
5214.348 7.058 7.976
5215.548 6.949 7.519
5216.751 8.069 7.41
5217.951 6.117 7.39
5219.154 8.075 7.624
5220.355 7.204 7.838
5221.556 6.697 7.931
5222.76 6.813 8.277
5223.961 5.769 8.307
5225.166 5.257 8.406
5226.368 3.982 8.188
5227.573 6.063 7.33
5228.776 6.87 6.639
5229.978 5.746 7.146
5231.184 6.109 7.415
5232.388 5.609 7.647
5233.594 5.169 8.003
5234.798 5.551 7.515
5236.006 7.724 6.854
5237.21 7.262 7.214
5238.415 7.636 7.987
5239.623 6.029 8.843
5240.828 5.105 9.295
5242.037 4.239 8.874
5243.243 5.244 7.978
5244.452 7.374 7.692
5245.658 7.588 7.796
5246.865 7.295 7.744
5248.075 5.944 7.985
5249.282 6.101 7.86
5250.493 5.805 7.791
5251.701 8.066 7.826
5252.912 7.51 7.52
5254.12 6.818 7.672
5255.329 6.249 7.998
5256.541 7.083 8.409
5257.75 6.543 9.221
5258.962 7.259 9.198
5260.172 7.237 8.388
5261.385 6.828 8.106
5262.595 7.366 7.719
5263.806 6.261 7.101
5265.02 6.516 7.007
5266.231 5.843 6.853
5267.446 6.312 6.232
5268.657 6.96 6.468
5269.872 7.491 6.529
5271.085 7.805 6.209
5272.297 7.286 6.554
5273.513 6.34 6.982
5274.726 7.105 7.329
5275.942 8.042 7.65
5277.156 7.159 7.969
5278.373 6.474 8.331
5279.587 6.406 8.341
5280.805 7.542 7.933
5282.02 7.162 7.579
5283.235 5.707 7.575
5284.453 6.464 7.46
5285.669 6.577 7.127
5286.888 5.614 7.624
5288.104 6.071 8.078
5289.323 6.935 8.006
5290.54 6.565 7.944
5291.757 7.126 7.883
5292.977 7.503 8.012
5294.195 7.395 7.951
5295.416 6.096 7.944
5296.634 6.439 7.796
5297.856 8.419 7.467
5299.074 7.625 7.328
5300.293 8.086 7.651
5301.516 4.69 8.082
5302.735 6.423 7.829
5303.958 6.873 7.854
5305.178 6.886 8.002
5306.402 6.984 7.912
5307.622 7.226 7.931
5308.843 6.917 7.907
5310.067 5.604 8.01
5311.289 7.794 8.018
5312.514 5.781 7.924
5313.736 5.711 8.652
5314.961 7.683 8.696
5316.184 6.506 8.161
5317.407 6.604 7.729
5318.633 7.223 7.606
5319.857 7.414 7.884
5321.083 7.529 7.795
5322.308 6.813 7.846
5323.535 5.619 7.733
5324.76 6.323 7.409
5325.985 6.068 7.802
5327.213 5.943 8.008
5328.438 5.222 7.285
5329.667 4.951 6.667
5330.893 7.158 6.98
5332.122 5.554 7.766
5333.349 5.415 8.102
5334.576 8.339 7.824
5335.806 6.445 7.773
5337.033 6.374 7.828
5338.264 7.261 8.157
5339.492 6.982 7.988
5340.724 5.02 7.654
5341.952 5.9 7.503
5343.181 5.485 7.654
5344.413 6.919 7.96
5345.643 6.291 8.245
5346.875 7.59 7.82
5348.105 6.31 7.639
5349.339 8.065 7.88
5350.569 6.173 7.989
5351.8 7.737 8.508
5353.034 6.342 8.443
5354.266 5.947 7.885
5355.5 6.872 7.863
5356.732 6.313 8.085
5357.968 5.732 8.478
5359.2 6.195 8.472
5360.433 7.357 7.949
5361.669 8.017 7.827
5362.903 6.699 7.808
5364.139 6.571 7.566
5365.373 6.983 7.537
5366.611 8.018 7.382
5367.845 8.452 7.264
5369.08 7.09 7.518
5370.318 6.983 7.639
5371.554 7.15 7.269
5372.792 6.743 7.046
5374.028 6.672 7.504
5375.268 6.9 7.934
5376.504 6.55 7.955
5377.744 5.431 7.999
5378.981 7.264 8.001
5380.218 5.942 7.705
5381.459 5.919 7.635
5382.697 6.986 7.518
5383.938 6.195 7.446
5385.177 7.017 7.282
5386.419 6.581 7.512
5387.658 5.896 7.749
5388.897 6.626 7.551
5390.14 5.595 7.809
5391.38 6.192 7.781
5392.623 6.39 7.813
5393.864 7.618 7.868
5395.108 6.987 7.95
5396.349 6.993 7.516
5397.59 5.952 7.006
5398.835 6.549 7.454
5400.077 6.877 7.631
5401.322 6.232 7.367
5402.565 7.108 7.422
5403.81 6.932 7.362
5405.054 6.862 7.275
5406.297 7.832 7.085
5407.544 7.601 6.86
5408.788 7.13 7.185
5410.035 6.553 7.395
5411.28 7.38 6.944
5412.527 7.48 7.039
5413.773 7.364 7.53
5415.018 8.079 7.423
5416.267 8.195 7.386
5417.513 5.835 7.705
5418.762 6.13 7.824
5420.008 6.383 7.72
5421.258 7.41 7.56
5422.505 7.393 7.573
5423.753 6.675 7.615
5425.004 6.044 7.714
5426.252 5.5 7.726
5427.503 7.978 7.554
5428.752 7.05 7.907
5430.003 7.248 7.841
5431.253 6.978 7.485
5432.502 6.939 7.822
5433.755 6.04 7.922
5435.005 5.689 7.37
5436.258 7.561 7.542
5437.509 6.527 7.547
5438.763 7.844 7.472
5440.014 6.652 8.126
5441.265 6.528 8.078
5442.52 5.917 8.164
5443.772 6.769 8.383
5445.027 6.416 8.263
5446.28 5.92 8.065
5447.536 6.512 7.698
5448.789 6.244 7.64
5450.043 5.958 7.926
5451.299 7.411 8.25
5452.553 6.899 8.271
5453.811 7.275 8.098
5455.065 5.575 7.787
5456.323 6.33 7.666
5457.578 6.271 7.729
5458.834 7.361 7.863
5460.093 6.842 10.193
5461.349 5.845 15.721
5462.608 6.558 20.846
5463.865 6.355 18.686
5465.125 5.159 13.282
5466.382 5.18 10.058
5467.64 5.906 8.705
5468.9 6.427 8.38
5470.159 7.901 8.323
5471.42 6.665 8.265
5472.679 7.697 7.994
5473.941 7.101 7.989
5475.2 5.509 7.978
5476.463 6.64 7.65
5477.722 8.34 7.32
5478.982 7.864 7.321
5480.246 8.359 7.835
5481.507 6.325 8.249
5482.771 6.81 8.154
5484.032 7.097 8.376
5485.297 6.578 8.792
5486.558 5.399 8.862
5487.821 5.964 8.411
5489.086 6.726 8.23
5490.349 6.191 8.165
5491.615 6.853 8.374
5492.878 5.754 8.368
5494.145 5.814 8.101
5495.409 6.609 7.972
5496.673 6.875 8.173
5497.941 6.71 8.119
5499.205 6.124 7.988
5500.473 6.866 8.306
5501.739 6.383 8.648
5503.008 6.441 8.257
5504.274 8.058 7.747
5505.54 5.368 8.08
5506.809 5.304 8.407
5508.076 6.402 8.059
5509.346 8.183 8.273
5510.614 7.464 8.343
5511.884 6.538 8.113
5513.152 6.476 8.261
5514.421 6.277 8.254
5515.692 7.13 8.191
5516.961 5.65 8.278
5518.233 7.196 8.213
5519.503 6.932 8.406
5520.776 7.535 8.485
5522.046 7.065 9.118
5523.316 7.101 8.661
5524.59 7.562 8.345
5525.861 7.592 8.07
5527.135 7.368 8.141
5528.406 7.224 8.246
5529.681 6.457 7.888
5530.953 7.451 7.736
5532.226 7.544 7.858
5533.501 7.35 8.072
5534.774 7.057 8.251
5536.051 6.56 8.254
5537.324 7.301 8.235
5538.601 6.971 8.066
5539.875 6.131 8.26
5541.15 6.26 8.353
5542.428 6.585 9.097
5543.703 5.643 9.601
5544.981 8.07 9.65
5546.257 8.301 9.65
5547.536 7.627 9.486
5548.812 5.744 8.734
5550.088 6.379 8.626
5551.368 7.166 8.739
5552.645 7.351 8.684
5553.926 8.528 8.096
5555.203 8.084 8.29
5556.484 7.108 8.344
5557.763 7.671 8.02
5559.041 6.786 8.085
5560.323 6.77 8.083
5561.602 7.485 8.235
5562.885 5.874 8.255
5564.164 7.378 9.139
5565.447 5.433 10.217
5566.728 6.296 9.837
5568.008 7.248 8.699
5569.292 6.384 8.352
5570.574 6.247 8.633
5571.858 5.872 8.667
5573.14 5.848 8.288
5574.425 6.769 8.022
5575.707 6.109 8.657
5576.993 5.478 24.603
5578.276 5.852 76.736
5579.559 3.145 99.72
5580.846 7.207 59.349
5582.13 5.631 21.42
5583.417 4.814 10.111
5584.702 8.467 8.144
5585.989 7.085 7.727
5587.275 5.917 7.895
5588.56 8.035 7.588
5589.849 6.162 8.644
5591.135 7.01 9.269
5592.424 6.527 9.233
5593.71 6.188 8.683
5595.0 8.036 8.162
5596.287 7.465 7.963
5597.575 7.272 8.402
5598.866 7.222 8.728
5600.154 6.0 8.463
5601.445 6.167 7.918
5602.734 7.002 7.664
5604.026 7.212 7.685
5605.315 7.533 8.397
5606.604 5.412 10.585
5607.897 6.998 10.521
5609.187 6.7 8.888
5610.481 5.688 8.519
5611.771 6.354 8.4
5613.065 7.158 8.41
5614.357 6.677 8.34
5615.648 7.383 7.82
5616.943 7.079 7.655
5618.235 6.768 8.368
5619.531 6.156 8.753
5620.824 5.863 8.791
5622.12 6.1 8.546
5623.413 6.439 8.578
5624.707 7.357 9.572
5626.004 7.224 9.728
5627.298 7.28 9.049
5628.596 6.261 8.789
5629.891 5.179 8.485
5631.189 6.796 8.473
5632.484 5.188 8.4
5633.78 6.795 8.495
5635.079 5.63 8.718
5636.376 6.631 8.385
5637.675 6.069 8.134
5638.972 7.128 8.206
5640.273 6.077 8.885
5641.57 6.348 8.802
5642.868 7.015 8.354
5644.169 8.257 8.374
5645.468 8.21 8.926
5646.769 4.87 9.333
5648.069 7.201 9.249
5649.371 5.665 8.955
5650.671 6.739 8.84
5651.971 5.555 8.857
5653.274 6.371 8.781
5654.574 8.474 8.31
5655.878 6.4 8.393
5657.179 8.085 8.343
5658.484 6.84 8.383
5659.786 7.261 8.56
5661.088 6.142 8.774
5662.393 7.082 8.43
5663.696 7.207 8.668
5665.002 5.088 9.418
5666.305 6.447 9.192
5667.612 7.342 9.06
5668.916 7.734 9.643
5670.22 7.547 10.204
5671.527 7.546 10.515
5672.832 6.527 10.697
5674.14 6.132 10.67
5675.445 6.365 10.125
5676.754 7.222 10.229
5678.06 6.029 10.567
5679.369 5.099 10.114
5680.676 7.892 9.905
5681.983 7.391 10.661
5683.293 6.213 11.785
5684.6 7.275 12.91
5685.911 6.42 14.017
5687.219 6.779 14.491
5688.531 6.576 15.082
5689.839 7.115 15.384
5691.148 7.29 15.603
5692.461 7.336 15.591
5693.77 5.653 14.57
5695.083 7.818 13.452
5696.393 5.858 12.028
5697.707 6.385 11.672
5699.018 6.381 10.844
5700.329 6.209 10.986
5701.643 6.061 10.701
5702.955 5.937 10.625
5704.27 7.371 10.166
5705.582 6.623 9.647
5706.898 6.729 9.578
5708.211 7.037 9.532
5709.524 7.374 9.564
5710.841 6.884 9.545
5712.154 7.11 9.331
5713.472 7.191 9.508
5714.786 6.931 9.77
5716.104 5.895 9.712
5717.419 7.257 9.567
5718.734 6.09 9.463
5720.053 6.689 9.253
5721.369 6.3 9.174
5722.688 6.175 9.696
5724.004 6.606 9.448
5725.324 5.449 9.501
5726.642 6.627 9.596
5727.959 7.308 9.596
5729.28 7.015 9.237
5730.598 6.013 9.254
5731.919 5.539 9.303
5733.238 7.214 9.217
5734.56 6.072 8.84
5735.879 7.257 9.104
5737.199 5.683 9.273
5738.522 6.366 9.351
5739.842 6.949 9.445
5741.165 6.664 9.174
5742.486 6.372 8.968
5743.81 5.897 8.919
5745.132 6.341 9.33
5746.453 6.976 8.793
5747.779 8.29 9.087
5749.101 6.452 8.775
5750.427 5.41 8.928
5751.749 7.185 9.026
5753.076 7.534 8.793
5754.399 6.753 8.982
5755.723 7.871 8.952
5757.05 7.951 8.955
5758.375 9.154 9.153
5759.703 7.63 9.452
5761.028 4.959 9.564
5762.356 8.226 9.271
5763.682 7.455 9.27
5765.008 7.426 9.648
5766.337 6.14 9.635
5767.664 5.864 9.875
5768.994 7.225 10.87
5770.321 6.577 12.381
5771.651 5.782 12.969
5772.979 6.494 12.056
5774.307 5.811 11.206
5775.639 6.609 10.067
5776.967 7.369 9.096
5778.3 6.644 9.58
5779.629 5.456 9.44
5780.962 6.133 9.221
5782.291 8.516 9.131
5783.625 4.914 9.453
5784.955 6.504 8.786
5786.286 5.681 8.918
5787.621 6.718 9.637
5788.952 6.122 9.981
5790.287 5.814 10.886
5791.619 7.258 12.43
5792.954 7.882 12.59
5794.287 7.109 12.097
5795.62 6.366 10.907
5796.957 5.804 10.456
5798.29 5.493 10.115
5799.627 5.845 9.877
5800.961 7.881 9.59
5802.299 6.825 9.704
5803.634 5.712 9.464
5804.969 5.827 9.864
5806.308 6.777 9.877
5807.643 6.847 9.653
5808.983 6.199 9.994
5810.319 6.209 9.923
5811.659 6.194 9.903
5812.996 6.623 10.232
5814.333 7.117 9.918
5815.674 6.605 9.509
5817.012 6.893 9.75
5818.353 6.737 9.718
5819.692 6.841 9.559
5821.034 6.992 9.782
5822.373 6.213 10.004
5823.712 5.632 10.263
5825.055 6.277 10.296
5826.395 6.162 10.194
5827.739 6.173 10.447
5829.079 6.598 10.295
5830.424 5.312 10.598
5831.765 5.459 10.67
5833.106 8.132 10.339
5834.451 7.242 10.424
5835.794 6.504 10.461
5837.139 7.365 10.22
5838.482 6.735 10.494
5839.829 5.685 10.519
5841.172 6.044 10.114
5842.516 7.215 10.178
5843.863 5.105 10.795
5845.207 6.25 11.227
5846.555 6.971 10.413
5847.9 6.627 10.247
5849.249 6.339 10.26
5850.594 6.776 10.765
5851.94 6.059 10.792
5853.29 5.557 10.62
5854.636 6.529 10.598
5855.986 5.397 10.86
5857.334 5.927 11.047
5858.684 7.286 10.756
5860.032 7.301 10.623
5861.38 6.26 10.673
5862.732 7.596 10.571
5864.08 6.317 10.855
5865.433 6.275 11.889
5866.782 7.152 13.989
5868.135 6.365 16.135
5869.485 5.395 16.926
5870.835 6.219 15.474
5872.189 6.506 13.265
5873.54 6.943 12.032
5874.894 5.486 11.923
5876.246 6.157 11.762
5877.601 6.037 11.254
5878.953 5.974 10.729
5880.305 7.188 10.142
5881.661 6.53 9.942
5883.014 4.911 9.975
5884.371 6.1 9.908
5885.725 7.635 10.019
5887.082 6.347 10.663
5888.436 6.543 14.796
5889.794 5.216 32.511
5891.149 8.837 59.042
5892.504 4.325 65.052
5893.863 6.06 41.393
5895.219 7.169 25.686
5896.578 6.776 35.248
5897.935 6.387 46.035
5899.295 5.568 37.588
5900.652 5.596 20.518
5902.01 7.415 11.538
5903.371 7.96 10.321
5904.729 6.886 10.694
5906.09 7.571 10.994
5907.449 6.643 11.709
5908.811 6.648 11.952
5910.17 5.273 11.567
5911.53 5.255 11.039
5912.893 6.377 10.654
5914.254 6.554 11.198
5915.617 5.871 13.212
5916.978 6.556 15.444
5918.343 6.969 15.543
5919.704 5.749 12.73
5921.066 6.831 11.375
5922.431 5.832 11.542
5923.794 7.638 11.293
5925.16 6.934 12.455
5926.523 6.949 13.325
5927.89 6.179 13.271
5929.253 5.643 12.509
5930.617 7.06 11.86
5931.985 7.619 12.419
5933.35 6.202 15.198
5934.718 6.098 17.364
5936.083 5.368 16.585
5937.452 9.34 13.537
5938.818 6.914 12.052
5940.184 5.676 11.877
5941.554 7.618 11.805
5942.921 5.598 11.635
5944.291 6.156 11.653
5945.659 6.43 12.043
5947.03 6.194 13.046
5948.398 7.58 13.013
5949.766 7.055 12.465
5951.138 6.881 11.277
5952.507 6.52 11.932
5953.88 7.194 14.147
5955.249 6.321 16.67
5956.623 6.647 15.978
5957.993 6.508 13.443
5959.364 5.6 11.994
5960.738 6.399 11.649
5962.109 5.628 11.881
5963.484 5.305 11.939
5964.856 6.809 11.74
5966.231 6.067 11.308
5967.604 5.554 11.538
5968.977 5.992 11.883
5970.353 7.565 11.818
5971.727 6.036 12.775
5973.104 6.841 12.652
5974.478 6.026 11.98
5975.856 5.58 11.841
5977.23 6.747 12.613
5978.605 5.91 13.991
5979.984 5.482 14.171
5981.36 6.897 13.0
5982.739 6.719 11.506
5984.115 6.579 11.132
5985.495 6.486 11.378
5986.872 5.845 10.909
5988.249 7.149 10.586
5989.63 5.804 10.986
5991.008 6.385 11.143
5992.39 6.736 10.886
5993.768 6.257 11.024
5995.15 5.34 11.154
5996.53 4.687 10.94
5997.912 5.326 11.142
5999.292 6.255 11.175
6000.672 5.906 11.046
6002.056 7.291 11.087
6003.437 6.471 11.11
6004.821 7.056 11.69
6006.203 5.596 12.173
6007.588 6.636 11.733
6008.97 6.49 10.354
6010.352 5.992 9.933
6011.738 6.387 10.021
6013.121 6.965 10.185
6014.508 7.407 10.136
6015.891 7.137 9.61
6017.278 5.916 9.691
6018.663 6.264 9.699
6020.047 5.711 9.909
6021.436 6.256 9.653
6022.821 6.556 9.187
6024.21 5.43 9.268
6025.595 6.695 9.382
6026.985 6.392 9.698
6028.371 6.428 9.8
6029.758 7.512 10.026
6031.149 7.079 9.991
6032.536 6.551 9.743
6033.927 7.224 9.719
6035.315 6.117 10.202
6036.707 5.533 10.512
6038.096 5.812 10.155
6039.485 6.431 9.563
6040.878 6.749 9.532
6042.267 6.109 9.643
6043.661 7.179 9.62
6045.051 6.449 9.319
6046.445 6.095 9.351
6047.836 6.968 9.614
6049.227 7.066 9.501
6050.622 6.606 9.418
6052.014 5.946 9.537
6053.41 4.731 9.559
6054.802 5.806 9.407
6056.198 5.68 9.059
6057.592 5.802 9.031
6058.985 6.548 9.021
6060.382 7.147 8.792
6061.777 6.491 8.839
6063.174 5.935 9.071
6064.569 5.926 9.134
6065.968 6.396 8.871
6067.363 7.028 8.754
6068.759 6.651 9.14
6070.158 5.908 9.295
6071.555 6.452 8.869
6072.955 6.189 8.62
6074.352 5.534 9.022
6075.753 6.972 8.625
6077.15 5.456 8.392
6078.549 5.138 8.516
6079.95 5.169 8.642
6081.349 5.625 8.353
6082.751 6.558 8.103
6084.151 6.782 8.084
6085.554 6.471 8.168
6086.954 6.613 8.114
6088.354 6.723 8.247
6089.758 6.5 8.308
6091.159 6.465 8.228
6092.563 6.008 8.144
6093.965 7.109 8.456
6095.37 6.71 8.621
6096.772 7.6 8.792
6098.178 7.36 8.526
6099.581 7.216 8.463
6100.984 7.106 8.831
6102.391 6.255 8.566
6103.795 6.385 8.265
6105.203 7.057 8.153
6106.607 6.214 8.693
6108.015 6.259 8.944
6109.42 6.319 8.775
6110.826 6.137 8.498
6112.235 4.381 8.711
6113.641 5.61 8.905
6115.051 6.59 8.987
6116.458 6.875 8.446
6117.868 6.234 8.467
6119.276 5.562 8.502
6120.683 6.344 8.338
6122.095 7.101 8.377
6123.503 6.154 7.972
6124.915 6.675 7.954
6126.324 7.308 7.95
6127.737 6.903 8.058
6129.147 6.015 8.006
6130.557 7.449 8.308
6131.97 6.405 8.141
6133.381 7.079 8.041
6134.795 6.5 7.839
6136.207 6.315 7.93
6137.622 6.129 8.225
6139.034 5.422 8.847
6140.446 5.733 9.216
6141.862 6.1 9.388
6143.275 5.691 9.303
6144.691 6.222 9.645
6146.105 5.9 9.853
6147.522 6.988 9.349
6148.936 5.456 8.54
6150.351 6.361 8.223
6151.769 5.575 8.393
6153.184 5.478 8.622
6154.603 6.275 8.54
6156.019 6.826 8.894
6157.439 6.769 9.214
6158.855 6.538 8.882
6160.272 6.476 8.44
6161.693 6.361 8.885
6163.11 6.145 9.384
6164.531 6.092 9.414
6165.949 6.089 8.84
6167.371 5.001 8.201
6168.79 5.022 7.899
6170.209 5.843 8.731
6171.632 6.487 10.086
6173.052 5.393 10.979
6174.475 5.333 9.992
6175.896 6.094 8.825
6177.32 6.528 8.67
6178.741 6.063 9.118
6180.162 5.254 8.774
6181.588 5.637 8.057
6183.01 5.934 7.325
6184.435 5.606 7.85
6185.858 5.899 8.04
6187.285 5.887 7.942
6188.708 5.966 7.971
6190.132 5.502 7.856
6191.559 6.678 7.532
6192.983 5.289 8.081
6194.412 6.468 8.384
6195.837 6.885 8.271
6197.265 6.021 8.035
6198.691 6.332 7.618
6200.117 6.045 7.779
6201.547 5.865 8.053
6202.973 6.53 8.64
6204.404 5.833 10.088
6205.831 5.223 10.297
6207.262 6.255 8.856
6208.69 5.912 7.885
6210.122 5.777 7.812
6211.55 6.029 7.964
6212.979 6.39 8.09
6214.412 6.297 8.415
6215.842 7.549 8.487
6217.275 6.765 7.973
6218.705 5.361 7.577
6220.139 6.439 7.632
6221.57 5.941 8.461
6223.002 6.566 9.807
6224.437 5.681 10.617
6225.869 7.249 9.354
6227.304 5.734 8.008
6228.737 5.745 7.664
6230.173 5.047 7.424
6231.606 5.715 7.271
6233.04 5.384 7.72
6234.477 5.726 9.76
6235.911 6.346 13.955
6237.349 6.158 17.653
6238.784 5.672 17.756
6240.223 5.288 14.583
6241.659 4.883 11.444
6243.094 4.774 11.364
6244.534 5.424 11.336
6245.971 6.297 10.538
6247.411 5.786 9.283
6248.848 5.82 8.377
6250.289 7.536 8.059
6251.727 6.45 8.176
6253.165 6.319 7.517
6254.607 6.278 7.525
6256.046 6.537 7.845
6257.489 5.869 10.105
6258.928 5.973 14.912
6260.371 6.883 17.052
6261.812 6.34 14.547
6263.252 6.511 10.394
6264.696 6.622 8.941
6266.138 5.169 10.506
6267.583 6.921 11.036
6269.024 7.209 11.201
6270.47 5.701 9.619
6271.913 6.148 8.737
6273.355 5.609 8.14
6274.802 6.323 8.153
6276.246 6.494 8.593
6277.693 6.06 9.207
6279.137 5.266 9.734
6280.585 5.784 9.37
6282.03 6.293 8.271
6283.475 5.192 7.586
6284.924 6.237 7.585
6286.37 6.448 8.589
6287.819 6.005 11.876
6289.266 4.56 15.641
6290.716 5.492 15.235
6292.163 6.411 11.135
6293.611 5.369 8.701
6295.062 4.784 8.013
6296.51 5.763 8.356
6297.962 6.092 10.338
6299.411 5.782 22.425
6300.864 8.093 52.012
6302.313 7.224 77.099
6303.763 4.177 67.35
6305.217 6.587 32.088
6306.667 6.899 13.495
6308.122 6.79 16.41
6309.573 5.349 17.884
6311.028 5.791 14.283
6312.48 6.594 9.246
6313.932 5.722 8.004
6315.388 5.748 7.699
6316.841 5.247 7.782
6318.297 5.366 7.507
6319.751 5.017 7.515
6321.208 5.726 8.532
6322.662 5.929 10.187
6324.12 5.969 10.573
6325.575 5.431 9.5
6327.03 4.608 8.421
6328.489 5.984 8.468
6329.945 5.501 11.09
6331.405 5.062 15.12
6332.861 5.115 14.974
6334.322 6.612 11.431
6335.779 5.67 8.092
6337.236 5.862 7.363
6338.698 6.347 7.168
6340.156 5.922 7.272
6341.618 6.498 7.397
6343.077 5.915 7.592
6344.54 5.35 7.721
6345.999 5.639 7.484
6347.459 6.055 7.556
6348.923 6.161 8.681
6350.383 6.017 9.489
6351.848 6.324 9.233
6353.309 6.331 8.011
6354.774 5.269 7.681
6356.236 5.357 9.016
6357.698 5.707 11.871
6359.164 5.981 12.261
6360.627 6.404 10.154
6362.094 5.553 8.594
6363.557 7.557 14.366
6365.025 5.947 25.642
6366.489 4.749 29.232
6367.954 5.583 21.121
6369.422 6.99 11.258
6370.887 7.285 7.389
6372.357 6.62 7.161
6373.823 6.714 7.179
6375.292 5.85 7.349
6376.759 5.395 7.41
6378.226 6.049 7.583
6379.697 5.559 8.249
6381.164 5.867 8.874
6382.636 4.919 8.623
6384.104 6.689 7.791
6385.576 7.076 7.597
6387.045 5.865 8.735
6388.515 5.477 9.522
6389.988 5.376 9.043
6391.458 5.658 7.766
6392.932 6.186 6.916
6394.402 6.003 6.784
6395.877 5.446 6.957
6397.348 6.035 6.957
6398.82 6.958 6.696
6400.296 6.055 6.721
6401.768 5.435 6.47
6403.244 4.836 6.935
6404.717 5.425 6.55
6406.194 5.531 7.061
6407.668 5.86 6.579
6409.142 5.533 6.734
6410.62 5.96 6.599
6412.095 6.279 6.66
6413.573 5.493 6.868
6415.049 5.744 7.134
6416.528 6.502 7.274
6418.004 6.467 7.083
6419.481 5.865 6.845
6420.961 5.853 7.167
6422.438 6.05 7.627
6423.919 5.203 7.697
6425.397 5.612 6.996
6426.878 4.943 6.819
6428.357 5.772 7.011
6429.836 5.727 6.8
6431.319 6.094 6.624
6432.798 6.619 6.319
6434.281 6.623 6.267
6435.762 6.504 6.4
6437.246 5.921 6.638
6438.727 6.576 6.56
6440.211 6.993 6.37
6441.693 6.234 6.422
6443.175 5.305 6.39
6444.661 5.497 6.548
6446.143 5.526 6.75
6447.63 5.179 6.641
6449.113 6.088 6.511
6450.6 5.014 6.695
6452.084 5.655 6.523
6453.568 6.243 6.721
6455.056 5.758 6.756
6456.541 6.377 6.737
6458.03 4.947 6.828
6459.516 6.558 6.947
6461.006 5.586 7.117
6462.492 4.931 6.929
6463.979 5.03 8.127
6465.469 5.245 10.523
6466.957 6.406 12.711
6468.448 6.481 12.72
6469.936 5.657 11.286
6471.428 5.552 10.984
6472.917 5.391 11.931
6474.406 5.773 11.094
6475.899 6.271 8.361
6477.388 4.751 7.011
6478.882 5.712 7.346
6480.372 5.845 7.894
6481.867 6.268 7.442
6483.358 5.883 6.709
6484.849 5.732 6.25
6486.345 5.495 6.133
6487.837 6.43 6.195
6489.333 6.565 6.028
6490.826 5.603 6.086
6492.323 5.422 6.148
6493.816 5.911 6.123
6495.31 6.012 5.899
6496.808 5.64 6.223
6498.303 5.653 9.15
6499.801 6.442 15.004
6501.296 6.33 17.746
6502.796 5.334 14.22
6504.292 6.082 8.608
6505.788 4.74 8.91
6507.288 6.03 10.124
6508.785 5.403 9.267
6510.286 5.611 7.18
6511.784 6.031 6.192
6513.285 5.652 6.301
6514.784 5.477 7.021
6516.282 6.031 7.055
6517.785 6.463 6.556
6519.284 5.771 6.054
6520.788 5.81 6.182
6522.288 6.46 7.052
6523.792 6.213 8.328
6525.293 6.395 8.793
6526.794 6.307 8.012
6528.299 5.162 6.871
6529.801 5.939 6.285
6531.306 5.682 6.454
6532.809 5.554 8.862
6534.315 6.124 13.448
6535.819 6.153 15.29
6537.322 6.85 11.517
6538.83 6.392 7.002
6540.334 5.691 6.383
6541.842 6.145 6.438
6543.347 4.877 6.995
6544.856 5.247 8.971
6546.362 4.742 10.255
6547.867 5.108 9.231
6549.377 5.45 7.266
6550.884 5.302 6.467
6552.395 5.256 7.233
6553.902 5.834 11.245
6555.413 5.28 16.085
6556.921 4.515 15.694
6558.433 6.668 10.241
6559.942 5.777 6.627
6561.451 6.341 5.825
6562.964 5.575 8.586
6564.474 5.332 11.888
6565.988 4.422 11.65
6567.498 5.041 8.161
6569.013 5.794 7.581
6570.524 4.76 8.587
6572.036 4.979 8.78
6573.551 4.723 7.188
6575.063 4.651 6.242
6576.58 6.424 7.385
6578.092 6.031 11.293
6579.609 6.409 14.072
6581.123 6.205 12.402
6582.637 6.225 8.581
6584.155 6.447 6.794
6585.67 5.212 6.755
6587.188 5.702 6.336
6588.704 5.693 6.185
6590.223 5.072 5.923
6591.739 5.975 6.024
6593.255 5.95 6.168
6594.776 5.796 6.014
6596.293 5.914 6.599
6597.814 6.272 7.742
6599.332 6.071 8.093
6600.854 5.019 7.488
6602.372 5.719 6.436
6603.891 5.44 7.378
6605.414 5.718 9.755
6606.933 5.177 10.457
6608.457 5.146 8.563
6609.977 5.333 6.675
6611.502 5.501 6.102
6613.022 6.15 5.843
6614.544 5.963 5.891
6616.069 5.659 5.913
6617.591 6.29 6.066
6619.117 5.625 6.026
6620.64 5.162 5.789
6622.167 6.421 6.045
6623.69 6.406 6.24
6625.214 5.939 6.147
6626.742 5.567 6.074
6628.266 5.906 6.748
6629.794 5.002 6.923
6631.32 5.477 6.902
6632.849 5.835 6.398
6634.375 11.302 6.856
6635.901 17.536 7.591
6637.431 16.948 8.03
6638.958 10.443 7.13
6640.489 7.596 5.818
6642.017 6.485 5.882
6643.548 4.734 6.166
6645.077 4.422 6.105
6646.605 5.216 6.108
6648.138 5.361 6.146
6649.667 5.314 6.059
6651.201 5.489 5.915
6652.731 5.311 6.047
6654.265 6.09 6.067
6655.796 7.953 6.193
6657.327 9.057 5.968
6658.862 7.691 5.882
6660.394 5.944 6.094
6661.93 6.543 6.124
6663.462 5.939 6.329
6664.999 5.875 6.29
6666.532 5.294 6.39
6668.066 6.266 6.443
6669.604 5.477 7.0
6671.138 5.782 6.612
6672.676 6.253 6.191
6674.211 5.478 5.919
6675.75 6.155 6.075
6677.286 5.599 6.024
6678.826 4.791 5.863
6680.362 5.971 5.857
6681.899 6.237 5.953
6683.44 5.341 5.873
6684.977 5.341 6.036
6686.519 5.841 5.946
6688.057 6.592 5.882
6689.599 6.028 5.967
6691.138 5.794 5.986
6692.678 5.657 6.144
6694.221 5.49 6.011
6695.761 5.361 5.811
6697.305 5.371 5.68
6698.846 5.771 5.823
6700.39 5.78 6.343
6701.932 6.377 6.188
6703.474 5.156 6.439
6705.019 4.633 6.388
6706.562 5.103 6.404
6708.108 5.275 6.5
6709.652 5.757 6.303
6711.199 6.238 6.244
6712.743 5.97 6.129
6714.287 5.198 5.947
6715.835 4.985 6.116
6717.38 5.601 6.308
6718.929 6.243 6.2
6720.475 6.035 6.105
6722.025 5.486 6.084
6723.571 5.389 6.091
6725.118 5.69 5.88
6726.669 6.344 5.751
6728.216 5.332 6.064
6729.768 5.734 5.807
6731.316 5.096 6.141
6732.868 6.091 5.901
6734.417 5.614 6.25
6735.966 6.755 5.669
6737.519 5.639 5.828
6739.069 4.475 5.771
6740.623 5.66 5.98
6742.174 5.875 6.035
6743.729 5.262 6.092
6745.28 5.191 6.165
6746.832 5.818 6.075
6748.388 5.819 5.987
6749.94 5.945 5.938
6751.497 5.722 5.849
6753.05 5.683 5.816
6754.607 5.759 5.725
6756.161 5.877 5.594
6757.715 5.516 5.691
6759.274 5.165 5.859
6760.829 5.664 5.946
6762.388 5.295 5.92
6763.943 5.105 5.922
6765.503 5.29 5.71
6767.059 6.037 5.538
6768.616 6.258 5.751
6770.177 5.177 5.697
6771.734 5.18 5.711
6773.296 5.777 5.664
6774.854 6.088 5.527
6776.416 5.712 5.762
6777.975 5.595 5.777
6779.535 5.732 5.675
6781.098 6.032 5.747
6782.658 5.05 5.69
6784.222 5.041 5.701
6785.783 5.393 5.924
6787.348 5.518 5.765
6788.909 6.616 5.584
6790.471 9.465 5.852
6792.037 10.722 5.824
6793.599 9.238 5.758
6795.166 7.176 5.581
6796.729 5.755 5.446
6798.296 5.726 5.525
6799.86 5.955 5.487
6801.428 5.551 5.621
6802.993 5.656 5.683
6804.558 6.957 5.86
6806.127 9.668 5.441
6807.693 9.196 5.466
6809.263 6.637 5.497
6810.829 6.666 5.768
6812.4 5.325 5.617
6813.967 5.729 5.603
6815.534 4.463 5.725
6817.106 5.488 5.774
6818.674 5.255 5.702
6820.247 5.377 5.669
6821.816 5.791 5.592
6823.389 6.19 5.721
6824.958 5.942 5.51
6826.528 4.861 6.277
6828.103 5.619 9.357
6829.673 4.337 17.652
6831.248 3.848 23.357
6832.82 4.058 21.28
6834.396 6.135 18.317
6835.968 6.078 20.117
6837.54 5.438 19.266
6839.117 5.158 12.771
6840.69 5.193 7.703
6842.268 5.476 7.942
6843.842 5.291 9.364
6845.42 4.867 9.003
6846.995 4.835 7.088
6848.57 5.104 5.859
6850.149 5.218 5.797
6851.725 6.022 5.924
6853.305 5.318 6.242
6854.882 5.761 5.761
6856.462 5.873 5.533
6858.04 5.13 5.563
6859.617 6.134 5.29
6861.199 5.15 5.572
6862.778 5.561 7.504
6864.36 4.67 19.626
6865.939 4.802 32.465
6867.523 4.212 29.783
6869.102 5.583 15.421
6870.683 5.741 8.396
6872.267 5.637 9.843
6873.848 5.668 10.268
6875.433 5.303 8.25
6877.015 6.088 6.106
6878.601 6.001 5.629
6880.183 5.364 5.782
6881.766 5.165 7.295
6883.353 4.912 8.656
6884.936 4.882 8.274
6886.524 5.031 6.652
6888.108 5.362 6.19
6889.697 5.519 8.563
6891.281 5.866 11.589
6892.867 5.7 11.251
6894.456 5.312 8.439
6896.042 5.153 6.419
6897.633 4.571 6.478
6899.219 5.131 6.188
6900.81 5.383 8.146
6902.398 4.734 11.772
6903.986 5.337 12.57
6905.578 6.119 9.156
6907.166 5.686 5.96
6908.759 6.358 5.299
6910.349 5.441 5.398
6911.942 5.044 6.652
6913.532 5.93 11.07
6915.123 4.542 14.809
6916.717 5.317 11.808
6918.308 4.992 7.025
6919.904 6.045 5.912
6921.496 5.649 5.639
6923.092 5.175 10.307
6924.684 5.318 19.719
6926.281 5.082 22.201
6927.875 5.047 13.77
6929.468 5.922 7.17
6931.066 5.139 5.851
6932.661 5.162 5.518
6934.259 4.485 5.437
6935.855 4.557 5.382
6937.454 5.089 5.399
6939.05 5.544 6.931
6940.646 6.005 10.957
6942.247 5.116 13.382
6943.844 6.081 10.536
6945.445 5.519 7.071
6947.043 5.153 5.676
6948.645 5.563 9.445
6950.243 6.017 18.405
6951.842 5.992 23.458
6953.445 5.066 17.301
6955.045 5.415 8.591
6956.649 5.224 5.832
6958.249 5.351 5.725
6959.854 5.182 5.726
6961.455 5.413 5.719
6963.056 5.567 5.552
6964.662 5.862 5.598
6966.264 6.021 5.914
6967.871 5.13 5.858
6969.473 4.65 6.805
6971.081 5.564 9.391
6972.684 4.78 11.14
6974.288 5.357 9.008
6975.897 6.562 5.972
6977.501 5.55 6.405
6979.11 6.799 11.511
6980.716 4.177 17.105
6982.326 4.617 14.817
6983.932 5.45 8.134
6985.539 4.941 5.973
6987.149 6.038 5.805
6988.757 5.067 5.988
6990.368 5.569 5.921
6991.977 5.158 5.85
6993.589 5.667 5.444
6995.198 5.418 5.525
6996.807 5.971 5.446
6998.42 5.661 5.645
7000.03 5.499 5.692
7001.645 5.36 5.634
7003.255 5.487 5.997
7004.87 5.131 7.387
7006.482 5.8 8.278
7008.094 5.725 7.246
7009.71 4.802 5.925
7011.322 4.911 6.823
7012.939 4.459 9.881
7014.552 5.234 10.51
7016.17 5.862 8.02
7017.784 5.464 5.878
7019.398 5.984 5.302
7021.017 5.746 5.288
7022.632 5.36 5.383
7024.252 5.449 5.386
7025.867 4.829 5.376
7027.488 4.799 5.249
7029.104 4.891 5.249
7030.721 5.183 5.396
7032.343 5.407 5.551
7033.96 5.263 5.751
7035.582 5.192 5.462
7037.201 4.915 5.276
7038.824 4.893 5.163
7040.443 5.0 5.336
7042.066 5.392 5.953
7043.686 5.707 6.709
7045.307 4.778 6.94
7046.931 4.991 6.378
7048.553 5.882 7.201
7050.178 5.795 8.853
7051.8 5.575 8.805
7053.426 5.0 7.046
7055.049 4.596 6.304
7056.672 4.706 6.144
7058.299 5.429 5.663
7059.923 5.048 5.662
7061.551 5.266 5.683
7063.175 5.274 5.775
7064.804 5.723 5.982
7066.429 5.55 6.131
7068.055 5.713 5.997
7069.685 5.094 5.95
7071.311 5.73 6.08
7072.942 5.18 6.086
7074.569 5.685 5.894
7076.2 4.87 5.936
7077.828 5.135 5.765
7079.456 5.486 5.864
7081.089 6.033 5.888
7082.718 4.883 6.113
7084.351 4.876 6.512
7085.981 4.889 6.362
7087.615 4.773 5.867
7089.245 5.21 6.145
7090.876 4.689 6.774
7092.511 5.844 6.632
7094.143 5.593 5.989
7095.779 4.783 5.55
7097.411 4.854 5.411
7099.048 4.608 5.378
7100.681 4.449 5.413
7102.314 5.463 5.256
7103.952 5.319 5.166
7105.587 5.443 5.274
7107.225 5.368 5.431
7108.86 5.156 5.403
7110.499 5.712 5.444
7112.135 5.917 5.357
7113.771 5.758 5.357
7115.412 5.269 5.336
7117.049 4.649 5.306
7118.69 4.754 5.358
7120.327 5.619 5.233
7121.969 5.176 5.172
7123.608 4.744 5.189
7125.246 5.483 5.136
7126.89 5.121 5.452
7128.529 5.006 5.816
7130.173 5.069 6.006
7131.813 4.801 5.868
7133.458 5.079 5.712
7135.099 5.512 5.827
7136.74 4.535 5.932
7138.386 5.527 5.5
7140.028 5.098 5.324
7141.675 4.809 5.253
7143.318 5.757 5.665
7144.965 5.959 5.975
7146.608 5.083 6.262
7148.253 5.032 6.537
7149.901 5.102 6.301
7151.546 4.956 5.928
7153.195 5.731 5.637
7154.84 5.102 5.464
7156.49 5.796 5.293
7158.137 5.337 5.394
7159.783 4.758 5.795
7161.434 5.596 5.864
7163.082 5.111 5.868
7164.734 5.048 5.811
7166.382 5.256 5.52
7168.034 4.799 5.502
7169.683 4.66 5.744
7171.337 5.078 5.86
7172.987 4.842 5.704
7174.637 4.38 5.493
7176.291 5.981 5.529
7177.942 5.412 5.814
7179.597 4.541 5.79
7181.249 5.069 5.811
7182.905 4.987 5.818
7184.557 5.076 6.07
7186.21 4.817 5.671
7187.867 4.835 5.306
7189.521 5.025 4.974
7191.179 4.04 5.12
7192.833 5.02 5.288
7194.492 4.601 5.196
7196.147 4.663 5.209
7197.802 5.583 4.999
7199.462 4.976 4.976
7201.118 5.709 5.052
7202.779 5.971 5.328
7204.436 4.713 5.337
7206.097 5.586 5.098
7207.755 5.012 5.124
7209.413 4.568 5.044
7211.075 5.194 4.965
7212.734 4.653 5.294
7214.398 5.622 5.015
7216.057 5.447 4.999
7217.721 5.422 5.028
7219.382 4.561 4.992
7221.043 4.941 5.025
7222.708 5.001 5.226
7224.369 5.612 5.378
7226.035 4.731 5.398
7227.697 4.637 5.499
7229.364 4.761 5.579
7231.027 5.307 5.495
7232.691 4.614 5.763
7234.359 4.49 5.716
7236.023 4.421 5.952
7237.691 5.244 6.617
7239.357 4.917 13.386
7241.026 5.135 32.477
7242.692 4.845 45.347
7244.358 3.43 41.725
7246.028 6.208 39.327
7247.695 4.454 41.87
7249.367 5.657 30.231
7251.034 4.785 13.6
7252.706 4.066 8.424
7254.375 4.405 11.623
7256.044 5.298 14.004
7257.717 4.957 11.98
7259.387 5.238 8.246
7261.061 6.009 6.157
7262.731 5.123 5.469
7264.406 5.203 5.554
7266.077 4.3 5.802
7267.748 4.685 5.855
7269.424 5.416 6.357
7271.097 4.88 6.806
7272.773 5.097 6.707
7274.447 5.397 7.188
7276.124 4.533 21.041
7277.798 6.117 51.159
7279.472 3.966 60.423
7281.151 5.023 34.166
7282.826 4.868 12.113
7284.505 5.349 13.358
7286.181 4.794 23.321
7287.861 5.051 24.393
7289.538 5.372 14.456
7291.215 5.158 6.975
7292.896 5.116 6.222
7294.574 5.048 6.172
7296.256 5.214 8.449
7297.934 4.772 11.421
7299.617 4.607 10.924
7301.296 4.744 7.416
7302.98 4.416 7.157
7304.66 5.409 13.103
7306.341 5.182 17.871
7308.025 4.79 14.296
7309.707 4.772 8.012
7311.392 4.492 6.438
7313.074 4.922 6.959
7314.761 4.881 7.567
7316.443 6.934 20.487
7318.126 5.179 41.62
7319.814 4.741 43.498
7321.498 5.371 21.278
7323.186 4.49 7.708
7324.871 4.665 5.468
7326.56 5.69 5.124
7328.245 4.784 6.97
7329.931 6.551 15.786
7331.622 5.054 24.565
7333.308 3.994 19.529
7334.999 5.104 9.694
7336.687 5.016 5.948
7338.379 6.201 5.396
7340.067 5.698 10.239
7341.755 4.892 35.153
7343.448 3.786 54.444
7345.138 3.919 40.78
7346.831 5.098 15.267
7348.522 4.784 6.984
7350.216 5.38 6.262
7351.907 5.014 6.074
7353.598 4.432 6.386
7355.294 5.059 6.126
7356.986 4.944 5.785
7358.683 4.28 10.803
7360.375 4.768 19.812
7362.073 5.459 21.262
7363.766 4.4 12.465
7365.46 4.914 6.628
7367.159 4.988 5.959
7368.854 5.145 11.632
7370.553 4.994 32.115
7372.248 4.459 43.787
7373.948 4.028 28.774
7375.645 4.408 10.992
7377.342 4.506 6.411
7379.043 4.371 5.97
7380.74 4.319 5.753
7382.442 4.555 5.447
7384.141 4.935 5.288
7385.843 5.159 5.436
7387.543 3.654 5.217
7389.242 4.717 5.235
7390.946 4.975 6.158
7392.646 5.515 10.794
7394.351 4.958 17.088
7396.052 4.82 15.725
7397.758 4.737 8.626
7399.459 4.357 5.892
7401.162 4.884 7.694
7402.868 6.028 21.608
7404.571 3.006 30.857
7406.279 4.62 21.727
7407.983 5.206 8.323
7409.691 5.382 5.572
7411.395 5.154 5.162
7413.1 5.916 5.526
7414.81 5.122 6.194
7416.516 5.673 5.999
7418.226 4.749 5.694
7419.932 4.486 5.534
7421.643 5.619 5.225
7423.351 6.381 5.026
7425.059 4.812 5.37
7426.771 5.024 5.357
7428.479 5.412 5.404
7430.192 4.1 8.231
7431.902 5.422 12.176
7433.615 5.669 11.175
7435.325 4.245 7.153
7437.04 5.273 5.691
7438.751 4.663 9.615
7440.462 5.071 18.003
7442.178 5.176 17.495
7443.89 4.557 9.718
7445.607 4.889 5.536
7447.319 5.582 5.461
7449.037 5.245 5.084
7450.75 5.205 5.11
7452.464 4.753 5.237
7454.183 4.948 5.252
7455.898 4.789 5.2
7457.617 5.272 5.192
7459.333 5.027 5.71
7461.053 5.167 5.717
7462.769 4.669 7.063
7464.486 6.074 8.524
7466.207 5.277 9.566
7467.925 6.035 10.961
7469.647 5.616 11.401
7471.365 4.95 11.055
7473.088 5.308 13.099
7474.807 5.328 17.498
7476.527 4.428 17.865
7478.251 5.845 12.889
7479.971 5.218 10.583
7481.696 4.95 15.258
7483.417 4.179 18.306
7485.143 4.523 19.599
7486.865 5.423 17.611
7488.587 5.091 11.448
7490.314 4.47 6.42
7492.037 5.193 5.686
7493.765 4.727 6.741
7495.489 5.314 9.217
7497.217 5.043 9.361
7498.942 4.202 7.209
7500.667 4.624 5.425
7502.397 5.152 5.502
7504.123 5.256 5.508
7505.853 4.647 5.385
7507.58 4.77 5.347
7509.311 4.871 5.156
7511.039 4.643 5.173
7512.767 4.847 5.158
7514.499 5.189 5.063
7516.228 5.376 5.189
7517.961 5.326 6.304
7519.69 4.778 7.316
7521.424 5.313 7.365
7523.155 5.326 10.021
7524.885 5.461 28.751
7526.621 4.401 42.982
7528.352 6.182 31.21
7530.088 5.508 13.309
7531.82 3.59 14.182
7533.557 4.351 16.667
7535.29 5.252 11.984
7537.024 4.512 6.696
7538.762 4.831 5.935
7540.496 4.564 6.659
7542.235 4.449 8.445
7543.97 4.961 8.287
7545.71 4.887 6.508
7547.446 5.174 5.675
7549.182 5.237 5.402
7550.923 5.739 5.379
7552.66 5.378 5.522
7554.401 4.859 5.989
7556.139 5.499 6.269
7557.882 4.892 8.521
7559.62 5.329 12.932
7561.359 4.652 12.475
7563.103 4.828 7.501
7564.843 5.394 5.409
7566.587 4.352 5.479
7568.328 4.749 6.189
7570.073 4.449 7.41
7571.815 5.035 13.43
7573.561 4.803 28.501
7575.303 4.127 30.992
7577.046 4.421 17.645
7578.793 4.905 7.439
7580.537 4.873 5.724
7582.285 4.794 5.273
7584.029 4.659 5.423
7585.778 5.682 6.918
7587.523 5.618 12.359
7589.268 4.486 15.267
7591.018 4.999 11.072
7592.765 5.209 6.047
7594.516 4.582 5.371
7596.263 4.331 5.471
7598.014 4.622 9.486
7599.762 5.725 23.926
7601.511 5.157 34.221
7603.264 4.563 23.268
7605.013 5.589 9.236
7606.766 3.185 5.591
7608.516 4.325 5.927
7610.271 5.63 5.73
7612.021 6.498 5.459
7613.773 3.547 5.575
7615.528 5.099 5.429
7617.28 3.761 6.559
7619.037 5.141 11.603
7620.79 4.109 15.428
7622.547 5.211 12.292
7624.3 5.066 8.269
7626.054 4.117 7.384
7627.813 5.078 7.858
7629.568 5.269 17.994
7631.327 5.091 28.36
7633.083 4.625 20.934
7634.843 3.307 9.233
7636.599 4.38 5.697
7638.356 4.99 5.285
7640.117 5.197 5.055
7641.875 5.305 5.501
7643.637 4.642 5.72
7645.396 4.687 5.509
7647.159 4.61 5.488
7648.918 5.175 5.445
7650.677 5.214 5.376
7652.442 4.539 6.063
7654.202 5.134 8.42
7655.967 4.613 10.9
7657.728 5.966 9.399
7659.494 5.373 5.97
7661.256 4.715 5.93
7663.019 5.694 10.673
7664.786 4.768 16.077
7666.549 4.078 14.054
7668.317 4.772 7.766
7670.081 4.46 5.242
7671.85 4.012 5.315
7673.615 5.104 5.063
7675.38 6.051 5.152
7677.15 4.121 5.295
7678.916 5.091 5.196
7680.687 4.651 5.077
7682.454 5.182 5.293
7684.225 4.998 6.024
7685.993 4.52 6.02
7687.761 4.077 6.453
7689.534 5.465 6.514
7691.303 5.061 6.637
7693.077 4.942 7.604
7694.846 4.278 8.522
7696.621 4.804 7.113
7698.391 4.567 6.106
7700.162 4.71 8.105
7701.938 3.78 11.328
7703.71 4.858 10.366
7705.486 4.79 6.871
7707.259 4.795 5.575
7709.036 4.822 5.408
7710.81 4.129 6.614
7712.588 4.197 16.596
7714.362 6.066 42.114
7716.137 7.638 53.764
7717.916 4.784 55.843
7719.691 5.633 56.738
7721.472 6.132 39.888
7723.248 5.281 15.917
7725.029 4.727 10.95
7726.806 4.339 16.275
7728.584 4.669 18.388
7730.366 4.328 13.19
7732.144 3.697 7.972
7733.927 4.368 6.681
7735.706 4.675 7.381
7737.49 5.207 8.57
7739.27 5.508 8.05
7741.051 3.867 7.031
7742.836 4.571 6.969
7744.617 3.847 6.844
7746.403 4.394 5.992
7748.185 3.626 6.44
7749.972 5.308 13.06
7751.754 3.626 50.468
7753.538 4.862 75.274
7755.326 4.285 48.747
7757.11 4.511 11.736
7758.899 3.817 8.845
7760.683 4.38 17.554
7762.473 5.271 28.57
7764.259 5.368 23.263
7766.045 5.441 10.078
7767.836 4.568 5.481
7769.623 4.918 5.423
7771.414 4.949 5.877
7773.202 4.398 8.198
7774.995 3.618 13.12
7776.783 4.253 14.193
7778.572 4.259 9.822
7780.366 4.408 9.397
7782.156 5.394 17.487
7783.951 4.92 19.144
7785.741 4.017 11.293
7787.537 4.588 6.995
7789.328 4.537 6.503
7791.12 5.155 6.964
7792.917 4.525 9.644
7794.709 4.276 28.0
7796.507 2.923 55.992
7798.3 4.895 46.658
7800.099 6.163 14.193
7801.893 3.837 5.534
7803.688 4.438 5.455
7805.487 4.468 5.75
7807.283 4.91 6.855
7809.083 5.754 14.668
7810.88 5.96 26.161
7812.681 3.756 22.807
7814.478 4.309 10.99
7816.276 4.555 6.961
7818.078 4.891 6.775
7819.877 4.297 7.628
7821.68 3.981 25.125
7823.48 4.67 58.461
7825.284 4.6 59.127
7827.084 5.641 24.737
7828.884 4.431 8.038
7830.69 4.742 6.277
7832.491 4.59 6.664
7834.297 3.369 6.153
7836.1 5.052 6.163
7837.907 3.784 6.103
7839.71 4.306 5.831
7841.513 4.464 10.872
7843.321 5.193 23.674
7845.126 3.21 23.55
7846.935 5.437 11.016
7848.74 4.902 6.201
7850.55 4.179 10.91
7852.356 4.186 20.434
7854.167 4.396 47.181
7855.974 4.664 74.948
7857.781 4.78 56.749
7859.593 4.142 26.173
7861.401 4.022 28.677
7863.214 4.816 38.334
7865.023 4.357 27.564
7866.836 4.95 11.734
7868.646 2.952 13.303
7870.456 4.797 24.045
7872.271 6.134 41.254
7874.082 4.523 41.89
7875.898 4.12 21.192
7877.71 5.263 7.085
7879.526 4.695 12.441
7881.339 3.659 22.39
7883.152 5.148 27.686
7884.97 4.116 22.188
7886.784 5.619 13.549
7888.603 4.648 8.708
7890.417 4.774 19.417
7892.237 5.807 36.525
7894.052 3.56 32.412
7895.868 4.65 14.425
7897.689 4.84 6.938
7899.506 4.397 6.091
7901.328 4.174 6.099
7903.145 4.512 5.935
7904.968 4.65 5.84
7906.786 5.2 6.002
7908.605 4.56 5.896
7910.429 4.68 6.064
7912.249 5.444 9.137
7914.073 3.928 42.146
7915.894 0.925 104.525
7917.719 4.332 90.231
7919.541 4.03 29.3
7921.363 4.576 21.297
7923.189 5.854 44.634
7925.012 4.369 41.71
7926.84 4.421 18.033
7928.663 4.525 6.446
7930.491 4.972 8.774
7932.316 4.951 20.423
7934.141 5.719 30.667
7935.97 5.287 23.157
7937.796 4.787 9.732
7939.626 3.714 5.805
7941.453 4.366 5.351
7943.284 4.356 5.429
7945.111 4.378 6.198
7946.939 4.174 7.247
7948.772 4.836 9.8
7950.6 5.818 21.687
7952.434 4.98 28.213
7954.263 3.668 17.244
7956.097 4.863 6.264
7957.928 3.935 5.391
7959.758 5.138 4.778
7961.594 3.924 5.459
7963.425 4.601 8.285
7965.262 5.189 34.05
7967.094 2.74 73.542
7968.931 3.495 61.982
7970.765 6.248 23.947
7972.598 4.076 9.134
7974.437 3.75 6.931
7976.271 4.632 6.006
7978.111 4.488 9.849
7979.946 6.277 20.499
7981.786 4.405 37.109
7983.622 4.606 32.588
7985.459 4.567 12.97
7987.3 5.264 5.651
7989.138 4.641 6.245
7990.98 4.348 6.906
7992.818 6.57 14.108
7994.662 3.864 58.447
7996.501 2.171 87.375
7998.345 3.69 51.654
8000.185 4.517 12.679
8002.025 4.597 6.385
8003.87 4.259 6.139
8005.712 4.824 5.865
8007.558 4.245 5.619
8009.4 4.575 5.202
8011.247 4.339 5.424
8013.09 4.587 6.074
8014.933 5.371 16.895
8016.781 2.544 29.359
8018.626 4.066 22.977
8020.475 3.874 9.155
8022.32 4.786 8.378
8024.17 3.283 9.298
8026.016 5.231 22.527
8027.862 4.951 55.79
8029.713 2.496 58.553
8031.561 4.558 28.07
8033.413 4.138 9.904
8035.261 4.424 7.336
8037.114 4.013 6.266
8038.963 4.034 5.494
8040.812 5.164 5.044
8042.666 4.363 5.327
8044.516 5.444 5.245
8046.371 4.815 5.053
8048.222 5.013 4.859
8050.078 5.624 5.291
8051.93 5.3 8.698
8053.783 5.115 18.64
8055.64 7.021 19.546
8057.493 3.993 11.084
8059.351 4.994 5.53
8061.205 4.665 7.58
8063.064 4.611 20.518
8064.919 5.497 35.643
8066.774 5.196 26.642
8068.634 5.023 10.095
8070.49 4.566 5.389
8072.352 4.76 4.996
8074.209 4.467 5.161
8076.07 5.525 5.356
8077.928 3.737 6.264
8079.787 3.852 6.322
8081.65 4.894 5.933
8083.509 4.72 5.457
8085.373 4.42 5.781
8087.233 4.645 6.498
8089.098 4.371 6.391
8090.959 4.425 5.574
8092.82 4.814 5.442
8094.686 3.956 8.971
8096.549 3.381 12.343
8098.416 5.198 9.776
8100.279 4.57 5.789
8102.147 5.816 6.756
8104.01 6.097 15.107
8105.875 2.967 19.676
8107.744 5.105 11.99
8109.609 4.834 5.909
8111.479 4.62 5.309
8113.345 5.018 5.024
8115.216 3.137 5.464
8117.083 4.209 5.352
8118.95 4.776 4.95
8120.823 4.556 4.944
8122.691 4.132 4.81
8124.564 4.337 4.851
8126.433 3.76 4.923
8128.307 3.829 5.285
8130.177 5.204 5.18
8132.051 4.374 5.136
8133.922 4.082 5.497
8135.793 4.295 5.481
8137.67 4.747 5.659
8139.542 3.993 6.739
8141.419 5.462 9.166
8143.291 5.618 8.352
8145.169 4.288 6.094
8147.043 3.574 6.558
8148.917 3.433 9.619
8150.796 4.83 9.581
8152.672 4.428 6.666
8154.551 4.789 4.95
8156.427 5.305 4.838
8158.308 4.263 4.931
8160.185 3.396 4.971
8162.062 3.416 5.186
8163.944 4.794 4.956
8165.823 4.28 4.519
8167.706 4.82 4.664
8169.585 4.585 4.94
8171.468 4.263 4.856
8173.348 4.102 5.004
8175.229 3.652 5.166
8177.114 4.079 5.187
8178.995 4.831 5.13
8180.881 3.642 5.178
8182.763 4.324 6.023
8184.65 4.37 6.498
8186.533 4.972 6.807
8188.416 4.849 7.167
8190.304 4.567 7.908
8192.188 4.207 7.97
8194.078 3.931 7.366
8195.963 4.351 7.714
8197.853 5.451 8.553
8199.738 4.77 8.23
8201.625 5.316 6.718
8203.516 4.39 6.105
8205.403 4.424 6.236
8207.295 3.722 6.043
8209.184 4.826 6.192
8211.077 4.118 6.177
8212.965 5.008 5.531
8214.855 5.054 4.96
8216.749 4.801 5.264
8218.639 4.891 5.484
8220.535 3.712 5.171
8222.426 4.621 4.736
8224.322 4.711 4.805
8226.214 4.259 5.079
8228.106 4.12 5.072
8230.004 3.485 4.582
8231.897 4.74 4.197
8233.795 3.796 4.517
8235.689 4.015 4.636
8237.589 4.566 4.588
8239.484 4.389 4.436
8241.379 6.05 4.274
8243.279 4.162 5.116
8245.176 4.167 5.684
8247.077 3.694 5.238
8248.974 3.741 5.361
8250.877 4.548 5.341
8252.775 4.493 5.209
8254.673 3.671 4.876
8256.577 4.174 4.758
8258.476 5.1 5.111
8260.381 5.144 4.733
8262.281 4.043 4.365
8264.186 4.328 4.401
8266.087 4.792 4.391
8267.989 4.491 4.489
8269.895 3.946 4.519
8271.798 3.893 4.451
8273.705 4.126 4.604
8275.609 4.083 4.877
8277.517 4.86 5.653
8279.421 4.002 16.058
8281.331 3.92 32.1
8283.236 4.609 51.473
8285.141 3.909 49.208
8287.052 3.777 31.681
8288.958 2.431 38.465
8290.87 2.752 67.8
8292.777 3.365 55.535
8294.689 3.902 20.606
8296.597 3.516 14.512
8298.506 5.081 33.263
8300.42 2.384 70.554
8302.329 3.544 73.634
8304.244 1.862 36.204
8306.154 4.229 9.021
8308.069 3.273 6.717
8309.981 3.987 7.419
8311.892 3.767 18.063
8313.809 3.105 27.525
8315.722 4.166 18.151
8317.639 4.883 6.626
8319.553 4.037 5.619
8321.471 3.527 6.338
8323.385 3.427 5.319
8325.3 4.083 4.597
8327.22 3.98 4.2
8329.136 3.322 3.961
8331.056 4.164 3.933
8332.973 4.021 4.071
8334.894 3.698 4.127
8336.812 4.418 4.441
8338.73 4.249 5.355
8340.653 3.968 6.0
8342.571 4.247 7.951
8344.495 6.069 39.153
8346.415 3.966 144.224
8348.34 1.55 160.229
8350.26 5.812 60.838
8352.181 4.02 17.157
8354.107 5.658 40.162
8356.029 3.997 59.338
8357.956 2.873 35.271
8359.878 2.914 9.478
8361.806 5.012 6.15
8363.73 3.568 8.578
8365.654 5.689 16.282
8367.583 4.579 25.609
8369.508 4.384 18.424
8371.438 3.763 6.328
8373.364 5.103 4.595
8375.295 3.886 4.62
8377.221 4.215 4.852
8379.149 4.047 5.327
8381.081 5.321 8.116
8383.009 3.457 24.243
8384.942 2.601 43.941
8386.871 3.819 33.352
8388.805 4.577 8.99
8390.735 4.281 5.304
8392.665 4.699 5.355
8394.6 2.532 5.868
8396.532 4.175 5.368
8398.468 4.82 15.687
8400.4 3.444 74.098
8402.337 1.211 124.488
8404.27 2.968 69.794
8406.203 4.195 12.546
8408.142 4.51 4.844
8410.076 3.543 4.737
8412.015 3.583 4.669
8413.95 3.797 6.382
8415.891 4.353 22.536
8417.827 5.244 49.77
8419.763 3.149 40.235
8421.705 3.547 12.729
8423.642 4.082 5.22
8425.585 3.716 5.622
8427.523 4.482 6.608
8429.466 3.898 13.991
8431.406 5.345 84.753
8433.35 -2.067 145.761
8435.29 3.624 85.566
8437.23 3.223 14.842
8439.176 3.547 6.361
8441.118 4.438 4.444
8443.064 4.111 4.193
8445.006 3.454 4.574
8446.954 4.245 4.745
8448.897 4.214 6.117
8450.841 4.267 6.707
8452.789 3.969 17.902
8454.734 4.544 44.341
8456.684 3.615 37.916
8458.629 3.29 12.563
8460.58 3.77 4.707
8462.526 4.325 5.304
8464.473 3.611 10.086
8466.425 2.816 58.765
8468.372 -1.162 110.177
8470.325 6.599 67.633
8472.274 3.895 9.991
8474.227 3.546 5.24
8476.177 3.713 5.889
8478.127 3.404 6.672
8480.082 3.231 5.247
8482.033 3.128 4.091
8483.989 5.162 3.725
8485.94 4.223 3.788
8487.897 4.851 4.019
8489.85 3.866 4.506
8491.803 5.048 4.157
8493.761 5.586 12.095
8495.715 3.932 29.526
8497.674 3.099 28.586
8499.629 4.394 11.454
8501.589 4.126 5.093
8503.545 4.762 6.194
8505.501 3.612 26.899
8507.462 2.447 60.832
8509.419 4.869 47.686
8511.382 2.922 11.932
8513.34 4.1 4.415
8515.303 3.97 4.269
8517.262 4.972 4.126
8519.221 3.559 4.035
8521.186 2.946 4.534
8523.146 3.552 5.389
8525.111 3.57 5.052
8527.073 3.835 4.28
8529.039 3.532 4.253
8531.001 3.037 3.902
8532.964 4.904 3.65
8534.931 5.093 3.913
8536.895 4.437 3.898
8538.863 3.403 7.019
8540.828 3.909 15.804
8542.797 4.869 15.44
8544.762 4.435 6.514
8546.728 4.536 4.039
8548.699 4.215 9.37
8550.666 4.584 24.555
8552.637 5.56 27.305
8554.605 5.816 12.84
8556.578 4.455 5.036
8558.546 3.755 3.813
8560.515 3.521 3.786
8562.489 3.122 4.176
8564.459 4.817 3.643
8566.434 4.328 3.708
8568.404 3.634 4.114
8570.38 4.886 4.076
8572.352 3.753 4.01
8574.324 4.091 4.344
8576.301 3.676 4.756
8578.274 3.901 4.707
8580.252 4.269 4.69
8582.226 4.48 4.516
8584.205 3.781 4.181
8586.18 3.209 4.057
8588.16 3.574 5.494
8590.136 4.057 9.468
8592.112 3.564 10.518
8594.093 1.559 6.305
8596.07 2.824 4.867
8598.052 3.593 9.217
8600.03 4.03 13.628
8602.013 4.854 10.162
8603.992 4.482 4.945
8605.972 3.955 4.137
8607.956 3.362 3.981
8609.936 4.172 3.935
8611.922 3.975 4.113
8613.903 3.7 4.59
8615.889 4.277 5.462
8617.871 5.487 6.348
8619.854 4.528 7.775
8621.842 5.142 9.049
8623.825 2.798 10.71
8625.814 4.93 12.652
8627.798 3.029 14.118
8629.788 6.153 15.193
8631.773 3.613 16.482
8633.759 2.83 16.837
8635.75 0.895 16.247
8637.736 0.907 15.299
8639.728 2.26 13.002
8641.716 3.284 11.229
8643.708 4.281 11.223
8645.697 3.81 9.688
8647.686 3.391 6.493
8649.68 3.785 7.977
8651.67 3.985 13.298
8653.665 4.384 16.982
8655.656 2.558 16.168
8657.652 4.42 16.575
8659.643 5.229 16.137
8661.635 5.081 15.34
8663.633 3.822 16.094
8665.626 4.537 13.051
8667.624 2.604 14.723
8669.618 4.683 13.375
8671.617 4.149 11.717
8673.612 2.986 12.231
8675.607 4.683 9.47
8677.608 4.58 9.622
8679.604 4.09 9.29
8681.606 2.16 7.701
8683.603 3.827 7.822
8685.605 3.368 6.764
8687.604 4.58 5.489
8689.602 4.878 5.453
8691.606 3.259 4.961
8693.605 4.447 4.394
8695.61 3.258 5.107
8697.611 3.007 5.043
8699.616 5.172 4.644
8701.618 2.99 5.899
8703.619 3.611 6.461
8705.626 4.03 5.522
8707.629 4.515 5.353
8709.637 4.216 6.471
8711.641 3.93 6.139
8713.65 4.019 4.828
8715.654 3.159 4.089
8717.659 3.776 3.858
8719.669 4.491 3.879
8721.675 3.47 3.757
8723.687 3.746 3.549
8725.693 3.932 3.685
8727.706 3.872 4.325
8729.713 3.154 4.708
8731.722 4.479 4.058
8733.735 4.071 3.481
8735.744 4.321 3.584
8737.759 4.601 3.707
8739.769 3.665 3.86
8741.784 3.749 4.221
8743.795 3.725 4.272
8745.812 2.908 4.078
8747.824 3.46 4.134
8749.836 5.231 4.335
8751.854 3.487 4.575
8753.867 3.327 4.587
8755.886 3.392 4.028
8757.9 1.949 5.337
8759.919 2.673 17.922
8761.935 1.518 55.857
8763.95 3.084 90.378
8765.971 1.243 68.984
8767.988 10.977 56.018
8770.01 1.065 109.918
8772.027 1.52 100.908
8774.05 5.463 25.789
8776.069 3.513 12.488
8778.088 5.356 49.404
8780.112 7.236 108.7
8782.132 3.764 106.327
8784.157 3.936 39.071
8786.177 1.485 7.756
8788.204 3.697 4.142
8790.225 5.252 5.618
8792.247 4.683 22.668
8794.275 4.818 40.751
8796.298 3.675 26.216
8798.326 3.962 7.263
8800.35 4.636 4.347
8802.38 2.953 4.347
8804.405 4.135 3.865
8806.43 4.153 3.817
8808.461 4.738 3.205
8810.487 4.296 4.025
8812.519 4.282 6.292
8814.546 4.151 6.313
8816.579 4.178 4.504
8818.607 3.568 3.542
8820.636 4.571 3.573
8822.67 5.266 4.08
8824.7 2.798 7.593
8826.735 7.765 46.246
8828.765 3.309 186.831
8830.801 -3.636 238.064
8832.833 2.749 91.608
8834.865 1.579 20.953
8836.902 5.381 40.371
8838.935 1.646 86.5
8840.973 0.319 70.711
8843.007 3.814 19.862
8845.046 3.752 5.585
8847.081 5.591 6.097
8849.116 5.509 8.449
8851.157 3.012 21.467
8853.193 1.896 32.432
8855.234 1.358 18.931
8857.272 3.157 5.941
8859.314 2.182 5.026
8861.352 3.867 4.357
8863.391 3.993 4.811
8865.434 4.898 7.275
8867.474 4.543 16.288
8869.519 1.78 51.394
8871.559 2.507 60.038
8873.605 2.002 23.091
8875.646 3.656 4.547
8877.688 4.013 4.17
8879.735 4.369 3.532
8881.778 4.045 4.146
8883.826 4.227 5.989
8885.87 8.419 37.194
8887.919 6.893 149.563
8889.964 -1.166 167.418
8892.009 0.883 48.305
8894.059 3.967 7.959
8896.105 3.377 5.058
8898.157 3.356 5.332
8900.204 4.438 5.569
8902.256 3.292 7.116
8904.304 8.223 42.278
8906.357 0.306 83.139
8908.406 5.906 47.462
8910.456 3.948 10.848
8912.51 4.092 6.578
8914.561 3.768 5.18
8916.616 4.748 5.345
8918.668 6.683 11.8
8920.724 10.225 96.188
8922.776 2.587 205.176
8924.829 -1.965 124.898
8926.887 6.09 21.416
8928.941 2.292 7.299
8931.0 3.054 7.928
8933.054 4.067 6.744
8935.114 3.293 4.926
8937.17 2.911 4.762
8939.226 3.602 5.275
8941.287 4.769 5.159
8943.344 4.307 14.617
8945.406 6.546 55.213
8947.464 0.071 66.236
8949.528 2.643 22.544
8951.586 3.929 5.406
8953.646 4.432 4.525
8955.71 4.431 4.771
8957.771 5.445 19.403
8959.836 14.991 116.427
8961.897 -4.503 160.57
8963.964 8.744 62.257
8966.026 1.04 9.063
8968.089 2.575 4.717
8970.157 4.094 3.593
8972.22 4.858 5.189
8974.289 5.474 6.382
8976.354 5.378 5.575
8978.424 3.822 4.13
8980.489 3.41 4.367
8982.555 2.073 5.75
8984.627 3.717 6.754
8986.693 4.697 5.19
8988.766 3.947 16.492
8990.834 1.619 48.294
8992.907 2.516 45.434
8994.976 2.346 16.094
8997.045 5.256 6.64
8999.12 2.543 4.888
9001.19 5.506 14.484
9003.266 9.554 73.12
9005.337 3.858 93.824
9007.413 4.513 35.195
9009.486 4.651 5.941
9011.558 2.343 3.923
9013.636 4.058 3.177
9015.71 2.783 2.884
9017.789 3.763 2.866
9019.863 3.125 3.256
9021.943 3.042 4.491
9024.019 4.078 5.484
9026.095 2.826 4.967
9028.176 3.639 4.04
9030.253 3.793 3.9
9032.335 3.352 4.198
9034.413 3.317 4.414
9036.497 4.111 3.76
9038.575 4.594 10.104
9040.655 5.353 24.924
9042.74 3.241 21.671
9044.82 5.0 7.429
9046.905 4.65 4.824
9048.987 4.825 7.084
9051.073 5.831 31.56
9053.156 -0.452 48.967
9055.238 6.728 23.35
9057.326 3.682 5.875
9059.41 5.447 4.213
9061.499 3.212 4.017
9063.584 5.147 3.48
9065.674 4.242 3.828
9067.759 3.666 4.656
9069.85 2.965 5.328
9071.937 2.546 5.688
9074.024 2.029 5.464
9076.116 3.511 4.428
9078.204 3.785 3.184
9080.298 3.814 2.769
9082.386 4.219 3.188
9084.481 3.685 3.333
9086.571 2.701 3.641
9088.661 3.029 3.892
9090.757 3.208 2.88
9092.848 3.041 6.234
9094.945 2.67 12.927
9097.037 4.749 13.044
9099.135 2.524 6.156
9101.228 5.178 3.821
9103.322 4.157 11.208
9105.421 4.672 21.596
9107.516 3.078 18.92
9109.616 3.05 7.155
9111.712 2.88 3.452
9113.813 3.645 3.752
9115.909 3.799 3.217
9118.007 3.928 3.139
9120.109 2.5 2.989
9122.207 4.719 2.654
9124.311 3.829 2.741
9126.41 4.529 2.997
9128.514 3.274 2.809
9130.614 2.555 2.554
9132.715 3.564 2.929
9134.821 2.171 3.172
9136.922 3.15 3.134
9139.029 3.558 3.472
9141.132 4.819 3.768
9143.24 4.103 3.729
9145.343 4.412 3.614
9147.447 3.668 3.599
9149.556 4.773 3.39
9151.661 4.035 4.166
9153.771 3.94 8.376
9155.877 4.013 10.961
9157.989 2.893 7.759
9160.095 5.246 5.491
9162.203 3.421 9.642
9164.315 5.386 13.072
9166.424 3.604 9.328
9168.537 4.217 4.448
9170.647 5.845 3.429
9172.761 5.128 3.53
9174.872 3.529 3.578
9176.982 5.658 3.897
9179.098 3.404 4.045
9181.21 3.87 3.93
9183.327 3.362 3.934
9185.44 2.704 4.049
9187.558 3.476 4.23
